nan nan nan 3.875340086263366624e-02 1.911127228892391811e-02 nan nan nan nan nan nan nan nan nan nan nan nan nan nan nan nan nan nan nan nan nan nan nan
nan nan nan 5.260370366346300841e-03 -5.133067821154924104e-02 -1.077556773986124844e-01 -1.559812290352898673e-03 nan nan nan nan nan nan nan nan nan nan nan nan nan nan nan nan nan nan nan nan nan
nan nan -1.752301549264898353e-02 -5.948236792897241415e-02 3.899513003298854530e-03 -5.562749152633099381e-02 -2.597074561432764078e-02 -1.382403301226455550e-01 nan nan nan nan nan nan nan nan nan nan nan nan nan nan nan nan nan nan nan nan
nan 5.955510624876717007e-03 1.160670001693865291e-02 -8.569812548411359643e-02 1.550842678129845525e-02 -3.099416270948376559e-02 -4.839387981848791709e-02 -2.577419774752757187e-01 -5.127646579873149785e-02 nan nan nan nan nan nan nan nan nan nan nan nan nan nan nan nan nan nan nan
nan -2.720941604924659654e-02 3.837811515563540471e-02 -1.008328109666006486e-02 1.700985212575541194e-02 -7.511921207889668550e-02 -3.173308037527874936e-02 -6.169219484538669696e-04 5.089789803399856136e-03 -7.220102855767855654e-02 nan nan nan nan nan nan nan nan nan nan nan nan nan nan nan nan nan nan
8.721148293494365711e-02 2.427031966969603674e-02 -6.229480821798673296e-03 4.859226291384510787e-02 -4.392965529366082977e-02 -3.340820243812324397e-02 -7.868860155454198216e-03 -1.200447481491213053e-01 -2.378569177140781865e-01 nan nan nan nan nan nan nan nan nan nan nan nan nan nan nan nan nan nan nan
6.428759521997401416e-02 -5.742898033367712859e-03 -1.744500828794469729e-02 4.795077080606721665e-02 -9.780292388851005714e-02 2.050516765017232346e-02 -7.560483935665024413e-02 -2.097957044710435093e-01 -1.384568861967838127e-01 nan nan nan nan nan nan nan nan nan nan nan nan nan nan nan nan nan nan nan
-6.088897460421354921e-03 7.447750579922846059e-02 3.041685420074347057e-02 -8.214636681030684784e-02 3.959921677365117049e-02 -3.540865804864298805e-02 -1.147370176064627968e-02 -2.719288005461441560e-01 -1.001475974619168707e-01 nan nan nan nan nan nan nan nan nan nan nan nan nan nan nan nan nan nan nan
nan 7.726508030920146985e-02 3.435457200307674708e-02 -5.243078809797608458e-02 -7.208873967454690335e-03 7.635779008301446860e-03 -9.893292461771283075e-02 -2.748253346717192680e-01 -2.234497603108866193e-02 -1.278067237438833825e-01 nan nan nan nan nan nan nan nan nan nan nan nan nan nan nan nan nan nan
nan 3.302591865052557918e-02 1.407791384683034462e-02 -1.976109980054031184e-02 -8.315970093842758870e-02 -2.426107320853646693e-02 -6.663078167635101690e-02 -9.916345211331845100e-02 -8.765449053069646057e-02 8.579787745589404629e-03 nan nan nan nan nan nan nan nan nan nan nan nan nan nan nan nan nan nan
nan 5.643495309523310910e-02 4.029295056874665146e-03 -2.734074483402999800e-02 -8.845948430028130471e-03 -2.313390041663911795e-02 -2.738249552787825475e-02 -1.497274026249585943e-01 1.223733223309052438e-02 -1.527967185191604627e-02 nan nan nan nan nan nan nan nan nan nan nan nan nan nan nan nan nan nan
nan nan -5.857337523389044565e-02 2.208225449386074998e-02 -6.111096883834532534e-02 1.685925681276136644e-03 6.800941410093094830e-02 -6.496889311394478395e-02 2.793647512816681278e-02 -5.931022459328230689e-02 nan nan nan nan nan nan nan nan nan nan nan nan nan nan nan nan nan nan
nan nan -5.503797261709612171e-02 2.155915213896927168e-02 3.608710612331064715e-02 nan 7.216366125546691546e-02 -7.676373333630442941e-02 -7.001825625653060325e-02 -1.368704842009342004e-01 nan nan nan nan nan nan nan nan nan nan nan nan nan nan nan nan nan nan
nan nan nan nan nan nan 4.913150435056763687e-02 7.432115755906212873e-02 -9.787597361895584991e-02 -6.615554466464214529e-03 nan nan -6.982881397661783521e-03 nan nan nan nan nan nan nan nan nan nan nan nan nan nan nan
nan nan nan nan nan 7.782099106057221993e-02 1.227691839007373151e-02 3.033542685504301423e-02 -5.538920441434477815e-02 -2.081407550071174423e-02 nan nan nan nan nan nan nan nan nan nan nan nan nan nan nan nan nan nan
nan nan nan nan nan 6.508452995686145326e-02 3.285579653282816141e-03 -1.825169761591641064e-03 1.954091901498457295e-02 -5.375895967123940633e-02 -3.462668793915021914e-02 nan nan nan nan nan nan nan nan nan nan nan nan nan nan nan nan nan
nan nan nan nan nan 4.846791777152841679e-02 -2.930567265561744711e-03 -1.427949081851122206e-03 1.040897111461558389e-02 -8.910341575863148234e-02 -3.734112832995673675e-02 -7.939850012839996460e-03 nan -2.789108110213143078e-03 nan nan nan nan nan nan nan nan nan nan nan nan nan nan
nan nan nan nan nan 2.001376496901532270e-02 8.961204446039967506e-03 2.207630810998830601e-02 2.445929292511832276e-02 4.204906492577799304e-03 6.839283129046169751e-02 -6.479447867900214875e-02 -1.995277705863682596e-02 -4.644803277471329199e-03 -3.743626963115765423e-03 nan nan nan nan nan nan nan nan nan nan nan nan nan
nan nan nan nan nan 1.134247637864471692e-01 4.561331464500379199e-03 2.336387409644428287e-02 -2.785369993807568570e-03 1.512260251638424847e-02 1.036414554462901892e-02 -2.150698968791242560e-02 -8.060914415389192067e-02 -5.244275468057700562e-02 1.167490077749854319e-02 3.535559884687843567e-03 -1.398978048668199185e-02 nan nan nan nan nan nan nan nan nan nan nan
nan nan nan nan nan nan -6.986817478456504651e-04 1.721570433355842922e-02 -9.058321231225763617e-03 -2.999886554853113674e-02 -1.778766212535635993e-02 -2.597221417279678424e-02 -1.693201007324336314e-03 -4.848601133025781662e-02 -6.929102793472344257e-02 1.400906300631307895e-02 -1.479786169400820056e-02 -2.602646247182284836e-02 nan nan nan nan nan nan nan nan nan nan
nan nan nan nan nan nan nan -6.824807480053549438e-03 -1.569696322508659300e-02 -6.663783295313609016e-03 -3.436654721801788836e-03 -1.413280351579569195e-02 2.452212347025758271e-02 5.233633363215364591e-03 -5.660668801839370545e-02 -7.220354876880448469e-02 -6.640304983397606487e-04 -3.865299483746381659e-02 -2.344472854504043441e-02 nan nan nan nan nan nan nan nan nan
nan nan nan nan nan nan nan -2.724068753322862052e-02 -2.274467952010501490e-02 -7.131875119126492718e-03 -5.591734125725314822e-03 -1.281598732952182046e-02 4.167150189949973826e-02 8.606996587717850519e-03 -2.698106457788379195e-02 -8.886860350744107961e-02 -4.624806093149792796e-02 -2.778736361097731283e-02 -1.004486003381010334e-04 -3.509140227523014494e-02 -1.134681515518016007e-02 1.017855330559884128e-02 nan nan nan nan nan nan
nan nan nan nan nan nan nan nan -1.030400650165986046e-02 -1.361428698730436995e-02 8.808689088060314004e-03 2.687235846911502357e-02 9.129198600329452642e-03 3.931892345976779890e-02 -5.061811131652996926e-03 -3.491710636686601310e-02 -1.166696831210934648e-01 -9.494580581388778126e-03 -4.137658836575860977e-02 -4.825085501652817688e-02 -1.913627059564862454e-02 -1.704974571551923571e-02 -8.411123717964834453e-04 nan nan nan nan nan
nan nan nan nan nan nan nan nan nan -5.098823001978103168e-04 2.966647788524830881e-02 3.530081091267179422e-02 1.276756547852673021e-02 1.942679869721436817e-02 -2.960543992064617116e-02 -2.465589916398324213e-03 -8.888062954582603981e-02 -7.998604494835190315e-02 3.148663294087888920e-02 -7.941121785701721336e-02 -3.043820960419401853e-02 -1.075638420033892158e-02 1.614004675153297638e-02 9.864689977970639637e-03 nan nan nan nan
nan nan nan nan nan nan nan nan nan nan 2.992458209586469631e-03 4.316189585110519200e-02 1.325635881354643789e-02 2.395237985636954406e-02 -1.387329145470257361e-02 5.799633645112135805e-03 -4.134802840444374433e-02 -1.050714947348354578e-01 -4.382474054352175630e-02 -3.266355264781292678e-02 -2.842399103398388083e-02 1.240109754854628872e-04 1.585341715464622450e-02 2.620501332689120083e-02 -1.528980331004044756e-02 -3.120701006658424710e-03 nan nan
nan nan nan nan nan nan nan nan nan nan nan nan 2.757978303033821466e-02 6.176044655066445857e-03 1.651516159834457570e-02 -2.848129658554752336e-02 -1.644214478637446436e-02 3.817521684896407752e-03 -2.080352491572573514e-02 -2.611786841085114719e-02 -5.647561003185169737e-02 -7.784390045554537285e-02 -3.524268398350266941e-04 3.281853654020069205e-02 -1.804335624337698868e-02 -1.601568482197339785e-02 nan nan
nan nan nan nan nan nan nan nan nan nan nan nan nan 9.517596672633910071e-03 1.456480382526891340e-02 -1.065379710989345849e-02 -2.087558856667510315e-02 -5.506953358222289874e-02 4.397603340945648726e-02 -5.587927612470343364e-02 -1.355300988866480760e-01 -3.831534066818990253e-02 -3.540297944479066372e-02 -2.106057209847358308e-02 -4.357419013642829103e-02 -2.448309993986714367e-02 nan nan
nan nan nan nan nan nan nan nan nan nan nan nan nan nan nan -1.138774252259438374e-02 -2.066924613263711880e-02 -1.761009139379116420e-02 -2.542435337657876493e-02 -2.396953393530029675e-02 1.450499315626124601e-02 -4.328741901734347447e-02 -2.911346364625291838e-02 1.458729286116422670e-02 -7.062554735303845643e-02 -4.988721498337395088e-02 nan nan
nan nan nan nan nan nan nan nan nan nan nan nan nan nan nan nan nan -1.705691282162639932e-02 4.647152313206598558e-03 -2.300377804598721307e-02 -6.203910275523311091e-02 2.779319226798991627e-02 9.531410222675680555e-02 9.583812798063096050e-02 -7.613919251119966036e-02 -4.466545422733918941e-02 3.236626500032249026e-02 nan
nan nan nan nan nan nan nan nan nan nan nan nan nan nan nan nan nan nan nan nan 2.802531225484596739e-02 nan nan -3.998140866783509578e-02 4.729561350626090843e-02 -2.804074356060819173e-02 nan nan
