nan nan nan -2.785105055450946485e-02 3.561400354987570571e-02 nan nan nan nan nan nan nan nan nan nan nan nan nan nan nan nan nan nan nan nan nan nan nan
nan nan nan 1.897879099995631452e-02 1.338490555892930117e-02 -6.261482283753325162e-02 4.684966602835280436e-03 nan nan nan nan nan nan nan nan nan nan nan nan nan nan nan nan nan nan nan nan nan
nan nan 3.627788737138681191e-02 6.872422178660353431e-02 -1.928384489646112199e-02 -4.881906726934816254e-02 -4.923030808233845590e-02 -1.394223118953161755e-01 nan nan nan nan nan nan nan nan nan nan nan nan nan nan nan nan nan nan nan nan
nan -5.723155828472943629e-03 -2.788612489088032609e-02 -8.319334261483041226e-02 4.571225794253901131e-02 -1.763925849176966459e-02 -5.702085619305150010e-02 -7.895329505349850396e-02 -8.290109269553942728e-02 nan nan nan nan nan nan nan nan nan nan nan nan nan nan nan nan nan nan nan
nan -2.861733718982988409e-02 -7.973037623983233665e-03 -1.332232776221504815e-02 -3.806687725741626782e-02 -4.688204947633948377e-02 -6.875558811516199742e-02 -2.683598021381752852e-02 2.127948421487722494e-03 -8.655309232425681398e-02 nan nan nan nan nan nan nan nan nan nan nan nan nan nan nan nan nan nan
7.987004443907440299e-02 -2.520193820705979651e-02 6.368985315255015420e-03 5.096018004125659612e-02 -7.275436938527171660e-02 3.030234581569168570e-02 -3.337559774141182767e-02 -1.136466100557078363e-01 -1.357264125623369178e-01 nan nan nan nan nan nan nan nan nan nan nan nan nan nan nan nan nan nan nan
4.995104906152712798e-02 2.240963869873485032e-02 -4.777226024226210316e-02 2.576394704313539688e-02 1.522735192536395915e-02 -5.065184500700772863e-02 -4.880738263822678724e-02 -1.891601219022354397e-01 -6.890093304914880756e-02 nan nan nan nan nan nan nan nan nan nan nan nan nan nan nan nan nan nan nan
-1.747061800750606200e-02 1.731203546027250059e-02 4.893431204745794794e-02 -3.366656818296141773e-02 1.202772302983309838e-02 -5.278733284343690817e-03 -4.530537331049747096e-02 -2.234879470915766553e-01 -3.172893888696001752e-02 nan nan nan nan nan nan nan nan nan nan nan nan nan nan nan nan nan nan nan
nan 3.822281316278176161e-02 -9.635364333706635670e-03 4.738813282019331205e-03 6.613286515431344645e-03 -8.988898058830267421e-03 -1.156222558291358504e-01 -1.716240022035418200e-01 -3.401684844322011569e-02 -1.645505756399883446e-01 nan nan nan nan nan nan nan nan nan nan nan nan nan nan nan nan nan nan
nan -9.892141286461158742e-04 3.192710632503838880e-02 -5.099810409997126287e-02 -7.509628789164099483e-02 -2.364631253574990891e-02 -9.888046885087441173e-02 -1.080243951220181270e-02 -4.403007694026082885e-02 -3.392225942458754195e-02 nan nan nan nan nan nan nan nan nan nan nan nan nan nan nan nan nan nan
nan -3.125836984535328156e-02 1.799604056089152554e-02 -2.456833098754634091e-03 -5.074959498983674239e-03 -2.343305301270737911e-02 -9.998394502993966648e-03 -2.854125234378748072e-02 3.023500677844718869e-03 -9.085062608073060653e-02 nan nan nan nan nan nan nan nan nan nan nan nan nan nan nan nan nan nan
nan nan -1.463024439447230957e-02 -1.479670082840096879e-02 -4.607249348862688110e-02 1.937926061439872172e-02 4.672809777200419290e-02 -4.442001060525435641e-02 -1.829432815309075394e-02 -1.014449447427392403e-01 nan nan nan nan nan nan nan nan nan nan nan nan nan nan nan nan nan nan
nan nan -2.061107625658245568e-02 -1.764806664598330896e-02 5.693518091249229890e-02 nan 2.049013366771299666e-02 -1.175421920294781875e-01 -7.845910138613806928e-02 -1.114744358853028416e-01 nan nan nan nan nan nan nan nan nan nan nan nan nan nan nan nan nan nan
nan nan nan nan nan nan 5.574153928064692204e-02 1.338610344129768058e-02 -9.012788292262577383e-02 9.514583747813648573e-02 nan nan 6.726327754440809999e-03 nan nan nan nan nan nan nan nan nan nan nan nan nan nan nan
nan nan nan nan nan 7.500721896940251709e-02 3.303999206106762038e-02 8.992637182252750591e-03 -6.539658913145601771e-02 -1.041620712783867392e-02 nan nan nan nan nan nan nan nan nan nan nan nan nan nan nan nan nan nan
nan nan nan nan nan 7.313720817064955915e-02 1.351820821230147358e-02 -5.030309003880237273e-02 -4.374215999613210656e-03 -3.839099417180792673e-02 -2.098862276031586427e-02 nan nan nan nan nan nan nan nan nan nan nan nan nan nan nan nan nan
nan nan nan nan nan 4.064685967348251328e-02 3.255967321646978385e-02 -2.623213590149932502e-03 2.237829841855333568e-02 -1.222990903310361976e-01 -4.053314675596547158e-03 2.223078844943698548e-02 nan -2.666969762802065894e-02 nan nan nan nan nan nan nan nan nan nan nan nan nan nan
nan nan nan nan nan 2.540177322054914741e-02 -8.235492309433896548e-04 9.348635898826581844e-03 5.734999225615811796e-03 -8.852507804765883184e-03 4.220328878022587549e-02 -4.131218968945650494e-02 -1.696687416095796208e-02 -1.131888700149077552e-03 -3.314047193893528056e-03 nan nan nan nan nan nan nan nan nan nan nan nan nan
nan nan nan nan nan 1.029442019589782431e-01 -7.097844063348339450e-03 1.113811654155108868e-02 4.428948620208328531e-03 3.500317820789860396e-02 -3.864954813893789476e-03 1.420350924390573026e-02 -1.071157297075774617e-01 -4.434463234924121422e-02 1.720819141488837828e-02 -4.981843758863143887e-03 -6.022987661504396878e-03 nan nan nan nan nan nan nan nan nan nan nan
nan nan nan nan nan nan -1.073376350270452070e-02 9.044738754413892551e-03 2.620100292185025947e-03 -5.452221336204626789e-03 -2.843706534425725907e-02 -2.172297371121603357e-02 -7.140833641818208899e-02 -6.316615059631934537e-02 -4.793748186762431668e-02 3.408636983063027294e-03 -1.424539698799238974e-02 -1.490586693327863865e-02 nan nan nan nan nan nan nan nan nan nan
nan nan nan nan nan nan nan 5.641902032071348036e-03 -4.657894512177876596e-03 -3.510653298031580615e-03 1.588767759945592826e-03 -1.461263126666166243e-02 -2.899354364011784077e-02 2.338446013280012087e-02 -3.342882587684718743e-02 -6.885137027366058926e-02 -5.572604302317300633e-03 -3.347693690641322106e-02 -1.675066195683373033e-02 nan nan nan nan nan nan nan nan nan
nan nan nan nan nan nan nan 4.975601280910155882e-03 -2.050034560944526824e-02 -8.483934415671724738e-03 -2.992406877380331121e-03 1.880612459658668155e-03 -2.286852798148732158e-02 4.485313005286167831e-02 -1.818511437598107142e-02 -9.883115047959628585e-02 -3.753203538360663782e-02 -2.958204460250278556e-02 1.229131200826285089e-02 -2.244202910801625442e-02 -2.636838256973031425e-02 -1.820523000279214085e-02 nan nan nan nan nan nan
nan nan nan nan nan nan nan nan -9.389833569116006265e-03 -4.635334577554097932e-03 1.869692641158635354e-03 1.200206141842922666e-02 -4.148133997582136717e-03 7.460864409579078330e-03 -1.733463212860479434e-03 -2.816168649624848502e-02 -6.899636390532858099e-02 -2.190460471288951244e-02 -5.215381192614744477e-02 -2.983105864521525680e-02 -1.765640311457200573e-02 -9.525001960046224764e-03 7.700684846863864799e-03 8.248459954492019797e-03 nan nan nan nan
nan nan nan nan nan nan nan nan nan 1.258686504111500987e-02 3.147083703059454229e-02 9.076706280777202193e-03 3.249586717106381709e-03 1.115598342476396831e-02 -2.998141234538779371e-02 -2.819561602021235236e-02 -2.030397939984808151e-02 -1.056912233957617575e-01 1.255864437386041733e-02 -5.701557088418816865e-02 -3.149073972441900765e-02 -2.404555416453168365e-02 1.538767451044636622e-02 3.146440423409301718e-02 nan 1.101265894361801861e-02 nan nan
nan nan nan nan nan nan nan nan nan nan 6.647985554547644615e-02 2.162785435733455275e-02 6.775822954068106557e-03 1.345093786257662780e-02 -2.142751647531302567e-02 1.966831378541291503e-02 -2.181072321867690011e-02 -4.887860754305711763e-02 -8.008222811190834900e-02 -1.995477684025065424e-02 -5.312099800811628109e-02 1.764178824424872914e-03 1.495778354325203417e-02 3.348307173285736127e-02 1.060857262441786521e-03 1.253987517499677469e-02 nan nan
nan nan nan nan nan nan nan nan nan nan nan nan 1.364638397050717267e-02 1.179767456416114073e-03 1.697363270283880343e-02 -3.614428555818861855e-02 -1.544172975277930543e-02 2.388121437888444595e-02 -8.261577363093550175e-02 -1.469943899766928616e-02 -1.034352821801647893e-01 -2.346214088698643507e-02 2.534904590372581701e-03 5.375652471795978882e-02 -4.630485993308582245e-03 -1.605513768252930795e-02 nan nan
nan nan nan nan nan nan nan nan nan nan nan nan nan -1.370724046969151039e-03 -4.600954614982819858e-03 -1.190399528060294074e-02 6.665221612901307650e-03 -1.178602249885289666e-01 1.322987328980853861e-01 -4.848574472758592629e-02 -1.337389007738220004e-01 6.959903645266848557e-03 -2.774728785631031328e-03 -2.111277531923376471e-02 -3.462993385907914973e-02 -1.892719358106707828e-02 nan nan
nan nan nan nan nan nan nan nan nan nan nan nan nan nan nan -1.645313317748341164e-02 -3.955351108407630101e-02 -2.596572160105755506e-02 6.863084119352099582e-04 -7.734425858893298478e-02 3.963401332572445701e-02 -2.784568794156278698e-02 3.040740938352173850e-02 -2.118515617876687990e-02 -4.706263573130164968e-02 -4.862056790440633103e-02 nan nan
nan nan nan nan nan nan nan nan nan nan nan nan nan nan nan nan nan -2.145723599071960863e-02 2.165445953722418271e-02 2.596424332395650889e-03 -1.384725331469746808e-02 1.397348692498525530e-02 4.697221280136258670e-02 2.264984182384433345e-02 -2.699661186839091148e-02 -2.399576568417693956e-02 3.349113853401904095e-02 nan
nan nan nan nan nan nan nan nan nan nan nan nan nan nan nan nan nan nan nan nan 1.713103756745244441e-02 nan nan -4.434528126895466438e-02 -1.767469413433754577e-02 -6.566854917037125497e-03 nan nan
