nan nan nan 3.764547944890168224e-02 -4.974537443307399526e-02 nan nan nan nan nan nan nan nan nan nan nan nan nan nan nan nan nan nan nan nan nan nan nan
nan nan nan 2.305503686494861371e-02 -3.517094090693761305e-02 -4.390617399775914587e-02 -1.120607747849514287e-02 nan nan nan nan nan nan nan nan nan nan nan nan nan nan nan nan nan nan nan nan nan
nan nan 5.407731213941278231e-02 -5.960095383149780629e-02 -2.024091767186669485e-02 -3.776107528317895062e-02 -3.562502003949221535e-02 -1.373056914632189429e-01 nan nan nan nan nan nan nan nan nan nan nan nan nan nan nan nan nan nan nan nan
nan -3.881255221557778495e-02 6.701500858098174973e-02 8.301887584254754584e-04 -7.751501736308664958e-02 7.956046577015979740e-03 -7.228319731488337674e-02 -9.607797610702378810e-02 -5.675791989121165004e-02 nan nan nan nan nan nan nan nan nan nan nan nan nan nan nan nan nan nan nan
nan -2.704233532377663465e-02 -2.213439587313494397e-02 -2.157296289151755878e-02 2.387649368228572655e-02 -3.263105985887347626e-02 -5.565383697982575345e-02 -2.146829053488237202e-02 -5.446089338137886926e-04 -8.941041956966362669e-02 nan nan nan nan nan nan nan nan nan nan nan nan nan nan nan nan nan nan
1.306366043077582424e-02 2.175921322688998891e-02 -1.965706727812848928e-02 4.360022606594180644e-02 -1.380485165770249135e-02 -7.923744176649797364e-04 -1.797312182676905068e-02 -9.756162513119233382e-02 -1.340488271159649969e-01 nan nan nan nan nan nan nan nan nan nan nan nan nan nan nan nan nan nan nan
6.068740489938787702e-02 4.306174451258259345e-02 7.747074401134917965e-02 1.354767307981533065e-03 -6.146932712194217580e-02 4.298483337516754293e-02 -7.369639285392724781e-02 -1.774794618271674229e-01 -5.781332955777245680e-02 nan nan nan nan nan nan nan nan nan nan nan nan nan nan nan nan nan nan nan
-3.590041835161236761e-02 4.901211827286119233e-02 -3.931720098711905670e-02 -4.381366902225824339e-02 -5.581443744570602911e-02 -3.121181584162027733e-02 -3.692219735813526138e-02 -1.810383913067743211e-01 -2.818669129668665337e-03 nan nan nan nan nan nan nan nan nan nan nan nan nan nan nan nan nan nan nan
nan 3.991855944593491329e-02 -1.641595830530518177e-02 1.649997471519834905e-02 1.229371433540712988e-02 -2.897061972597401655e-02 -1.347897146352337316e-01 -1.733328475769089494e-01 9.063074850983213540e-03 -1.796523126292558781e-01 nan nan nan nan nan nan nan nan nan nan nan nan nan nan nan nan nan nan
nan 1.073030650346427743e-02 8.908315828060552402e-03 -4.179725020578242689e-03 -6.778275650321051449e-02 -2.812962471361689278e-03 -9.089191416851562233e-02 -1.184495178706768820e-03 1.437246909501343518e-02 -4.393282481805763778e-02 nan nan nan nan nan nan nan nan nan nan nan nan nan nan nan nan nan nan
nan 4.069927956177307043e-02 1.060319589166474653e-02 -1.534677958645903201e-02 -1.167726382401684110e-02 9.273260162573314369e-04 1.222501561340007259e-02 -1.117745564725249226e-02 -2.232154053134951729e-02 -9.468649429621885105e-02 nan nan nan nan nan nan nan nan nan nan nan nan nan nan nan nan nan nan
nan nan -2.377256338763875359e-03 -3.952290101250988293e-03 -4.180493982655341528e-02 -1.219633857829728390e-03 1.275041696363925225e-02 -1.643078952330919232e-02 -8.302680492924525632e-03 -1.300127764039466227e-01 nan nan nan nan nan nan nan nan nan nan nan nan nan nan nan nan nan nan
nan nan -1.107329253310104789e-02 -1.055225245109584799e-02 -9.032203893788772961e-03 nan 3.895413000810469401e-02 -8.425088572273937981e-02 -2.500764398140538705e-02 -1.507447369200184129e-01 nan nan nan nan nan nan nan nan nan nan nan nan nan nan nan nan nan nan
nan nan nan nan nan nan 9.557849561414816231e-02 3.727044917197367552e-02 -6.124758894702295869e-02 2.324034317189702450e-02 nan nan -1.259624537080097396e-02 nan nan nan nan nan nan nan nan nan nan nan nan nan nan nan
nan nan nan nan nan 8.361767086589662334e-02 5.535656437758840198e-02 9.232777565516755991e-03 -5.610208193667185622e-02 -2.430212599561062947e-02 nan nan nan nan nan nan nan nan nan nan nan nan nan nan nan nan nan nan
nan nan nan nan nan 7.183978355768050328e-02 2.064721866165111427e-02 -2.830400110124391480e-02 3.490093297047948406e-03 -3.019201410224331070e-02 -1.464133788992577623e-02 nan nan nan nan nan nan nan nan nan nan nan nan nan nan nan nan nan
nan nan nan nan nan 3.931515575484715447e-02 2.648231309012821777e-02 -9.160872657630337798e-03 -1.201730349113342214e-03 -8.195960958374091943e-02 -2.803304930390805236e-02 -1.654642985586290277e-02 nan -4.674208294720664549e-03 nan nan nan nan nan nan nan nan nan nan nan nan nan nan
nan nan nan nan nan 2.437609250854088153e-02 2.112458798626674992e-03 -1.703803445316789131e-03 1.303018938496509384e-02 1.268963904777202500e-02 3.387644930699494628e-02 -4.761918767088063609e-02 -1.947683312072042913e-02 2.594478673331401808e-03 -4.130954501334964911e-03 nan nan nan nan nan nan nan nan nan nan nan nan nan
nan nan nan nan nan 1.056833242421916924e-01 -5.397833058173876625e-03 3.713842105557722470e-03 3.843353529827508996e-03 2.546488194969760352e-02 4.117357372537968664e-03 -8.307485823177746323e-03 -6.824708137945910413e-02 -4.754134384563535320e-02 1.253696523519966070e-02 2.393665111182434902e-03 -9.883563124047997292e-03 nan nan nan nan nan nan nan nan nan nan nan
nan nan nan nan nan nan -7.992154366589404244e-03 1.088003740040242341e-02 -2.793406484662945641e-03 -8.334265343904022003e-03 -4.615561227129911896e-03 -2.312082422609117519e-02 -2.797061925990109235e-02 -5.752892935317534956e-02 -6.325931916203364480e-02 4.228357646788533618e-03 -1.759950577123144122e-02 -1.775052872349090066e-02 nan nan nan nan nan nan nan nan nan nan
nan nan nan nan nan nan nan 2.697259535689140644e-03 -7.311058670289197897e-03 5.309599711952352023e-03 1.133315022584703048e-02 -6.035737168978708850e-03 -1.072141117379231921e-02 9.745801595373887460e-03 -4.305919545074862048e-02 -6.361760802146992910e-02 -1.030556352378893779e-02 -3.282585605233865472e-02 -1.984198599445674213e-02 nan nan nan nan nan nan nan nan nan
nan nan nan nan nan nan nan -5.106472845235466608e-03 -1.888752998141469616e-02 4.574158114603528100e-03 7.361336742037788428e-03 7.273445512803226876e-03 -9.183078075580071616e-04 7.033756319551481145e-03 -2.857150543413718158e-02 -5.684487522868076487e-02 -5.128772933541594914e-02 -2.616570573872846819e-02 5.304171721888406577e-03 -3.247082419508232759e-02 -1.575375160881889447e-02 -1.014170339307283140e-02 nan nan nan nan nan nan
nan nan nan nan nan nan nan nan 9.932168937301360124e-04 -2.271290416248729956e-03 -4.026641291134907923e-03 1.902286413709642840e-02 1.449609243627342182e-03 2.432646752200162688e-02 7.060854026332768520e-03 -2.005587758912472790e-02 -1.184617074631594685e-01 -1.671543392841160977e-02 -3.414942083070337392e-02 -3.864699157639863575e-02 -2.023140843392125243e-02 -1.292428892291592156e-02 -8.973556522237620056e-03 -3.331150134705306975e-03 nan nan nan nan
nan nan nan nan nan nan nan nan nan 4.953400603030782591e-03 4.320950539777203975e-02 1.571421457711136629e-02 1.302593789913557287e-02 2.153220538836062362e-02 -3.707868558360078587e-02 -3.036731100362593735e-02 -5.874370884692588918e-02 -8.340556379036079271e-02 2.440637060303554526e-02 -6.824283212419485212e-02 -3.036728977300295895e-02 -1.641582221363785746e-02 4.420269650390144518e-04 1.827940053292857053e-02 nan nan nan nan
nan nan nan nan nan nan nan nan nan nan 6.564561526692569426e-02 3.049812620469164945e-02 8.643872798820987149e-03 2.870488090356084279e-02 -2.153043640512190045e-03 -3.932012240952000026e-02 -4.419268555849693164e-03 -8.414158069332987322e-02 -5.861826902834094133e-02 -2.194103259946444950e-02 -2.887471665809074328e-02 -1.794039076925780726e-03 1.461496196984839353e-02 2.309049415158752686e-02 1.469784467475527927e-03 4.019058462889024685e-03 nan nan
nan nan nan nan nan nan nan nan nan nan nan nan 3.061895369116386309e-02 1.524812551713281179e-02 1.051980251244984121e-02 -3.420644168008211278e-02 1.839358238894805639e-02 -3.178817075974694345e-02 -2.476827216848414073e-02 -2.936679985038459853e-02 -3.821293750664681715e-02 -5.572102823709048497e-02 -1.791376541682562426e-04 5.083583586680246597e-02 -6.264657272125134790e-03 -1.303483528882196617e-02 nan nan
nan nan nan nan nan nan nan nan nan nan nan nan nan 1.858220231336723052e-02 -2.447399234720609110e-03 -1.592436794831695798e-02 -7.461777908940270439e-03 1.356958388882154032e-02 -1.499390496600164907e-02 -6.100159831194475885e-02 -1.465171266728165778e-01 2.906144423187410550e-02 2.465207327089463663e-03 -2.145520571133656754e-02 -3.024065333058161345e-02 -1.860979862978777780e-02 nan nan
nan nan nan nan nan nan nan nan nan nan nan nan nan nan nan -1.463492647125522704e-02 -3.591636454713770243e-02 -2.922034781459210973e-02 -1.797857297503721238e-02 -2.882775822199673543e-02 7.822964629172585518e-03 -2.925588714597610052e-02 1.471572161859181771e-02 -5.216451293928386392e-03 -4.682013288285819669e-02 -4.789203224958221011e-02 nan nan
nan nan nan nan nan nan nan nan nan nan nan nan nan nan nan nan nan 3.021092109752799779e-02 1.025848902703500876e-02 2.345392593948458435e-02 -2.329628834830116055e-02 5.906195970057371604e-03 6.447497087085411749e-02 8.212397302711048688e-03 -1.185665341936176231e-02 -2.206987040677593423e-02 2.575562869348417203e-02 nan
nan nan nan nan nan nan nan nan nan nan nan nan nan nan nan nan nan nan nan nan 1.167867157279616104e-02 nan nan -2.319523865075677135e-02 -4.796919929369494046e-02 1.822338493603132409e-02 nan nan
