nan nan nan -1.214369723114073173e-02 -2.320515757122020017e-02 nan nan nan nan nan nan nan nan nan nan nan nan nan nan nan nan nan nan nan nan nan nan nan
nan nan nan 2.651983161177316403e-02 -7.767999173292630677e-02 -4.695530789614597161e-02 -1.264350744744343474e-02 nan nan nan nan nan nan nan nan nan nan nan nan nan nan nan nan nan nan nan nan nan
nan nan -7.931972102552815873e-02 7.935392332360789724e-02 -2.322471688044528901e-02 -1.097930685578191179e-02 -6.172037354302839507e-02 -1.477614812804889655e-01 nan nan nan nan nan nan nan nan nan nan nan nan nan nan nan nan nan nan nan nan
nan -1.814647147587225172e-03 6.509211756807457838e-02 -2.349866552687233587e-02 -1.260754491539504973e-02 -2.519532112578055580e-02 -9.003124626253132534e-02 -1.362407577049332130e-01 -6.970354513224800985e-02 nan nan nan nan nan nan nan nan nan nan nan nan nan nan nan nan nan nan nan
nan 4.353329515652504256e-02 -1.883095767950572486e-03 7.061128051597692114e-03 9.986131355195813908e-02 -7.111306077764492639e-02 -6.663426372728604996e-02 -2.817605633569823798e-02 2.110858763103501401e-02 -7.468974779810215459e-02 nan nan nan nan nan nan nan nan nan nan nan nan nan nan nan nan nan nan
4.929733062845045172e-02 2.206248998435825573e-02 2.896648254670991171e-02 1.986025353764714688e-02 -3.784494855578543482e-02 -2.842139090012579025e-03 -4.108196889347182079e-02 -7.846097625547644727e-02 -1.949066897640094886e-01 nan nan nan nan nan nan nan nan nan nan nan nan nan nan nan nan nan nan nan
3.009082345057894139e-02 2.449341985431282079e-02 -2.907918257886080507e-02 2.283962415932188836e-02 -1.100866626788604002e-02 3.642433692911195564e-02 -8.549432105680361549e-02 -2.094229481935514503e-01 -7.115022531488079949e-02 nan nan nan nan nan nan nan nan nan nan nan nan nan nan nan nan nan nan nan
-5.091943717240101502e-02 6.868630780711813821e-02 1.941238113631297765e-02 -3.916323834208110949e-02 7.011129717462046863e-03 -3.286016931352674780e-02 -9.611855803473896842e-02 -1.793909337593334319e-01 -3.444166304847055132e-02 nan nan nan nan nan nan nan nan nan nan nan nan nan nan nan nan nan nan nan
nan 2.553188770953600598e-02 -2.127146762945131882e-03 1.588473420141972017e-04 -2.180289347540401157e-02 -2.041160349170842783e-02 -1.586375447344547107e-01 -1.472664807968375733e-01 -5.986759848279795543e-02 -1.727009643084072010e-01 nan nan nan nan nan nan nan nan nan nan nan nan nan nan nan nan nan nan
nan -1.025465705185202303e-02 -1.246601941594725977e-03 -6.357248032137633072e-03 -8.252029801228881467e-02 -2.012963913083480952e-02 -6.364791056530604008e-02 1.930595528338522118e-02 -6.115955060610595018e-02 -2.136411610411652340e-02 nan nan nan nan nan nan nan nan nan nan nan nan nan nan nan nan nan nan
nan -4.040175146784205640e-02 -1.716384403351968804e-02 -2.971698146209673583e-02 -2.627799406745575175e-02 6.489260750407482847e-03 1.389000879489587538e-02 -4.244326147602316829e-02 -5.735526935513951541e-02 -8.824637090365061720e-02 nan nan nan nan nan nan nan nan nan nan nan nan nan nan nan nan nan nan
nan nan -2.763212992316147962e-02 1.295883264648210048e-02 -7.741978059429770187e-02 1.804232586148732040e-02 6.756979760063071272e-02 -1.415225214978697854e-02 -1.012744355004837477e-01 -8.990165823736119555e-02 nan nan nan nan nan nan nan nan nan nan nan nan nan nan nan nan nan nan
nan nan -2.525022622044537438e-02 1.396435030139191874e-02 2.448959221629490660e-02 nan 5.317249308071025221e-02 -4.970013640484057665e-02 -5.659300221404328646e-02 -1.461324275240768744e-01 nan nan nan nan nan nan nan nan nan nan nan nan nan nan nan nan nan nan
nan nan nan nan nan nan 6.340258003398636932e-02 7.886583479388101225e-02 -1.188338465285680295e-01 -1.510288434605844407e-03 nan nan -1.553835706047858355e-03 nan nan nan nan nan nan nan nan nan nan nan nan nan nan nan
nan nan nan nan nan 9.975399029002200713e-02 2.874672560246506470e-02 4.601341604248535694e-02 -3.873593945236494807e-02 -1.672246611242090078e-02 nan nan nan nan nan nan nan nan nan nan nan nan nan nan nan nan nan nan
nan nan nan nan nan 7.785242975835045265e-02 8.639610040555675829e-03 -1.402736042864490863e-02 2.929437489542825387e-02 -7.067628224806300763e-02 -9.645051475497139898e-03 nan nan nan nan nan nan nan nan nan nan nan nan nan nan nan nan nan
nan nan nan nan nan 3.819835013512293265e-02 1.515391801535869408e-02 1.974233674963065885e-02 1.654114692194862124e-02 -9.093934395365423085e-02 -2.265847984815949276e-02 3.043400870109169969e-03 nan -9.416549119909901205e-03 nan nan nan nan nan nan nan nan nan nan nan nan nan nan
nan nan nan nan nan 3.565035111073257962e-02 3.352509320877194218e-03 2.317933607789854356e-02 2.102267561244300018e-02 9.793414301956867782e-03 4.254148599733309499e-02 -6.623868053250664412e-02 -2.265346872118656485e-02 -2.440022529648999596e-03 -1.034455935911732412e-02 nan nan nan nan nan nan nan nan nan nan nan nan nan
nan nan nan nan nan 1.374759463765705403e-01 1.350851149969055191e-02 2.139562523740534683e-02 7.120757162727445362e-03 1.831848697765566664e-02 2.815417101745383566e-03 5.488473182215542791e-03 -9.949534510361242312e-02 -5.256005274349886958e-02 1.023425193910719282e-02 1.133007642927885304e-03 -1.167875870864209208e-02 nan nan nan nan nan nan nan nan nan nan nan
nan nan nan nan nan nan -2.466358996561251148e-03 1.033318696743846382e-02 -1.423390551388513219e-02 -1.004344288662619052e-02 -1.463644622596653976e-02 -2.139933825428204719e-02 -3.805467231305395548e-02 -4.222799727979387879e-02 -6.651038441006973390e-02 -5.453910899026640858e-04 -1.863924429716660655e-02 -2.883045726942782064e-02 nan nan nan nan nan nan nan nan nan nan
nan nan nan nan nan nan nan -4.584493837418513254e-03 -1.622223425463558549e-02 -8.746047587755286998e-03 6.773116727860894852e-03 -1.892278501066734604e-03 -1.862613213873292109e-02 8.248798954472060093e-04 -4.813305961303878527e-02 -6.491513638016997711e-02 -2.138722515513894959e-02 -3.645097902502288795e-02 -2.198733497494535435e-02 nan nan nan nan nan nan nan nan nan
nan nan nan nan nan nan nan -9.540987060141972037e-03 -3.266011452111598073e-02 -3.839350170670957022e-03 3.962644731905069946e-03 3.807989892268803887e-03 -4.075967257358471992e-03 8.213562603302982865e-03 -1.826968665407766729e-02 -5.653203721922036434e-02 -5.526152991499402173e-02 -3.388733047878808580e-02 1.148473831421304749e-03 -2.832784449758525905e-02 -2.152596977211166177e-02 2.412729386378825811e-03 nan nan nan nan nan nan
nan nan nan nan nan nan nan nan 3.677161609986542151e-02 -3.141327757745367936e-03 8.002294920220009641e-03 1.646069673412275600e-02 -2.359900514226305479e-03 1.101882592897829305e-02 -1.552122336351011893e-03 -3.732036547182343567e-02 -8.953842278950958911e-02 -1.907905510754086612e-02 -3.858843927275496660e-02 -3.798628173027056992e-02 -1.581892071840882569e-02 -5.531104283755518443e-03 -7.996431161499926304e-03 8.218586389190296257e-03 nan nan nan nan
nan nan nan nan nan nan nan nan nan 3.345253837300024569e-02 1.252802413169906183e-02 1.576809424216027086e-02 5.626177469606095764e-03 2.921277070478636717e-02 -3.091680884220895931e-02 -3.263285271319400771e-02 -4.425160733273256902e-02 -8.308772668286829033e-02 2.219482214405455942e-02 -7.016234542500336679e-02 -2.282103250355811686e-02 -1.129451860408509610e-02 1.076853915981917063e-02 1.034871461067433940e-02 nan nan nan nan
nan nan nan nan nan nan nan nan nan nan 6.332421008300037624e-02 7.609967086146924263e-03 9.884860370688577577e-03 2.472073537692707004e-02 -2.730404685805032372e-02 -1.207164772224678627e-02 -3.043976218170710291e-02 -2.860951571879694413e-02 -5.748014771592147021e-02 -2.842848229917850286e-02 -2.815462978472841812e-02 4.935030277389298135e-03 2.004634244018926870e-02 3.264353932610187387e-02 4.152686213650428997e-03 1.524455510676090558e-02 nan nan
nan nan nan nan nan nan nan nan nan nan nan nan 7.993907952469183134e-03 1.373972435708964435e-02 -9.802110728899421019e-03 -1.185673302395414373e-02 -2.416697514041376074e-02 1.017003958969650741e-02 -2.545750275688915543e-02 1.464640200438463435e-02 -6.975792480248656224e-02 -7.291361750538292996e-02 4.867773233638705323e-03 5.188815170995033504e-02 -6.963906207149932366e-03 -1.276299398385326821e-02 nan nan
nan nan nan nan nan nan nan nan nan nan nan nan nan 1.801444197873595943e-02 -2.666408041252248031e-03 -2.494075091142780587e-02 -1.592711501900207285e-02 2.223338702213443693e-02 2.160259847708237771e-02 -1.703293747477261852e-02 -1.101109366400165324e-01 -3.900475482384466175e-02 4.684184894745307449e-03 -3.458406240593726172e-02 -3.058877028554799968e-02 -2.343405395812491257e-02 nan nan
nan nan nan nan nan nan nan nan nan nan nan nan nan nan nan 1.888932509084685933e-03 -3.503097002236032348e-02 -1.600647963740840785e-02 -6.709961190909800866e-02 2.298120679925626589e-02 -1.485359924133172749e-02 -2.702640984295650098e-02 8.159972210424002587e-03 -1.438000372269984672e-02 -6.138956623565582776e-02 -5.182225654442357277e-02 nan nan
nan nan nan nan nan nan nan nan nan nan nan nan nan nan nan nan nan -4.376164956044697324e-02 1.637273817063089609e-02 -2.005128344285423640e-03 -2.550340523285883967e-02 -2.742579037780078308e-03 5.927498578969599835e-02 8.946769364515926026e-02 -6.804081847013380979e-02 -4.969753289385753919e-02 3.380201282865250706e-02 nan
nan nan nan nan nan nan nan nan nan nan nan nan nan nan nan nan nan nan nan nan 3.382563745630093321e-02 nan nan -2.148602563167660920e-02 1.392225748342965476e-03 -2.959457301619218550e-02 nan nan
