nan nan nan -4.325220756514490221e-03 -3.907379419327544796e-03 nan nan nan nan nan nan nan nan nan nan nan nan nan nan nan nan nan nan nan nan nan nan nan
nan nan nan -1.790025999456205290e-03 -4.018602097406845375e-02 -6.815413837353888338e-02 7.448203809088791219e-03 nan nan nan nan nan nan nan nan nan nan nan nan nan nan nan nan nan nan nan nan nan
nan nan -1.742586541684456453e-02 -2.569774099779451038e-02 -3.940648070014157039e-02 -3.726666270912294687e-02 -2.121661714613709906e-02 -1.592922806544932735e-01 nan nan nan nan nan nan nan nan nan nan nan nan nan nan nan nan nan nan nan nan
nan 3.363037449524726441e-02 -2.124262224031965227e-02 1.286095643888421174e-02 -8.784313801466346605e-02 6.142857489101737241e-03 -4.214443420120998068e-02 -2.221754016511910679e-01 -4.582442486777544427e-02 nan nan nan nan nan nan nan nan nan nan nan nan nan nan nan nan nan nan nan
nan 8.593024917556917053e-02 -5.929065285968539156e-02 -3.050995451296723004e-02 9.402092177484445978e-02 -2.536516279236228702e-02 -2.367519938859739825e-02 -2.962932787772367890e-02 5.736485025007168753e-02 -9.170224563729351130e-02 nan nan nan nan nan nan nan nan nan nan nan nan nan nan nan nan nan nan
-1.737915443211404459e-03 6.627557785629153986e-02 -9.362696595848797598e-02 2.426246288807347440e-02 2.409119650028630072e-02 3.682570014519621210e-03 -2.394531070191695948e-02 -1.201838471727209312e-01 -3.336768968189353091e-01 nan nan nan nan nan nan nan nan nan nan nan nan nan nan nan nan nan nan nan
1.321219535253152222e-01 5.543448512048965854e-02 1.847451186574224774e-02 3.787442699440764921e-02 -9.562134581392642925e-04 8.025934684129938657e-02 -4.483306009507821710e-02 -2.274079535578740208e-01 -1.766470688593430038e-01 nan nan nan nan nan nan nan nan nan nan nan nan nan nan nan nan nan nan nan
-1.484995175282867973e-02 -2.590978319615143063e-02 8.563803691739979573e-02 -1.049540282636729216e-01 2.734670085383565999e-02 -7.910141074239074310e-02 -2.430536657690947344e-02 -3.458153041225901503e-01 -4.124001703836410043e-02 nan nan nan nan nan nan nan nan nan nan nan nan nan nan nan nan nan nan nan
nan 5.525255396075644948e-02 1.966782678071899663e-03 3.088411867928016544e-02 2.985382856263000401e-02 -4.349030388742495395e-02 -9.305598203550871639e-02 -2.667620734903365931e-01 -4.274720342369028175e-02 -1.381758098371173304e-01 nan nan nan nan nan nan nan nan nan nan nan nan nan nan nan nan nan nan
nan 2.038250462489032272e-02 4.441908772548105837e-03 -1.132983461837290193e-02 -8.872078242950387494e-02 1.360384032823747959e-02 -7.501508682356436419e-02 -2.913204969703094352e-02 -5.741555740433239297e-02 -3.303003079321698010e-02 nan nan nan nan nan nan nan nan nan nan nan nan nan nan nan nan nan nan
nan 4.169568309573623566e-02 -5.679024586632911049e-03 -2.281895849931271300e-02 7.571778042438459359e-03 6.873333301253486960e-02 2.522597486092760521e-02 -3.421033837103847342e-01 -4.419774975499119601e-02 7.579238871262484328e-03 nan nan nan nan nan nan nan nan nan nan nan nan nan nan nan nan nan nan
nan nan -2.199033617819335512e-02 1.433197560799214128e-02 -6.183921971370720527e-02 1.255956473760014291e-02 1.720994914996731018e-01 -1.408123501308755909e-01 7.264187378582794008e-02 -1.542283565360831436e-02 nan nan nan nan nan nan nan nan nan nan nan nan nan nan nan nan nan nan
nan nan -1.830421120867690640e-02 -4.043444442908351172e-02 2.638211342929212139e-02 nan 9.805670572122045237e-02 -1.982236470600822753e-01 3.910511663880344296e-02 -9.779372761362162270e-02 nan nan nan nan nan nan nan nan nan nan nan nan nan nan nan nan nan nan
nan nan nan nan nan nan 6.901616564381177210e-02 3.578698870427379775e-02 -1.601137764120844631e-01 4.201260032313089421e-02 nan nan 1.021775181044534990e-03 nan nan nan nan nan nan nan nan nan nan nan nan nan nan nan
nan nan nan nan nan 8.525934455741869533e-02 5.492781613283471281e-02 1.600305246913098041e-03 -9.354075027805588971e-02 2.767972239669767853e-02 nan nan nan nan nan nan nan nan nan nan nan nan nan nan nan nan nan nan
nan nan nan nan nan 7.900677626225596772e-02 7.538098087303866414e-03 -3.294688758816292223e-02 4.786451191738489569e-02 -5.998792883023837397e-02 3.415423222395256447e-02 nan nan nan nan nan nan nan nan nan nan nan nan nan nan nan nan nan
nan nan nan nan nan 4.469983399295764798e-02 6.834630297331111513e-03 9.496689928113800222e-03 3.824833317866270510e-02 -9.083024971276963677e-02 -4.357936005237752347e-02 -1.050820798567334187e-02 nan -7.813486600567477389e-03 nan nan nan nan nan nan nan nan nan nan nan nan nan nan
nan nan nan nan nan -2.683352968886350449e-03 5.484421789437379791e-03 3.154981088816616319e-02 1.315002710653192727e-02 1.453776210023440679e-02 7.147592147008294261e-02 -8.997829707865862003e-02 -2.369062305508987110e-02 8.281155424741141677e-03 -1.160036159580311518e-02 nan nan nan nan nan nan nan nan nan nan nan nan nan
nan nan nan nan nan 1.064286380807470955e-01 2.302035827242861210e-02 3.723136486451650295e-02 -2.252225794946243875e-03 2.296231946921246589e-02 2.065047035340570464e-02 -7.756921600039239605e-03 -7.290691572696787748e-02 -5.515804743250731640e-02 3.214276651720437885e-03 -2.689205205905541383e-03 -1.205949514387339751e-02 nan nan nan nan nan nan nan nan nan nan nan
nan nan nan nan nan nan -3.248761475849385686e-03 2.452661743645897716e-02 -1.475592345625655229e-02 -2.238804792780122940e-02 -1.651363800597421133e-02 -2.667056344229344622e-02 -4.156471723712308608e-02 -5.791377663056787584e-02 -5.564846726544651900e-02 -1.112746332215449642e-02 -1.554189326735592666e-02 -3.389774015702982923e-02 nan nan nan nan nan nan nan nan nan nan
nan nan nan nan nan nan nan 1.467525262377216387e-02 -4.929469911109458403e-03 -2.235604523613535233e-02 9.883835348268933327e-03 -4.344746770561315474e-02 2.178972125179717140e-02 2.226236734479227972e-02 -7.521245674184612318e-02 -6.813704340797137327e-02 -1.243469591022768050e-02 -3.915371885818577646e-02 -2.220082596989369703e-02 nan nan nan nan nan nan nan nan nan
nan nan nan nan nan nan nan 2.169398095452718112e-03 -2.353743538250107487e-02 -6.452752791062082993e-03 1.127988668215802476e-03 -3.366827156809845136e-04 1.343879807148445600e-03 1.824547024479880944e-02 -1.227641146015410502e-02 -7.848306526012341355e-02 -6.051142218742425194e-02 -2.606904465598364196e-02 3.894124884490813166e-03 -2.865350162051609820e-02 nan nan nan nan nan nan nan nan
nan nan nan nan nan nan nan nan -1.251708936403415733e-02 -1.365178638727489006e-02 1.659667983334774805e-02 2.456208201858941023e-02 2.177731408675911821e-04 1.877304453691134786e-02 -1.700172646009599081e-02 -1.839188408885147202e-02 -1.302880996998430352e-01 -1.326638941247294465e-02 -3.328493642771586380e-02 -3.876478633778192295e-02 -2.513446331717488283e-02 -1.117247673920396429e-02 nan nan nan nan nan nan
nan nan nan nan nan nan nan nan nan -7.240842327012911479e-03 3.183445282568209828e-02 8.670100527451440192e-03 -7.712570899474615639e-03 1.590387240256146278e-02 -2.488189603513133591e-02 -3.318160063953104217e-03 -6.097347078709640378e-02 -8.969125541334253826e-02 2.208588017837364789e-02 -6.995435015212476959e-02 -2.822544894398257634e-02 -1.046760013939256571e-02 -1.438765563862504787e-02 nan nan nan nan nan
nan nan nan nan nan nan nan nan nan nan 2.803063506263357360e-02 1.212903766678014202e-02 -2.281332239266793509e-03 1.517464379896867922e-02 -6.523200038915537291e-03 -2.635296984103422183e-02 -1.035448983288245021e-02 -8.538657716701868183e-02 -2.930664037522760432e-02 -1.832077977728140475e-02 -2.571549508756057131e-02 7.803294439340029316e-03 2.018118447210652880e-02 2.884738207800806309e-02 -1.040730974436856332e-02 nan nan nan
nan nan nan nan nan nan nan nan nan nan nan nan 7.261452655814927592e-04 8.859388221260665330e-03 9.389493489858062591e-03 -5.751723057847330477e-03 -1.263692125421912206e-02 -3.095202687965905447e-02 9.383237760773458988e-03 -2.501852754900356010e-02 -7.396690346479097011e-02 -5.668894156577834048e-02 -1.534931214403353374e-03 4.556451130426594082e-02 -1.125098874398697442e-02 -1.727543399323082374e-02 nan nan
nan nan nan nan nan nan nan nan nan nan nan nan nan 1.068550172178427994e-02 -7.385406783048793083e-03 -9.220931663716997947e-03 -3.620947357190732949e-03 1.726007299867629227e-02 -1.051146998793334349e-02 -1.858267783982403207e-02 -8.104534451392340910e-02 -1.844958759017861424e-02 3.675149091048373479e-02 -6.728543634734285295e-02 -5.211098403711323518e-02 -2.326511968603451816e-02 nan nan
nan nan nan nan nan nan nan nan nan nan nan nan nan nan nan -2.337660992064274218e-02 -9.579746544687286688e-03 -2.806422457387965086e-02 -9.125840002204231236e-03 -3.465938116268453550e-02 -3.201920621422427171e-02 -1.130525315467090577e-02 -6.399223491590505519e-02 8.251423067097368724e-02 -8.452438845523486954e-02 -5.434110469606267396e-02 nan nan
nan nan nan nan nan nan nan nan nan nan nan nan nan nan nan nan nan -1.458956780996065183e-02 7.152676121936012155e-02 -6.036942354706015951e-02 -3.054257170607669117e-02 -1.488374077206041333e-02 7.847022826099872561e-02 1.263426614412516136e-01 -8.622988027647857101e-02 -3.661527066767129163e-02 3.231971012871482501e-02 nan
nan nan nan nan nan nan nan nan nan nan nan nan nan nan nan nan nan nan nan nan 4.983244135577646894e-02 nan nan -3.830804399914302522e-02 2.546621662838751896e-02 -4.425512577827983574e-02 nan nan
