nan nan nan 6.865441420320120280e-02 -2.081293376504897430e-02 nan nan nan nan nan nan nan nan nan nan nan nan nan nan nan nan nan nan nan nan nan nan nan
nan nan nan 1.177185216216612984e-01 -6.648414257964936624e-02 -6.762415137419927613e-02 -3.456245618629882194e-02 nan nan nan nan nan nan nan nan nan nan nan nan nan nan nan nan nan nan nan nan nan
nan nan 1.562345698199916200e-01 5.710450512706020595e-03 -8.063093362028876665e-02 -2.035386530129019989e-02 -6.811122757390855598e-02 -1.055270447772791026e-01 nan nan nan nan nan nan nan nan nan nan nan nan nan nan nan nan nan nan nan nan
nan -1.460575241055213636e-01 9.278305245559810566e-02 -5.126946747761914475e-02 -3.153289899606278451e-02 -1.280604103319517989e-02 -9.005120972492296205e-02 -5.474852705867372382e-02 -7.107698794765947292e-02 nan nan nan nan nan nan nan nan nan nan nan nan nan nan nan nan nan nan nan
nan -1.182024718802237098e-02 -1.138206339447080800e-02 -1.383039503197726061e-01 1.734046112572290854e-01 -4.155636404489131130e-02 -5.535655605721300637e-02 -3.466573424157037148e-02 4.870294570872455570e-02 -1.331265051158517787e-01 nan nan nan nan nan nan nan nan nan nan nan nan nan nan nan nan nan nan
-1.609399201427422904e-02 2.358713944191633341e-02 3.347975084727868728e-02 3.244877185343161830e-02 -8.418325339188108269e-02 -3.661304987153655988e-02 -8.931295406357711922e-03 -1.150798695214632766e-01 -1.136987010366113521e-01 nan nan nan nan nan nan nan nan nan nan nan nan nan nan nan nan nan nan nan
7.920686256451953122e-02 5.224286159688959486e-02 -9.504729753847830642e-02 -3.653346030842844622e-02 -1.630613807128624901e-02 5.553424059193567963e-02 -1.279944113833882124e-02 -1.572006448698856085e-01 -5.406152805728643013e-02 nan nan nan nan nan nan nan nan nan nan nan nan nan nan nan nan nan nan nan
-2.257493295747562898e-02 1.720530821925200272e-03 1.667529394840953916e-02 1.833959748011376040e-02 -2.357026276240400606e-02 -2.656449283086840737e-02 -6.928370911291213685e-02 -1.783143121865198577e-01 2.279818232033660116e-02 nan nan nan nan nan nan nan nan nan nan nan nan nan nan nan nan nan nan nan
nan 3.769150988496224736e-02 -1.108826665656106360e-02 -1.517374024410894293e-02 -9.307191168047656768e-03 1.723089290822302569e-02 -9.748142326455361273e-02 -2.238825309353988657e-01 1.702932209354837169e-03 -1.603759461096568861e-01 nan nan nan nan nan nan nan nan nan nan nan nan nan nan nan nan nan nan
nan 8.536448836046863983e-03 3.115878613194801583e-02 3.543938950431975259e-03 -4.979088803968710619e-02 -3.347629318435237089e-02 -2.247983398437241112e-02 -6.331671224409993713e-03 2.932822093382295801e-05 -4.863049482603753332e-02 nan nan nan nan nan nan nan nan nan nan nan nan nan nan nan nan nan nan
nan 2.510425753090870637e-03 3.947858236264873387e-03 -1.066849100766464019e-02 -2.189274123901886054e-02 -2.732725865436634941e-02 7.766047667705418267e-02 -5.211425036410920891e-02 1.785946754459627472e-02 -7.821334989878944710e-02 nan nan nan nan nan nan nan nan nan nan nan nan nan nan nan nan nan nan
nan nan -3.954073893414993685e-02 2.366661518326152597e-02 -9.570448625898204942e-02 3.375282140698274928e-03 -1.203561989854968171e-02 6.235918290568806879e-03 2.647867851974125553e-02 -9.459921316361404042e-02 nan nan nan nan nan nan nan nan nan nan nan nan nan nan nan nan nan nan
nan nan -3.820222140479219430e-02 -5.721741547949223995e-03 -7.816858281388657046e-04 nan -1.327774302595009087e-02 -1.273517946697475534e-01 3.738764160952674082e-02 -1.396513973038674139e-01 nan nan nan nan nan nan nan nan nan nan nan nan nan nan nan nan nan nan
nan nan nan nan nan nan 4.746624980982331460e-02 2.095033902814688598e-02 -4.772136853900520864e-02 8.638151964650341019e-02 nan nan -4.043179769732441024e-03 nan nan nan nan nan nan nan nan nan nan nan nan nan nan nan
nan nan nan nan nan 1.003109664656193362e-01 5.900662834148266006e-02 5.161255296151735089e-02 -8.980248121675182826e-02 -1.264338392946662802e-02 nan nan nan nan nan nan nan nan nan nan nan nan nan nan nan nan nan nan
nan nan nan nan nan 7.941648608110847551e-02 3.138082169472621724e-02 -4.521588244881533103e-02 -6.524671213940581860e-02 6.787003703593475802e-03 -2.005981381243801542e-02 nan nan nan nan nan nan nan nan nan nan nan nan nan nan nan nan nan
nan nan nan nan nan 3.606428995467658022e-02 4.059389345940294519e-02 -2.489491254315254892e-02 7.205504160815306980e-03 -8.489912621670078763e-02 -9.204409004824614868e-03 1.699701887327521171e-02 nan -2.628308128043450528e-02 nan nan nan nan nan nan nan nan nan nan nan nan nan nan
nan nan nan nan nan 1.908267400500115313e-02 1.133814234617522808e-02 -1.355104731663044071e-02 1.941140127613688593e-02 8.007556083082871187e-03 1.583956593317566858e-02 -5.563814525884364787e-02 -1.979463864120194119e-03 -2.361465198733601716e-03 -3.010635300262262323e-03 nan nan nan nan nan nan nan nan nan nan nan nan nan
nan nan nan nan nan 9.929107013235002888e-02 1.758964981407858813e-02 4.033316508356758062e-03 1.017926783637964488e-02 1.702701382556010348e-02 1.029161238698965766e-02 2.073910399416863462e-02 -8.635308139052132181e-02 -4.947776698703775650e-02 1.826461021570328219e-02 9.604476785147617740e-03 -1.434819333605359681e-02 nan nan nan nan nan nan nan nan nan nan nan
nan nan nan nan nan nan 1.592847096922852439e-03 1.575791371688448073e-02 1.074578450463083579e-03 -2.912346750691165598e-03 -1.807635519529663878e-02 -2.695711570775910157e-02 -4.700332293116302185e-02 -4.095039234821764434e-02 -6.729941918447811255e-02 -2.883239283373470636e-03 -3.334792103197567470e-02 -1.294306746726383954e-02 nan nan nan nan nan nan nan nan nan nan
nan nan nan nan nan nan nan 7.104210274561053272e-03 -7.029372372893509351e-03 7.618251924995268244e-03 1.347250522595426665e-02 -1.945622302883960250e-02 -1.411660793965054464e-02 -8.200897773584162401e-03 -3.424843864892136019e-02 -6.739062824442619559e-02 -1.457319648703119148e-02 -3.590382277824821777e-02 -1.783173833792476431e-02 nan nan nan nan nan nan nan nan nan
nan nan nan nan nan nan nan -4.729808399715624591e-03 -1.472736945478656662e-02 4.731161929645351372e-03 2.328127668008265171e-03 -1.620011795399928581e-02 7.973810666693958082e-04 -7.109740213184846322e-03 -2.887892595346309987e-03 -4.664063342710979970e-02 -6.283426806599651249e-02 -3.219089366881953962e-02 4.697832000245184825e-03 -1.944237183997602619e-02 -1.672449954166142089e-02 -6.464299359471613673e-03 nan nan nan nan nan nan
nan nan nan nan nan nan nan nan 1.189533691155185598e-02 -4.960928251392231550e-03 6.008303533397071731e-03 1.007306436509017127e-02 9.859805132952507642e-03 -3.863355044673760525e-03 7.831096608838830977e-03 -2.377507439024909019e-02 -9.206838288870289322e-02 -3.051732773395656254e-02 -3.119775922605496493e-02 -3.943912349844857362e-02 -2.044938048155394220e-02 -7.003290066572799913e-03 -2.861363078314603948e-04 7.881061197945874938e-03 nan nan nan nan
nan nan nan nan nan nan nan nan nan -3.028346474583686922e-03 3.124799367531801153e-02 1.145402623943576198e-02 1.088379825006745814e-02 4.384281400447607654e-03 -5.157093649557157461e-02 -4.413973764216207532e-03 -3.679231956619780086e-02 -1.002328221493871407e-01 1.904725979846566553e-02 -7.039507221880170196e-02 -2.918645592465861013e-02 -2.255003010569294267e-02 2.563337263540129557e-02 4.218648832475334343e-02 nan 8.011431381217768571e-03 nan nan
nan nan nan nan nan nan nan nan nan nan 7.161780350620661206e-02 2.357344205973043588e-02 1.757015798638618571e-03 1.354153439726466825e-02 -2.451763154086557955e-02 8.483719699033309344e-03 -4.115269589974575662e-03 -8.257320117288917405e-02 -4.695203799062319661e-02 -3.407300479215478323e-02 -2.643165530202794614e-02 -1.998197472228061943e-03 1.870648925450748776e-02 3.913269336922891445e-02 1.416319564643853113e-02 2.255945300672911741e-02 nan nan
nan nan nan nan nan nan nan nan nan nan nan nan 4.155921759126694152e-04 1.822061991227660188e-02 -1.425579088875576425e-02 2.292281085754587638e-02 -3.766474062087503405e-02 4.225230820594179371e-03 -8.884578694737045590e-02 -1.221906258521896806e-02 -5.198749292951503759e-02 -6.110178588012030176e-02 8.313296972100904514e-03 6.273215558785048829e-02 -1.114816994503195317e-02 -1.439673267024001863e-02 nan nan
nan nan nan nan nan nan nan nan nan nan nan nan nan 1.590198713447489240e-02 -1.583677869506967817e-02 -1.503803679054423192e-02 -2.927401562149854926e-03 2.679107760015333670e-02 -3.471120428842481426e-02 -4.391281177524241491e-02 -4.022943821273580745e-02 -1.766322301560211902e-02 2.824884042206312392e-03 -1.591448025694220531e-02 -3.359537621449065065e-02 -2.731238039318234848e-02 nan nan
nan nan nan nan nan nan nan nan nan nan nan nan nan nan nan -1.041052338121648511e-02 -2.786361359370607624e-02 -4.365476187687747367e-02 -4.127111367393519054e-02 -3.786705849565093207e-02 8.863603853627610718e-03 -7.110369340515919345e-03 4.168373697046199797e-03 -2.322594906729038514e-03 -5.159705118673482693e-02 -5.377921909817729579e-02 nan nan
nan nan nan nan nan nan nan nan nan nan nan nan nan nan nan nan nan 4.677151273320918033e-03 4.124340780366876624e-02 -1.233643450274147201e-02 4.234501521160432408e-03 -9.784460151959124136e-03 7.111306659800949170e-02 1.874710161276540706e-04 -1.499863605059305847e-02 -3.617958422558936737e-02 2.371390101044653850e-02 nan
nan nan nan nan nan nan nan nan nan nan nan nan nan nan nan nan nan nan nan nan -1.848432454060208036e-02 nan nan -3.669766277293144696e-02 -9.583983445406464227e-03 -1.001396831456464326e-02 nan nan
