nan nan nan 3.631268093486765200e-03 -5.180550199761522340e-03 nan nan nan nan nan nan nan nan nan nan nan nan nan nan nan nan nan nan nan nan nan nan nan
nan nan nan -4.077613801331003707e-02 -2.160486700784973804e-02 -6.524829041806767815e-02 4.078104070996937253e-02 nan nan nan nan nan nan nan nan nan nan nan nan nan nan nan nan nan nan nan nan nan
nan nan 7.776637062402110001e-02 -4.488658320715010336e-02 3.295653904577953291e-03 -1.413144064311182280e-02 -1.968403422876478445e-02 -1.521626829213205412e-01 nan nan nan nan nan nan nan nan nan nan nan nan nan nan nan nan nan nan nan nan
nan 3.926655178784781153e-02 -4.192785903990377955e-02 5.236987776669534828e-02 -5.132393939127109783e-02 -3.523889995905343103e-02 -5.809957500970467509e-02 -2.025700064455591143e-01 -3.367069400696248715e-02 nan nan nan nan nan nan nan nan nan nan nan nan nan nan nan nan nan nan nan
nan 1.283194502911462198e-01 -4.499897042396085178e-02 1.812670112097763964e-02 3.498563422825111402e-02 -2.546611463736992223e-02 -6.955344158759257933e-02 -1.167400799894281922e-02 5.771152123710906849e-03 -9.313347218141547479e-02 nan nan nan nan nan nan nan nan nan nan nan nan nan nan nan nan nan nan
8.782110407925042272e-02 3.203125606455044933e-02 -3.997496964415578335e-02 5.317102568222758369e-02 6.780784769523898192e-02 -3.985477252136376131e-02 -4.695582426666126269e-02 -9.533707275158949390e-02 -2.589339752815350559e-01 nan nan nan nan nan nan nan nan nan nan nan nan nan nan nan nan nan nan nan
8.537952851165557869e-03 -4.187335012197561379e-02 4.441199519820338004e-02 2.100994805338417259e-02 -2.941812963652507690e-02 1.492384102556834624e-01 -8.880199937119293008e-02 -1.801051187031694201e-01 -1.475210012685586602e-01 nan nan nan nan nan nan nan nan nan nan nan nan nan nan nan nan nan nan nan
-1.861072468588577302e-03 -7.221032121621297206e-02 1.104050718103102430e-01 6.833235657603073387e-02 -3.209948034684957652e-02 -7.601228949066220208e-02 -2.917676240573742821e-02 -1.843711336956062874e-01 4.929182904784290727e-03 nan nan nan nan nan nan nan nan nan nan nan nan nan nan nan nan nan nan nan
nan 2.801654037221553914e-02 4.356989619039479400e-02 -7.612251575208300869e-02 2.687832880038732233e-02 6.338505887513097570e-02 -1.970656994039372834e-01 -9.324387180077500781e-02 -9.950389107548875123e-02 -2.015424994197747011e-01 nan nan nan nan nan nan nan nan nan nan nan nan nan nan nan nan nan nan
nan 1.606194283040286372e-02 3.991527510634274370e-03 1.120156259271746363e-02 -1.456855842226404407e-01 -8.998226715070736792e-03 -5.590749059153729550e-02 -3.810712561460279091e-02 -6.429856566326466738e-02 -4.098659339276076313e-02 nan nan nan nan nan nan nan nan nan nan nan nan nan nan nan nan nan nan
nan 1.333973621537990970e-02 -1.371713182773671991e-02 -1.954867971292951340e-02 -5.001558797215409705e-03 3.511511170915422152e-03 5.122688155917492353e-02 -5.466665232730209822e-02 -8.263284097603727785e-02 -5.821306466710255562e-02 nan nan nan nan nan nan nan nan nan nan nan nan nan nan nan nan nan nan
nan nan -2.547982598327788034e-02 -1.080127035041392528e-02 -5.546749812528339874e-02 5.330709333370852940e-03 5.702431948181743010e-02 -1.107753383145573256e-01 3.251696427047762877e-02 -6.337943720224760435e-02 nan nan nan nan nan nan nan nan nan nan nan nan nan nan nan nan nan nan
nan nan -6.210716654627020106e-02 -3.814464461243983334e-02 -5.087138261973715714e-02 nan 9.566079505726750309e-02 -1.432734144213564098e-01 2.501560024781112820e-02 -1.545033509286126705e-01 nan nan nan nan nan nan nan nan nan nan nan nan nan nan nan nan nan nan
nan nan nan nan nan nan 6.726010346615560187e-02 -2.399387925418488318e-04 -6.833255669306013969e-02 1.624779832970762658e-02 nan nan -9.171499453614410631e-04 nan nan nan nan nan nan nan nan nan nan nan nan nan nan nan
nan nan nan nan nan 1.220263783593494300e-01 5.568454679627139053e-02 1.951944347900062479e-02 -4.414943120322083886e-02 3.131239919677289429e-02 nan nan nan nan nan nan nan nan nan nan nan nan nan nan nan nan nan nan
nan nan nan nan nan 1.089692485289581181e-01 8.424720433744632350e-03 -4.700840415229958630e-02 2.969944578246127773e-02 -4.414924634201283088e-02 -6.953297467594676297e-03 nan nan nan nan nan nan nan nan nan nan nan nan nan nan nan nan nan
nan nan nan nan nan 4.575533936836401888e-02 -9.744599011144793044e-03 3.233589957021792364e-03 2.920255948599470314e-03 -8.851882041205132168e-02 -6.172505761203905122e-02 8.667260080149919235e-03 nan -3.627103610166874936e-03 nan nan nan nan nan nan nan nan nan nan nan nan nan nan
nan nan nan nan nan 3.333915237612116583e-02 4.403704391669962560e-03 2.079203518875392606e-02 1.024337617722210179e-02 1.080047423240236212e-02 7.359756821083004996e-02 -5.950020649029647002e-02 -1.056739257075008272e-02 -4.094273559474434498e-03 -5.722955034716754701e-03 nan nan nan nan nan nan nan nan nan nan nan nan nan
nan nan nan nan nan 1.211324852367380717e-01 9.187577914651762906e-03 3.114826206871496375e-02 -4.734750668995911863e-03 1.367556249728093046e-02 2.329061723632700961e-02 1.589220696434214680e-03 -6.480500444881673316e-02 -4.321340195440878662e-02 3.642083758776295220e-03 -3.725106533786039838e-04 -1.428462676034765802e-02 nan nan nan nan nan nan nan nan nan nan nan
nan nan nan nan nan nan -3.128284282409496669e-04 1.969179467215185358e-02 -2.030576724121959178e-02 -2.779003376653899418e-02 5.164411772539995345e-03 -2.466499545890792414e-02 -5.618411366909196840e-03 -8.429338519774945415e-02 -6.719971510715438967e-02 2.598945219515439754e-03 -1.646095512820826973e-02 -1.635623554474886082e-02 nan nan nan nan nan nan nan nan nan nan
nan nan nan nan nan nan nan 1.458066987170552817e-02 -1.842288308364056770e-02 -1.258849674156015640e-02 2.127643439286992788e-02 -3.920982340196767224e-02 1.205998419814578899e-02 1.435014191782226986e-02 -2.035065105371288222e-02 -8.495760685622573416e-02 -1.303467924888519411e-02 -3.879334669036246103e-02 -2.487413055489080121e-02 nan nan nan nan nan nan nan nan nan
nan nan nan nan nan nan nan -1.604522650424982256e-03 -9.171835739941271159e-03 -3.961292525754315022e-03 -7.470158083098040348e-04 2.462190939526076247e-03 -4.680487194836986491e-03 1.753809427126674578e-02 1.757029134675666899e-03 -9.050397755041902914e-02 -6.303732290904506819e-02 -3.319682618072013203e-02 1.409524166487272426e-03 -2.346557432202449681e-02 nan nan nan nan nan nan nan nan
nan nan nan nan nan nan nan nan -6.904435336584870651e-03 -1.827073363091290259e-02 2.166132511246927211e-02 1.045604851690732848e-02 5.081654264973791725e-03 1.245429627782929267e-02 -3.282928588842687345e-03 -3.323069376619448151e-02 -1.166081149934560385e-01 -2.180510862852466994e-02 -3.641444246690002384e-02 -4.037864718404534509e-02 -2.410967051760525351e-02 nan nan nan nan nan nan nan
nan nan nan nan nan nan nan nan nan -7.471882601609055978e-03 1.602927110263194926e-02 1.830990048966078462e-02 -3.342358461816791106e-03 1.995789655200256012e-03 -3.367802306786350092e-02 -2.721112530531233885e-04 -6.914987170719483212e-02 -9.051217056453829402e-02 2.907123970273397043e-02 -7.298657945903927469e-02 -2.796882765573671659e-02 -1.142108340312872512e-02 -1.607063863152591310e-02 nan nan nan nan nan
nan nan nan nan nan nan nan nan nan nan 5.453975917628994287e-03 1.797346418281593056e-02 -8.072476244530453482e-03 1.648097081570818259e-02 -1.408332853830178855e-03 -1.942148347756663188e-02 -8.555910370990337313e-03 -1.441185495874970912e-01 -7.702643868003671880e-03 -2.201026230915039197e-02 -2.471125245820736741e-02 5.526023481705465146e-03 2.527292122338486297e-02 2.784477593434574183e-02 -4.880983222877281064e-03 nan nan nan
nan nan nan nan nan nan nan nan nan nan nan nan 4.498441435502001373e-03 5.024648694317823336e-03 1.801647432104747093e-02 7.239352638744387790e-04 -4.370118748808219516e-02 1.186528312908125514e-02 -3.477906272975528346e-02 3.800209739361324474e-02 -1.099495866492493645e-01 -3.740303440286266851e-02 1.947851140930147336e-03 3.834787376389355018e-02 -1.844708177725865386e-02 -2.760917762363515604e-02 nan nan
nan nan nan nan nan nan nan nan nan nan nan nan nan 1.671257057995469532e-03 -1.252568897424385149e-03 -7.950426415901793928e-03 -1.691484635506533551e-02 -4.121035328808862058e-02 6.773127571146855819e-02 -3.869022048357708549e-02 -7.874767695996540140e-02 -1.877583149931273329e-02 2.220795631534672535e-02 -6.470323494137662779e-02 -5.085529025345932042e-02 -3.225908058143716478e-02 nan nan
nan nan nan nan nan nan nan nan nan nan nan nan nan nan nan 2.346522171675071919e-03 -9.573797476786462951e-03 -3.521218046752732506e-02 5.993164936586982926e-03 -4.812527782377746394e-02 -3.794928465689206311e-03 -7.344692256191133299e-03 -6.612424001118182015e-02 2.567162998493029494e-02 -6.105676361794611096e-02 -6.248812667733060627e-02 nan nan
nan nan nan nan nan nan nan nan nan nan nan nan nan nan nan nan nan -5.325725089417859132e-02 6.415118154533019923e-02 -5.463798121883323144e-02 -3.710771900296769982e-02 -3.396215693469119279e-02 6.631021721511207168e-02 6.790267386899538626e-02 -4.390441234017362221e-02 -4.736061431288066809e-02 3.089818640082670972e-02 nan
nan nan nan nan nan nan nan nan nan nan nan nan nan nan nan nan nan nan nan nan 9.629434862877206402e-03 nan nan -1.853725861317007464e-02 -9.544311484898303569e-03 -2.546656320272708274e-02 nan nan
