nan nan nan -8.602809582132581179e-02 -1.632423225190619831e-02 nan nan nan nan nan nan nan nan nan nan nan nan nan nan nan nan nan nan nan nan nan nan nan
nan nan nan 4.457520261970287362e-02 -6.570764709252036040e-02 -9.241067656551703313e-02 1.566499371320231523e-02 nan nan nan nan nan nan nan nan nan nan nan nan nan nan nan nan nan nan nan nan nan
nan nan 1.037580328490592674e-01 9.078525598086661930e-02 -1.025286203031423003e-02 -4.600721777192395834e-02 -1.576523189429773070e-02 -2.056529930488713298e-01 nan nan nan nan nan nan nan nan nan nan nan nan nan nan nan nan nan nan nan nan
nan 2.375412566170765488e-02 -3.162749337146206208e-02 -7.054235199068894027e-03 3.390396543187200462e-02 -5.426274034004090197e-02 8.416089841155941637e-03 -2.470786909336179227e-01 -3.434773099508958011e-02 nan nan nan nan nan nan nan nan nan nan nan nan nan nan nan nan nan nan nan
nan 7.442628445620841360e-02 -1.459227805356207996e-01 8.570375951761599609e-02 1.468169728458232071e-01 -1.101497580831208023e-01 -1.852985841216453836e-02 1.359119527349068705e-02 3.169924325165695417e-02 -9.505448895816219490e-02 nan nan nan nan nan nan nan nan nan nan nan nan nan nan nan nan nan nan
-5.990545339706276028e-03 1.459334852440560826e-01 1.957037948863231056e-02 5.535362531441838374e-02 -7.862543650013775753e-02 8.977392373713335288e-03 -2.603355495447898585e-02 -1.042055983891325699e-01 -1.776040096387029310e-01 nan nan nan nan nan nan nan nan nan nan nan nan nan nan nan nan nan nan nan
2.969743710192094058e-02 5.669357694854730567e-02 -9.685174753356418087e-02 8.270477719336892519e-02 9.774453915781383673e-02 4.977625825644601404e-02 4.121865882615684262e-03 -1.932008275223812965e-01 -1.070435068740406975e-01 nan nan nan nan nan nan nan nan nan nan nan nan nan nan nan nan nan nan nan
-4.783247455202089410e-02 4.846816584151561642e-03 -1.646852390580685194e-02 -1.914440789898761985e-01 1.342564639442253571e-01 5.048884872660197587e-02 -5.891965349022097037e-02 -1.596706554186211879e-01 -1.156518537560331378e-01 nan nan nan nan nan nan nan nan nan nan nan nan nan nan nan nan nan nan nan
nan -1.284779813877851007e-02 2.767855576526293687e-02 4.186274955072982057e-02 -4.600033898380172237e-03 -3.561941705476137643e-02 -4.005222314377321347e-02 -3.422426855254476208e-01 1.933311055072915036e-02 -1.253617792152437738e-01 nan nan nan nan nan nan nan nan nan nan nan nan nan nan nan nan nan nan
nan -1.870123172700401126e-02 -1.076388297538092773e-02 1.459516724642651204e-02 -4.288453835780876855e-02 -3.714050300681016187e-02 -1.094833461166760669e-01 -2.395541815002491179e-02 -4.720782041206535162e-02 -3.457177684891100944e-02 nan nan nan nan nan nan nan nan nan nan nan nan nan nan nan nan nan nan
nan -1.143047459318110269e-02 5.119205906358488545e-02 -1.153657682136007695e-02 -2.202061876284212849e-02 2.388581135165428193e-02 7.669698413918353552e-02 -9.912261280180865997e-02 2.106883715550565347e-02 -9.456436987749611278e-02 nan nan nan nan nan nan nan nan nan nan nan nan nan nan nan nan nan nan
nan nan -2.417880707102454396e-02 6.572959171838924780e-03 -2.510233263894437114e-02 -4.529481819753122807e-02 -6.638520153416718750e-02 -3.725576019809522660e-02 -1.761024240639770880e-02 -9.662372971796419352e-02 nan nan nan nan nan nan nan nan nan nan nan nan nan nan nan nan nan nan
nan nan -3.761624107791888827e-02 -4.058066166445427336e-02 4.255690842599671453e-02 nan 1.384893525375087767e-02 -3.358091998096357500e-02 -4.280814887845411226e-02 -1.216947512368027895e-01 nan nan nan nan nan nan nan nan nan nan nan nan nan nan nan nan nan nan
nan nan nan nan nan nan 3.573126216985222231e-02 8.619088372716211810e-02 -1.058772043011030201e-01 -7.861494246773268607e-03 nan nan -8.643244370522136857e-03 nan nan nan nan nan nan nan nan nan nan nan nan nan nan nan
nan nan nan nan nan 5.165659827895889566e-02 2.500083657640548088e-02 4.192632913258412253e-02 -6.680339641186595900e-02 -2.191779494013959897e-02 nan nan nan nan nan nan nan nan nan nan nan nan nan nan nan nan nan nan
nan nan nan nan nan 4.034694272853579095e-02 2.769718400418326801e-02 -1.352249729723023659e-02 4.611480102558476735e-03 -3.454900369821656964e-02 -1.265527536475307378e-02 nan nan nan nan nan nan nan nan nan nan nan nan nan nan nan nan nan
nan nan nan nan nan -2.857049666414601414e-04 1.379033467161895621e-02 1.018967760091132879e-02 6.960674781300478335e-03 -9.744707979574696033e-02 -5.881464574069962536e-02 -1.674527561412350075e-03 nan -8.226772704266272287e-03 nan nan nan nan nan nan nan nan nan nan nan nan nan nan
nan nan nan nan nan -6.557422155887738949e-04 1.164649096455517598e-02 1.028893842449684487e-02 1.253453262358744484e-02 -2.260774236021451458e-02 3.954602147607991225e-02 -5.883459248578686712e-02 1.985519486370010758e-02 -5.243748335004870531e-03 -7.385272501080392474e-03 nan nan nan nan nan nan nan nan nan nan nan nan nan
nan nan nan nan nan 1.044225771479409259e-01 -5.387458117401927073e-03 2.876402865149196506e-02 -7.239579708131763623e-03 4.048217679063376151e-02 4.296798823090939266e-03 -1.347361266087550823e-02 -5.631506402015646479e-02 -5.753548536082681714e-02 6.291838550420040393e-03 2.509586248704993080e-03 -1.394571839568172628e-02 nan nan nan nan nan nan nan nan nan nan nan
nan nan nan nan nan nan -5.181692537981264684e-04 3.640571211902163956e-02 -1.038777965263611332e-02 -1.039416016963917548e-02 -3.215629547436362617e-02 -2.636325024200298142e-02 -4.571185127885047522e-02 -4.725205990354921365e-02 -6.670878686062810259e-02 5.618721357317934921e-03 -1.549657962687451054e-02 -3.620618832792071862e-02 nan nan nan nan nan nan nan nan nan nan
nan nan nan nan nan nan nan 1.370698726609352429e-02 -5.690245825978004768e-03 -3.184337899863865905e-03 -2.055958173511508030e-02 -5.127297484187995531e-03 2.605607502565308181e-02 -1.216912645709196730e-02 -5.670164857950878851e-02 -9.390376591020703489e-02 1.937274549341417434e-02 -3.722433653866264597e-02 -2.524903379609751142e-02 nan nan nan nan nan nan nan nan nan
nan nan nan nan nan nan nan -1.283646128567419477e-02 -1.841583930248196985e-02 7.921165719009488210e-03 -1.691237726406464789e-02 7.235873695443705532e-03 8.942609032917193945e-03 -4.990495996555100768e-03 2.007358705314714678e-02 -1.138094302968557930e-01 -2.576285187791260353e-02 -1.824811693126767928e-02 -7.981498770189920586e-03 -3.405331944527132532e-02 nan nan nan nan nan nan nan nan
nan nan nan nan nan nan nan nan -2.800705538955961665e-02 3.839205673025953593e-03 -1.321264770088233925e-02 4.190946466576545709e-02 1.086322481523183808e-02 2.263114944007218673e-02 1.700769373003254564e-02 -4.866581908346753749e-02 -1.730500945764872900e-01 3.090051054555965557e-02 -3.724245458120391261e-02 -4.163666610506586846e-02 -1.998660448912843030e-02 nan nan nan nan nan nan nan
nan nan nan nan nan nan nan nan nan -9.173920730500512155e-02 4.007077638107266193e-02 1.016285200754506873e-02 1.338210903826678178e-02 2.395463968908427901e-02 -5.876697965520290279e-02 -1.191889762600948852e-02 -8.609234563439395471e-02 -4.308234459545876027e-02 -2.044131168185412024e-03 -7.160107691317846301e-02 -2.255922626708927251e-02 -1.446117716718978499e-02 nan nan nan nan nan nan
nan nan nan nan nan nan nan nan nan nan 1.063164427569951095e-02 2.015352588688647945e-02 9.222847482209178133e-03 3.260547563357995421e-02 -1.916850854624611161e-02 -8.301835893215050999e-03 -2.389527371890243224e-02 -5.833639874178348644e-02 -5.498073449525001793e-02 -2.080667317187530341e-02 -1.988594513475699932e-02 -3.973303360044919304e-03 1.422329330678800616e-02 2.526479590460986233e-02 nan nan nan nan
nan nan nan nan nan nan nan nan nan nan nan nan 2.711309239164759813e-02 -3.873912734798100593e-03 1.047599651310286879e-02 -2.247061037283441462e-02 -3.294112487616556589e-02 7.717483172875947957e-04 1.679376513238192356e-02 -2.856798114264527330e-02 -4.819010945715251210e-02 -6.178108916989969585e-02 -5.836066869308778604e-03 3.188735075332757574e-02 -2.424021756434090874e-02 -2.309466524542787627e-02 nan nan
nan nan nan nan nan nan nan nan nan nan nan nan nan 4.449803902612311721e-03 8.162904587111993043e-03 -2.286713806607409277e-02 -4.113405964752345906e-02 3.290856951616433212e-02 -9.145553728871987781e-03 -6.712689940322853765e-02 -1.091626062853477963e-01 4.160616577184154431e-03 -3.268277455552744820e-02 -3.675554516736940364e-02 -5.523573425993848901e-02 -3.599231548218084775e-02 nan nan
nan nan nan nan nan nan nan nan nan nan nan nan nan nan nan -4.004920112410029903e-02 -8.857385874090375338e-03 -1.779420034101120499e-02 -7.750949880025998287e-03 -1.725328693278280895e-02 -3.592143593234882470e-02 1.506270503413457496e-03 -2.051132063592284865e-02 -2.459503524184191575e-02 -6.618497671946937944e-02 -6.592974695565337329e-02 nan nan
nan nan nan nan nan nan nan nan nan nan nan nan nan nan nan nan nan -6.546802587533834261e-02 2.183158304126015664e-02 2.575813400451729823e-02 -4.819961946344839682e-02 -7.138384531595408540e-03 3.551553849010083419e-02 3.574651880827526412e-02 -4.838983706323475575e-02 -4.901431693034234011e-02 2.659866032054960042e-02 nan
nan nan nan nan nan nan nan nan nan nan nan nan nan nan nan nan nan nan nan nan 3.301324301355589019e-02 nan nan 1.059938571814325256e-02 1.559456099920828202e-03 -2.466624055444798999e-02 nan nan
