nan nan nan -2.184420880391462622e-02 -2.456188743359484158e-02 nan nan nan nan nan nan nan nan nan nan nan nan nan nan nan nan nan nan nan nan nan nan nan
nan nan nan 1.176278737703568243e-02 3.078695520201591915e-02 -5.264610498953612577e-02 1.998137062249377011e-02 nan nan nan nan nan nan nan nan nan nan nan nan nan nan nan nan nan nan nan nan nan
nan nan 8.576982290677069576e-02 7.896335909745715032e-02 -9.080618637081334932e-02 -2.251401069171920025e-02 -9.539995651654755229e-03 -1.350641697153755483e-01 nan nan nan nan nan nan nan nan nan nan nan nan nan nan nan nan nan nan nan nan
nan -1.440485211300357726e-01 9.124028397574372728e-02 -9.060460874658025909e-03 -8.678225887792111182e-02 5.609664238748891113e-02 -6.606575299606008700e-02 -2.218989855772646180e-01 -9.511263906833147819e-02 nan nan nan nan nan nan nan nan nan nan nan nan nan nan nan nan nan nan nan
nan -3.456894694690183789e-02 -1.172558726029472587e-02 -6.153544352430955627e-02 1.634241316743038630e-01 -6.948527241025727330e-02 -3.268819986821796392e-02 -4.724966550382960623e-02 3.113509440710099732e-02 -6.846791564469920099e-02 nan nan nan nan nan nan nan nan nan nan nan nan nan nan nan nan nan nan
9.391055977026109558e-02 2.365980208293904860e-02 2.552389864996782581e-02 1.654583827230830806e-02 -1.200440636250854204e-01 4.501416477187364373e-02 -1.386024931353691328e-02 -1.372581122081553695e-01 -1.502502769430330565e-01 nan nan nan nan nan nan nan nan nan nan nan nan nan nan nan nan nan nan nan
1.105749067829588372e-01 -6.477751755131262723e-02 7.300745800229237192e-02 -1.462763139860813813e-02 -2.601866593706576511e-02 -5.757224659572651032e-02 -3.375650823717207816e-02 -1.360052118049291658e-01 -1.282903514821982227e-01 nan nan nan nan nan nan nan nan nan nan nan nan nan nan nan nan nan nan nan
-8.292286776982882301e-02 4.253021851043747165e-02 -1.472074817565960890e-02 -2.347533844685187332e-02 1.076812123675668226e-02 5.475016655311529257e-02 -5.568013781367120441e-02 -1.105549294446661612e-01 -1.032325215069943986e-01 nan nan nan nan nan nan nan nan nan nan nan nan nan nan nan nan nan nan nan
nan 1.646733606679175177e-02 -1.948565991562553612e-02 -3.213068678486824536e-02 1.825602767059786302e-03 5.828291015033825948e-03 4.997870898113793842e-02 -2.389500990526761959e-01 -4.556435844079172182e-02 -1.607609285639075569e-01 nan nan nan nan nan nan nan nan nan nan nan nan nan nan nan nan nan nan
nan -1.974124997376999757e-02 1.998187972032152565e-02 4.823662459701356237e-02 1.278052271482174249e-02 4.050462341414033662e-03 -4.071447898015762706e-02 1.525734484696148092e-02 -3.847782586193909671e-02 -5.998631928786502497e-03 nan nan nan nan nan nan nan nan nan nan nan nan nan nan nan nan nan nan
nan 3.269029754064382148e-02 4.810741674001365459e-03 -2.910976991611468820e-02 1.128468189308892526e-02 -1.330314527122650019e-02 -2.619004075376480181e-02 7.037317589527614103e-02 -5.465195963377717653e-02 -8.220595122165491597e-02 nan nan nan nan nan nan nan nan nan nan nan nan nan nan nan nan nan nan
nan nan 5.822339340318891283e-03 -5.267759294942988765e-03 2.241419154929318210e-03 -3.312844506761376123e-02 5.753895481700537634e-02 -1.766742249274926846e-01 -1.675418380632021087e-02 -9.051693811931536826e-02 nan nan nan nan nan nan nan nan nan nan nan nan nan nan nan nan nan nan
nan nan -3.649117624135415211e-02 -1.817190854496904609e-02 1.544399070275047706e-02 nan 3.690299934460018055e-02 -7.670631892146122233e-02 -4.643547571234430890e-03 -1.315799491999269100e-01 nan nan nan nan nan nan nan nan nan nan nan nan nan nan nan nan nan nan
nan nan nan nan nan nan 1.008349636197754112e-01 2.041184476953724833e-02 -8.727616086745476620e-02 1.423766844339701895e-02 nan nan -5.360688993982105563e-03 nan nan nan nan nan nan nan nan nan nan nan nan nan nan nan
nan nan nan nan nan 1.013475845142042947e-01 3.958152117237660750e-02 4.084585832110519872e-04 -3.738766538446142151e-02 -2.500446954179085662e-02 nan nan nan nan nan nan nan nan nan nan nan nan nan nan nan nan nan nan
nan nan nan nan nan 1.025298453966476953e-01 2.361839160020709049e-03 -3.418151292016865378e-02 2.120650930531984071e-02 -6.225817853064189583e-02 4.733779016361247538e-02 nan nan nan nan nan nan nan nan nan nan nan nan nan nan nan nan nan
nan nan nan nan nan 2.938592457746346670e-02 1.488560914738235041e-02 1.368409995059981579e-02 1.681601755642336046e-03 -1.017353189961278381e-01 -2.945265737862300809e-02 5.937789193618258320e-03 nan -2.316773535675115646e-03 nan nan nan nan nan nan nan nan nan nan nan nan nan nan
nan nan nan nan nan 4.509584032517254676e-02 3.302005280537581577e-02 1.691782218552191283e-02 -1.912817699907981214e-03 1.982679630955955924e-02 6.322153631688536002e-02 -4.935019202174247693e-02 -1.361777817177426721e-02 -3.329679746005034108e-03 -4.495387824982442597e-03 nan nan nan nan nan nan nan nan nan nan nan nan nan
nan nan nan nan nan 1.375617379601032086e-01 5.128857098175115294e-03 9.585392215753826134e-03 3.566034193991562441e-03 2.427804771252580623e-02 1.431219705368362571e-02 -9.193375378997625108e-03 -8.916027334535017723e-02 -5.011370662197367487e-02 6.089676449886906838e-03 -8.033337864002318678e-04 -1.398104322798421340e-02 nan nan nan nan nan nan nan nan nan nan nan
nan nan nan nan nan nan -1.779544415132514393e-02 1.492999093803468874e-02 2.703054672863651389e-03 -1.416664435791172710e-02 -8.336485880472735768e-03 -3.108994841570963258e-02 -3.476694969316448253e-02 -4.853839090287176417e-02 -7.051170916971256919e-02 -9.174376902437786970e-04 -1.777727666376749394e-02 -1.938200316027367115e-02 nan nan nan nan nan nan nan nan nan nan
nan nan nan nan nan nan nan -9.557407829273750115e-04 -1.612902442760919680e-02 3.599211875427654143e-03 -1.152468283703083490e-02 -1.816628405769794841e-02 2.533753295096938252e-02 -2.243163875407148608e-02 -3.257480044201940123e-02 -7.364863391501576262e-02 -1.385853798829009449e-02 -4.140858688373039165e-02 -2.436198926190687175e-02 nan nan nan nan nan nan nan nan nan
nan nan nan nan nan nan nan -5.673481681338383466e-03 -2.157936597842508020e-02 1.869888378014938034e-03 -5.852905376418013339e-03 1.042038660407404969e-02 1.018972077248766345e-02 7.789690332192428235e-03 -3.864339790766747711e-03 -9.840201637702654380e-02 -4.138725491193707973e-02 -2.461886080715795094e-02 -8.712247824889472053e-03 -3.952186303740615192e-02 nan nan nan nan nan nan nan nan
nan nan nan nan nan nan nan nan -1.778087479279057657e-03 -6.382694648672648970e-03 3.454606847581966241e-03 1.359744000679162339e-02 1.506594428603086691e-02 1.473910415134313187e-02 1.382221371555892447e-02 -2.875217501715070928e-02 -1.395147750731909331e-01 8.567832602310501006e-03 -4.560680672853929807e-02 -5.003138389676124731e-02 -2.260426766003718890e-02 -1.171541951883266902e-02 nan nan nan nan nan nan
nan nan nan nan nan nan nan nan nan 7.861443662718600733e-02 -8.445718038510286602e-03 3.915095168688855626e-02 2.515644457225122907e-02 4.040337679916464891e-02 -5.863357650349323991e-02 -4.475869641350673639e-02 -8.853205863923960250e-02 -5.918999434272385896e-02 2.043620136331229797e-02 -6.175733237084735788e-02 -2.866534687662249115e-02 -5.386716872268471588e-03 1.982145743739232788e-02 nan nan nan nan nan
nan nan nan nan nan nan nan nan nan nan 1.902877944912313019e-02 8.787968451559376865e-03 1.581148922721355848e-02 3.414764643057664056e-02 -1.664707900199380655e-02 -2.415907695288989007e-02 -1.133174560524016078e-02 -1.225365265251506658e-01 -2.418896437530504775e-02 -1.588399223540491387e-02 -5.893747209286172295e-02 1.737090780489999528e-02 1.308576781540275735e-02 8.568210478368861599e-03 -9.308121715507574126e-03 1.128451484679043708e-02 nan nan
nan nan nan nan nan nan nan nan nan nan nan nan 1.683529442635185031e-02 7.621403206140911317e-03 1.029881678559481026e-02 -2.060975172112512396e-02 -1.453793316981755526e-02 -3.065429801618504979e-02 2.236620812581747303e-02 4.960419393730264304e-03 -9.398610281704983249e-02 -3.817307700034573703e-02 -7.691410045454789325e-03 3.228970981735665435e-02 -1.386111539603019152e-02 -2.026295591039502589e-02 nan nan
nan nan nan nan nan nan nan nan nan nan nan nan nan 1.305517497942933723e-02 6.354956350145704244e-03 -3.376166174341880405e-02 1.768039803685328773e-02 -5.556419903610899241e-02 2.068188715595117855e-02 -4.304278392239666018e-02 -1.250445759750595520e-01 4.460790055271966759e-02 -6.710320376486121619e-02 -3.461746067810141103e-02 -3.490340231375402280e-02 -2.620817605792996607e-02 nan nan
nan nan nan nan nan nan nan nan nan nan nan nan nan nan nan -2.232320413326138384e-02 -6.357371302525080536e-02 2.174184642169590086e-03 -1.137426724893664254e-02 -9.269595750431480763e-02 3.282230050941155330e-02 -2.231911101827277477e-02 9.210326042145189698e-03 -2.715544543289819673e-02 -4.448618543208604503e-02 -5.624680211536930985e-02 nan nan
nan nan nan nan nan nan nan nan nan nan nan nan nan nan nan nan nan -4.549414842523693409e-02 4.418410063145546129e-02 -4.946440045870571095e-03 -5.348154900563234504e-02 6.881989598222918066e-03 1.114667395966701113e-01 2.478221340947647094e-02 -2.998619113910613518e-02 -3.430336214732701561e-02 2.887429552788896986e-02 nan
nan nan nan nan nan nan nan nan nan nan nan nan nan nan nan nan nan nan nan nan 4.057926955679715814e-02 nan nan -2.404859999245236024e-02 -1.083626931747828231e-02 -2.206308935901291068e-02 nan nan
