nan nan nan 6.336886068952421805e-03 1.488841336970948663e-02 nan nan nan nan nan nan nan nan nan nan nan nan nan nan nan nan nan nan nan nan nan nan nan
nan nan nan 9.372098289794275616e-02 -1.191125222349825354e-02 -7.364059275453480047e-02 -2.088127405104054507e-02 nan nan nan nan nan nan nan nan nan nan nan nan nan nan nan nan nan nan nan nan nan
nan nan 6.160713928346386870e-02 -2.071288625387993076e-02 -5.764789562498200820e-02 -4.731917713113186624e-02 -2.709613291176336120e-02 -1.877495056087584713e-01 nan nan nan nan nan nan nan nan nan nan nan nan nan nan nan nan nan nan nan nan
nan 1.670476569468938577e-01 -1.043011290081063969e-01 -1.280956649541483972e-01 -4.529858823974711873e-02 -1.254882116592435752e-02 -1.285908573063200902e-02 -2.133363109418086601e-01 -4.239008751159396848e-02 nan nan nan nan nan nan nan nan nan nan nan nan nan nan nan nan nan nan nan
nan -6.144575092247859388e-02 -3.646509597350819885e-03 -4.714640863224242931e-03 1.172029933278462138e-01 -1.262655859311218216e-02 -1.711077673586226117e-02 -5.719167718696836072e-02 2.983554707054005689e-02 -7.397897541648247588e-02 nan nan nan nan nan nan nan nan nan nan nan nan nan nan nan nan nan nan
1.067501190224043883e-01 1.883340214164912901e-02 9.208132677992031390e-03 9.009148129392739734e-02 -1.265013148295930367e-01 8.203833021113419999e-02 -7.570467685803136497e-03 -1.426531165060072881e-01 -1.588804724041830430e-01 nan nan nan nan nan nan nan nan nan nan nan nan nan nan nan nan nan nan nan
-5.389757298715124045e-03 8.249035038416764609e-03 -1.790968515571114000e-02 1.457408885899402484e-01 8.832314336317295678e-02 -6.053715293064149128e-02 -4.262379581436881448e-03 -1.793619551037212989e-01 -1.200339318758851664e-01 nan nan nan nan nan nan nan nan nan nan nan nan nan nan nan nan nan nan nan
6.173207643767956998e-02 -7.269968014681764835e-04 -6.278320586566395189e-02 4.668061714523655259e-02 -4.868376790046630154e-02 1.221142390226715863e-01 -8.939028251195925423e-02 -2.320079103380553176e-01 -4.939471003725382642e-02 nan nan nan nan nan nan nan nan nan nan nan nan nan nan nan nan nan nan nan
nan 3.621933286798818125e-03 1.541469792286122298e-02 -4.736709199510248658e-02 -8.643208461853846281e-03 -1.930106153651731105e-02 -1.169818110001164500e-02 -2.376073322344841865e-01 -1.384943689604824918e-02 -1.668440837356923723e-01 nan nan nan nan nan nan nan nan nan nan nan nan nan nan nan nan nan nan
nan 2.191303478405115177e-02 -3.048736080294245886e-03 1.957759076281011257e-02 -5.917095729994704262e-02 -4.778797885173855647e-03 -7.923554010575612622e-03 -2.592507983548847719e-02 -1.765549618767653156e-03 -3.578735125995738398e-02 nan nan nan nan nan nan nan nan nan nan nan nan nan nan nan nan nan nan
nan 3.906012782376520887e-02 9.238647444301346587e-04 -3.969705442042064519e-02 -1.654542250042673190e-02 -2.130886182820238006e-02 7.345595812766356203e-02 -8.678886670732019470e-02 -3.630586092557908789e-02 -8.255104889222854292e-02 nan nan nan nan nan nan nan nan nan nan nan nan nan nan nan nan nan nan
nan nan -2.990276726209141478e-03 1.297464082895193049e-02 -6.277447622493992352e-02 -2.509517010697785711e-03 1.017127224901338417e-01 -1.027891747782826992e-01 5.888705631857615863e-03 -7.675282818814441188e-02 nan nan nan nan nan nan nan nan nan nan nan nan nan nan nan nan nan nan
nan nan -1.933113864708386337e-02 -3.432777315504358107e-02 8.991164807315678298e-02 nan 5.696452753837745984e-03 -1.105572589318629673e-01 -4.417401179660915972e-03 -1.232199440913064603e-01 nan nan nan nan nan nan nan nan nan nan nan nan nan nan nan nan nan nan
nan nan nan nan nan nan 6.128394805130248091e-02 5.634770104599757384e-02 -6.546655666954448449e-02 1.884920748164157708e-02 nan nan -5.865300961532696720e-03 nan nan nan nan nan nan nan nan nan nan nan nan nan nan nan
nan nan nan nan nan 8.770166559121074512e-02 3.937082747348933515e-02 1.878678153906239781e-02 -6.195897995780186990e-02 -2.464911337397051455e-02 nan nan nan nan nan nan nan nan nan nan nan nan nan nan nan nan nan nan
nan nan nan nan nan 8.809596264002513000e-02 -9.228238644739244351e-03 -4.191430721524622149e-02 2.740711041574024880e-03 -5.520240229125206177e-02 2.539430334315961532e-02 nan nan nan nan nan nan nan nan nan nan nan nan nan nan nan nan nan
nan nan nan nan nan 3.609090261816821910e-02 2.122686551809684248e-03 -3.753860057037724726e-03 2.249535361370273538e-03 -9.078244335452584357e-02 -1.440934933199461768e-02 6.446640925503072626e-03 nan -2.122813448265148742e-02 nan nan nan nan nan nan nan nan nan nan nan nan nan nan
nan nan nan nan nan 3.486762520789624120e-02 5.331100004921959616e-03 1.034852588541034868e-03 3.000370908965527012e-03 2.640598002344603581e-02 6.499159215868093031e-02 -5.054957075204316586e-02 -1.778144851301088555e-02 5.771617396417271124e-03 -1.503237635583534217e-02 nan nan nan nan nan nan nan nan nan nan nan nan nan
nan nan nan nan nan 1.205677907302032809e-01 -5.942088592498124232e-03 1.432656627571690308e-02 1.396131034078232011e-02 3.351967794316631361e-02 1.606842132311218918e-02 -1.422248566438228355e-02 -7.734015296252508276e-02 -4.851548466535519216e-02 9.640422038427303927e-03 -1.253459412109122519e-02 -1.563847867983768000e-02 nan nan nan nan nan nan nan nan nan nan nan
nan nan nan nan nan nan -1.292255280685434930e-02 1.490277405985746678e-02 4.612025112337167845e-03 -6.587936227485048993e-03 -8.193201688365377502e-03 -2.107228365474220211e-02 -2.724995766627475238e-02 -4.876252429058338528e-02 -6.790265545830526106e-02 5.982354208627600929e-03 -1.736768747378945876e-02 -1.532589980938652528e-02 nan nan nan nan nan nan nan nan nan nan
nan nan nan nan nan nan nan 1.107827042348737655e-02 -5.584259662584310606e-03 2.543325648863082548e-03 1.792376665178415165e-02 2.992873216863172967e-02 1.322549949608844456e-02 -3.331505409281185215e-02 -3.994999150300033303e-02 -5.933951779339826510e-02 -9.996072189742502903e-03 -2.815072078343706929e-02 -1.731813375365568938e-02 nan nan nan nan nan nan nan nan nan
nan nan nan nan nan nan nan 1.349302640183938640e-02 -2.313478237980678975e-02 -6.209750772598702888e-03 1.388880364750388419e-03 2.279310793181380315e-02 -4.181383785759110183e-02 5.184815836994381526e-03 7.257216446077607505e-04 -6.074158598319111257e-02 -4.762531829212385964e-02 -2.874318686688491151e-02 3.622924923611543606e-03 -1.075947158959407630e-02 nan nan nan nan nan nan nan nan
nan nan nan nan nan nan nan nan 1.529142533377694964e-02 -2.670336506792506809e-02 5.180349291334286448e-03 6.096026030519989362e-03 3.611458045616189327e-04 6.717811348625250811e-02 -1.147455340398223847e-02 -1.651858374995519158e-02 -1.125547803044806283e-01 -1.476282238949405343e-02 -3.164054453462879224e-02 -4.187787523113710442e-02 -1.824046456897783150e-02 nan nan nan nan nan nan nan
nan nan nan nan nan nan nan nan nan 3.549731225155294129e-02 -6.229276749267727460e-03 4.034261563196848283e-02 1.335936446875425967e-02 2.093796985626352261e-02 -2.367683389311420541e-02 -2.111213251805066707e-02 -5.211394933490910708e-02 -9.337973175045766183e-02 2.300736014731476903e-02 -7.106021602673794069e-02 -2.763744403631896579e-02 -7.410938614878719716e-03 8.979863414859475153e-04 nan nan nan nan nan
nan nan nan nan nan nan nan nan nan nan 3.209183680374562420e-02 4.163424062240784346e-02 1.997738314336834631e-02 3.519709624563089473e-02 -1.948201673122159153e-02 -2.114024358295791065e-02 -1.685813459142507242e-02 -9.217966539487633393e-02 -3.613117129468233768e-02 -2.601901184882770765e-02 -3.038589624479181087e-02 8.089899382840265787e-03 1.710836688955854820e-02 3.404872148168534840e-02 -5.318307330402088050e-03 nan nan nan
nan nan nan nan nan nan nan nan nan nan nan nan 4.043802316502178446e-02 -2.505336751429340994e-03 5.961016895721990907e-03 -1.640405402838366819e-02 -1.075454903305531409e-02 -1.358034892815183740e-02 2.254989886576442767e-02 -1.289170814189039699e-02 -6.190468103039205305e-02 -5.556943307128100334e-02 -8.885111125066666449e-03 4.762022952161819311e-02 -2.114614784829984759e-02 -2.445707420924357611e-02 nan nan
nan nan nan nan nan nan nan nan nan nan nan nan nan 1.854800412934859422e-02 -1.389602600989285446e-02 -2.006782811579855066e-02 1.768681256424343984e-02 -4.826366237527779379e-02 1.201339131376954750e-01 -4.326424251060267262e-02 -7.927555748113639111e-02 1.206286702216306968e-02 -3.010785136956133090e-02 -1.953826294765299496e-02 -4.780405218549034496e-02 -3.234613660736042340e-02 nan nan
nan nan nan nan nan nan nan nan nan nan nan nan nan nan nan 1.900255401200350068e-03 -4.334648757724782892e-02 -1.773448734804557170e-02 -5.970316590157542227e-04 -1.664314938387716561e-02 3.607000930492064873e-03 -1.648180118588199114e-02 -1.960485371330310603e-02 7.549841568737928124e-03 -6.817375693006177961e-02 -5.974877095638417984e-02 nan nan
nan nan nan nan nan nan nan nan nan nan nan nan nan nan nan nan nan 1.197317547544149777e-02 1.550197067362843462e-02 -2.313737658994588844e-02 -3.047915914351351924e-02 -3.230956392307079723e-03 9.273354244296348747e-02 4.469837881594623114e-02 -4.551782718089754376e-02 -4.302853742853722518e-02 3.130106865589279280e-02 nan
nan nan nan nan nan nan nan nan nan nan nan nan nan nan nan nan nan nan nan nan 7.642111688137082949e-03 nan nan 2.455154656797541024e-02 -3.141327926815194651e-03 -1.770245800160359304e-02 nan nan
