nan nan nan -5.063284654865281287e-02 -6.766247421038323537e-03 nan nan nan nan nan nan nan nan nan nan nan nan nan nan nan nan nan nan nan nan nan nan nan
nan nan nan 1.164324047986301375e-01 3.197397194643234082e-03 -9.746149417537569581e-02 3.342295025785950099e-03 nan nan nan nan nan nan nan nan nan nan nan nan nan nan nan nan nan nan nan nan nan
nan nan 3.107108339428226243e-02 9.884459234684542586e-03 -3.676497936100821956e-02 -5.410177773298160964e-02 -8.078627999660888473e-03 -1.221863551569038614e-01 nan nan nan nan nan nan nan nan nan nan nan nan nan nan nan nan nan nan nan nan
nan 9.511980815740078699e-02 -1.767508762684496734e-02 -9.632398625147593763e-02 -5.339768758593081699e-02 -2.008257138981668632e-02 -7.161819068741215322e-02 -1.213235101714908865e-01 -8.558305907401825285e-02 nan nan nan nan nan nan nan nan nan nan nan nan nan nan nan nan nan nan nan
nan 7.329293106369109967e-02 6.487400007871621521e-02 1.089147242619901423e-01 -1.342427323791326073e-02 1.861037001088919817e-03 -6.049180094009608960e-02 -2.784506333379968990e-03 -1.136115617531707755e-02 -9.748837707978288969e-02 nan nan nan nan nan nan nan nan nan nan nan nan nan nan nan nan nan nan
6.976230644623331034e-02 -6.670833300364771568e-02 2.986217045711558535e-02 -6.456906969470128412e-03 -1.340751380178797636e-01 6.587422235861574438e-02 -3.951150883664374114e-02 -1.047634968752522572e-01 -1.565929560394572484e-01 nan nan nan nan nan nan nan nan nan nan nan nan nan nan nan nan nan nan nan
-1.797020639507865628e-02 -6.170932330863122123e-02 8.386059251870722764e-02 7.926823926673813581e-03 2.119968190556937443e-02 -1.035110592305765569e-02 -1.062037624961848503e-01 -1.381602448301285924e-01 -1.152927746380599666e-01 nan nan nan nan nan nan nan nan nan nan nan nan nan nan nan nan nan nan nan
-5.827780498804388531e-02 5.310375194507186564e-02 2.423121593400558854e-02 -3.579256609586375926e-02 -7.000623772395882238e-02 -4.436941288616957392e-03 -7.259465464598424678e-02 -1.816944200500215378e-01 -4.254608332121003617e-02 nan nan nan nan nan nan nan nan nan nan nan nan nan nan nan nan nan nan nan
nan 4.707611924290081712e-02 -1.151751950673168476e-02 6.124857064534356202e-03 -3.873878226748121711e-02 1.535177948007912605e-03 -1.335829765659711788e-01 -1.389694767841685441e-01 -1.679638441305354030e-02 -1.837964897433889411e-01 nan nan nan nan nan nan nan nan nan nan nan nan nan nan nan nan nan nan
nan 1.442959925815268454e-02 3.344083395359828074e-03 -3.286234847886478766e-02 -8.261591966883648219e-02 -1.252445796177817025e-02 -5.714760045363043856e-02 -7.317648866219422961e-03 -5.350605814956267692e-02 -3.740930625782060842e-02 nan nan nan nan nan nan nan nan nan nan nan nan nan nan nan nan nan nan
nan 1.443214117224721725e-02 -3.277109191496978963e-02 1.474653620329669304e-02 -2.050496061370410752e-02 -5.917188126232782348e-03 -7.365040395506823601e-02 -2.042234201143920680e-02 -2.667438041368743601e-02 -9.407495504324431268e-02 nan nan nan nan nan nan nan nan nan nan nan nan nan nan nan nan nan nan
nan nan -1.384486195204940803e-02 -1.784477337952140516e-02 -3.340890350824705229e-02 -3.033242349881849070e-02 9.363095910433207048e-02 -1.099793482433085723e-01 -8.699515560028743544e-03 -1.016419812878642109e-01 nan nan nan nan nan nan nan nan nan nan nan nan nan nan nan nan nan nan
nan nan -2.009549755351903305e-02 -2.326372970338601992e-02 7.239819888627455069e-02 nan 5.895976110041839524e-02 -8.928138799181013774e-02 -3.236262826843681190e-02 -1.395453155357053998e-01 nan nan nan nan nan nan nan nan nan nan nan nan nan nan nan nan nan nan
nan nan nan nan nan nan 4.785763892164721783e-02 5.560320925039380358e-02 -8.307111839883388194e-02 1.492216976737853820e-02 nan nan -9.087968048634457660e-03 nan nan nan nan nan nan nan nan nan nan nan nan nan nan nan
nan nan nan nan nan 6.034972083007211774e-02 6.196293732790044556e-02 3.277502433107942065e-02 -5.512859032370356210e-02 -2.681328786908787273e-02 nan nan nan nan nan nan nan nan nan nan nan nan nan nan nan nan nan nan
nan nan nan nan nan 8.979089716895510831e-02 3.295662632655219776e-02 -4.214934933092349956e-02 -1.236776065749291449e-02 -5.411602302235044709e-02 2.757270901663477769e-02 nan nan nan nan nan nan nan nan nan nan nan nan nan nan nan nan nan
nan nan nan nan nan 4.643590767257865792e-02 1.576839874676600264e-02 -1.676591019471513483e-02 8.243994395812912976e-03 -8.437465091570786613e-02 -1.510247328090737716e-02 1.022828222830711974e-02 nan -8.656402361833108461e-02 nan nan nan nan nan nan nan nan nan nan nan nan nan nan
nan nan nan nan nan 3.347321852182452706e-02 5.896792451235492206e-03 4.296935662578350683e-03 1.889886573065821529e-02 1.607597040446718042e-02 4.047823825308206197e-02 -4.295154330175949414e-02 -1.938344391575399367e-02 -6.493432311475425683e-03 -5.198284150793217040e-02 nan nan nan nan nan nan nan nan nan nan nan nan nan
nan nan nan nan nan 1.287573181314293214e-01 -1.409546635202984849e-03 1.456930599924949853e-02 1.461444548482839769e-03 2.446535958308987402e-02 4.202306235241621592e-03 -9.259098223008274339e-05 -7.502660570786205685e-02 -5.004863732753150191e-02 9.894734205263589627e-03 -3.074638047793159731e-02 nan nan nan nan nan nan nan nan nan nan nan nan
nan nan nan nan nan nan -7.625897848044256751e-03 1.188868337536520478e-02 -2.255658390186349171e-03 -1.896738042002276900e-02 -9.773686589470269651e-03 -3.351521085929530519e-02 -2.744049278909566070e-02 -4.734949915596349534e-02 -6.764602997923356564e-02 2.440118849967789529e-03 -1.693098216644543449e-02 nan nan nan nan nan nan nan nan nan nan nan
nan nan nan nan nan nan nan -3.133583203073235426e-04 5.788140779671076611e-03 -1.082568225489631726e-02 -9.708871181742646100e-03 -1.289377154338713916e-02 -2.884287791341244838e-03 9.735234340055841720e-03 -3.918456988140779640e-02 -6.454458819367576983e-02 -1.047949273483765077e-02 -3.290631479622296851e-02 nan nan nan nan nan nan nan nan nan nan
nan nan nan nan nan nan nan -3.567115330432720291e-03 -3.954387615457148099e-03 -2.487208491240725655e-02 -7.003800206764301990e-03 1.772485295235907282e-02 6.669063285657405964e-03 3.723951674320395613e-04 -6.304309250792208309e-03 -6.147589843615217792e-02 -5.616300366650617271e-02 -2.996102710961080426e-02 4.754313765304128692e-03 nan nan nan nan nan nan nan nan nan
nan nan nan nan nan nan nan nan -1.793526951382707832e-02 -1.274019870200680804e-02 6.639219190198896586e-03 2.983271922756457629e-03 -6.354097552939939018e-03 1.345430125878959403e-02 1.000903093298978475e-02 -2.489980999846343537e-02 -1.123825147522704571e-01 -2.200981756277343299e-02 -3.000937782078329230e-02 -3.826802222818845300e-02 nan nan nan nan nan nan nan nan
nan nan nan nan nan nan nan nan nan -7.223771132662349347e-03 2.141203259207379375e-02 1.861506563828200025e-02 1.889006475072926676e-03 3.689174304829240941e-02 -6.239202504557365275e-02 4.765855714104282048e-03 -5.750393512369640636e-02 -9.211000348102009461e-02 2.741444820271059582e-02 -6.936390114231813508e-02 -2.929064452231574037e-02 nan nan nan nan nan nan nan
nan nan nan nan nan nan nan nan nan nan 1.710587949140618402e-02 4.336478052469563971e-02 2.526666154300807269e-03 2.164030024273204053e-02 -3.191393092021754807e-02 -4.155627337135487341e-03 9.117195085936143431e-03 -8.552432883601736313e-02 -5.871784724619145274e-02 -2.204903181659036496e-02 -3.324908059257412202e-02 1.164717248259890519e-03 nan nan nan nan nan nan
nan nan nan nan nan nan nan nan nan nan nan nan 2.394292727464546883e-02 8.081215607499610612e-03 -4.841471085998488681e-03 -3.754320970364843912e-02 1.436769612466272698e-04 -7.262094512115497766e-03 9.640056656230896158e-05 -3.795165487851784314e-02 -5.958221498995849852e-02 -5.831802691856603077e-02 -1.220435922186672044e-03 nan nan nan nan nan
nan nan nan nan nan nan nan nan nan nan nan nan nan 1.307280917273919395e-02 -7.752733648963601107e-03 -1.738693594116561339e-02 -5.413918172910825617e-03 2.318705851027887122e-02 -9.505844740183086103e-03 -1.491268066286497926e-02 -1.232697463874676547e-01 1.592593148528197861e-02 -3.064699216759788226e-03 -2.267800857227595182e-02 nan nan nan nan
nan nan nan nan nan nan nan nan nan nan nan nan nan nan nan -8.447234813368242196e-03 -4.414377459425790351e-02 -1.361095945882410951e-02 -3.080517401582814809e-03 -4.971246341452707079e-02 7.021234077814447923e-03 -1.640740351023398103e-02 -1.216452210835749191e-02 -4.474537397471728926e-03 -6.342653075478021929e-02 nan nan nan
nan nan nan nan nan nan nan nan nan nan nan nan nan nan nan nan nan -3.937110875386337638e-02 4.232203135146513084e-02 -2.501207179131089559e-02 -1.985866563055094583e-02 2.142093422276903497e-02 5.921455080469772980e-02 6.067368680537864323e-02 -4.072532007251440656e-02 nan nan nan
nan nan nan nan nan nan nan nan nan nan nan nan nan nan nan nan nan nan nan nan 2.066578876999475636e-02 nan nan 8.804497054606241074e-04 nan nan nan nan
