nan nan nan -7.873427272564638424e-02 5.947878395975120941e-02 nan nan nan nan nan nan nan nan nan nan nan nan nan nan nan nan nan nan nan nan nan nan nan
nan nan nan 1.887929261958366800e-02 1.611269897502552034e-02 -7.657295576951086979e-02 2.084662022588373159e-03 nan nan nan nan nan nan nan nan nan nan nan nan nan nan nan nan nan nan nan nan nan
nan nan 2.132926943845942780e-01 -6.678830580038475073e-02 2.884845393502203509e-02 -5.974687258396885192e-02 -3.652053713692497011e-02 -1.383122646019095126e-01 nan nan nan nan nan nan nan nan nan nan nan nan nan nan nan nan nan nan nan nan
nan 1.406847417049524873e-01 4.242993545388463322e-02 -1.732496691869127858e-01 -2.543349716273753938e-04 -1.851122904344227119e-02 -5.102446262861760201e-02 -1.349375112043947889e-01 -8.394049840077004443e-02 nan nan nan nan nan nan nan nan nan nan nan nan nan nan nan nan nan nan nan
nan -9.101892863961075220e-02 9.838735724824357320e-02 -2.283589030464383898e-02 1.835009269306583923e-02 1.064630126264012357e-02 -6.810306313614353235e-02 -5.613585286971261787e-03 1.475709777503036654e-02 -4.836998541815436259e-02 nan nan nan nan nan nan nan nan nan nan nan nan nan nan nan nan nan nan
8.400441507238455563e-02 6.452581622587308385e-02 -5.689094139058708394e-02 7.667874323601589492e-02 1.263971747702879456e-01 -6.453755891277485057e-02 -2.729076997457719964e-02 -9.349858006723305026e-02 -1.780269844380361066e-01 nan nan nan nan nan nan nan nan nan nan nan nan nan nan nan nan nan nan nan
6.245442013457343233e-02 6.044298954535166912e-02 5.528851051725890489e-03 1.278830959717784654e-01 -6.509633441300662071e-02 3.302437660117788637e-02 -5.921175777810665924e-02 -1.699265384633240616e-01 -8.458198523729866525e-02 nan nan nan nan nan nan nan nan nan nan nan nan nan nan nan nan nan nan nan
-5.053922542766590975e-02 3.895979562287572862e-02 8.539188125867716583e-02 3.591704754851526155e-02 6.673404054811697683e-02 -1.287323051678040120e-01 4.325940257256140342e-03 -1.701117508745088047e-01 -3.599670507056765972e-02 nan nan nan nan nan nan nan nan nan nan nan nan nan nan nan nan nan nan nan
nan 7.067092966871868888e-04 -5.307088263246363680e-02 -8.260054198394465100e-03 -5.476829302106640124e-02 -2.334114750409030728e-02 -1.025817111134981058e-01 -1.665160966897238082e-01 -5.516485016380209133e-02 -1.742123678392580310e-01 nan nan nan nan nan nan nan nan nan nan nan nan nan nan nan nan nan nan
nan 2.975737963681893833e-02 3.283813756297309511e-02 -6.507450149251058080e-02 -4.599663730687235386e-02 2.640290366266394642e-02 -1.324410401656793933e-02 -4.891851420218908120e-02 -3.233958348349277694e-03 -2.290874487177151086e-02 nan nan nan nan nan nan nan nan nan nan nan nan nan nan nan nan nan nan
nan 2.622930169406878509e-02 2.619411319964294951e-03 8.825434822340379876e-03 -1.628366790202408210e-02 1.410878563700336714e-02 -2.804384870598581811e-02 -6.919720257290136456e-02 -1.564152808824898280e-02 -8.747266841846118579e-02 nan nan nan nan nan nan nan nan nan nan nan nan nan nan nan nan nan nan
nan nan 3.571908661081290431e-02 -1.234305830932436697e-02 -4.651422838382422015e-02 2.756059420790042680e-02 4.788829105065445235e-02 -1.211925193871174894e-01 9.277670504837486065e-04 -8.706094863604847689e-02 nan nan nan nan nan nan nan nan nan nan nan nan nan nan nan nan nan nan
nan nan 1.924480651511545565e-03 -1.008658265970772613e-02 7.811362113847812594e-02 nan -9.015935557396638489e-03 -6.899658000652104939e-02 -2.836655149049687949e-02 -1.289297731604896746e-01 nan nan nan nan nan nan nan nan nan nan nan nan nan nan nan nan nan nan
nan nan nan nan nan nan 5.415048873308485333e-02 2.454714752551390763e-03 -5.480278688378974888e-02 2.682626975162887700e-02 nan nan -4.838384345691042893e-03 nan nan nan nan nan nan nan nan nan nan nan nan nan nan nan
nan nan nan nan nan 7.876995661907008894e-02 3.112673401552672539e-02 8.876765217687744569e-03 -3.920413372992923029e-02 -1.545929632484019725e-02 nan nan nan nan nan nan nan nan nan nan nan nan nan nan nan nan nan nan
nan nan nan nan nan 5.903623177139492167e-02 1.349812522864383101e-02 -2.672083836858866329e-02 3.456604146678262691e-03 -4.867281985294557439e-02 3.096897566799651849e-02 nan nan nan nan nan nan nan nan nan nan nan nan nan nan nan nan nan
nan nan nan nan nan 2.655320526839453910e-02 2.170180537262527895e-02 -2.223814593087694146e-03 1.194672502783226606e-02 -7.430567178370550696e-02 -8.528001134554794721e-03 8.863619241817667985e-03 nan -1.542045858628094367e-02 nan nan nan nan nan nan nan nan nan nan nan nan nan nan
nan nan nan nan nan 1.740802162938046016e-02 7.844151656136092235e-03 5.967270650160543671e-03 4.896482770971128697e-03 2.273582467083728326e-02 3.447391850436652694e-02 -4.283513401695002859e-02 -1.462490250614072174e-02 -9.780399821336153120e-04 -1.715645933867018455e-02 nan nan nan nan nan nan nan nan nan nan nan nan nan
nan nan nan nan nan 8.811109242318920787e-02 -7.436133779709062225e-03 2.809506694013228986e-02 9.480913078542872394e-03 2.204926964841432899e-02 -1.265136843568901836e-03 -1.857842412693205087e-03 -7.518374007783218405e-02 -5.125959322638286991e-02 6.876093331740691129e-03 -1.897246923654857462e-02 nan nan nan nan nan nan nan nan nan nan nan nan
nan nan nan nan nan nan -3.744329198366183088e-03 1.572939860968713272e-02 7.458272127379036304e-03 -2.339218235032623772e-02 -1.842268541705580770e-02 -3.499728142166710215e-02 -2.975615958840145334e-02 -4.924912183967311563e-02 -7.078187019609880060e-02 1.241351531959637277e-03 -1.686930941440922121e-02 nan nan nan nan nan nan nan nan nan nan nan
nan nan nan nan nan nan nan 9.121923935796966490e-03 -1.137926922026151217e-03 -5.443674887598764361e-03 -1.412037730458903101e-03 -2.549651252535195534e-02 1.836116438324925451e-03 8.732625515779095585e-03 -4.273707818589649043e-02 -6.349149833353294470e-02 -9.174303137634544358e-03 -3.033845503607540336e-02 nan nan nan nan nan nan nan nan nan nan
nan nan nan nan nan nan nan -3.076739046453827973e-03 -1.520128486534404189e-02 -1.374540942033613405e-02 -2.051745346366077964e-03 -2.072129802756950568e-03 -4.650743446185279413e-03 2.926128631267132379e-02 -7.524182637797422217e-04 -6.634206849413022689e-02 -5.820329278975522325e-02 -3.484793398515160373e-02 4.893988480477696849e-03 nan nan nan nan nan nan nan nan nan
nan nan nan nan nan nan nan nan -9.886220597913620775e-03 -6.717119501094128559e-03 3.013540926495002562e-03 1.412843844262985128e-02 -1.065842479383641468e-02 5.101009149621148209e-02 -1.321006168503196729e-02 -2.133952125641982653e-02 -1.035144218168308761e-01 -3.789570925054902562e-02 -3.347027575005668415e-02 -4.077911856375761313e-02 nan nan nan nan nan nan nan nan
nan nan nan nan nan nan nan nan nan -1.761548034493646067e-02 5.514981079930939001e-03 4.480289004191413682e-02 5.602141426538116177e-03 5.822274852533937221e-03 -3.538855044495391872e-02 -1.923994061219787277e-02 -4.621853261600647467e-02 -9.288232909296233186e-02 2.604953772214441132e-02 -6.879734423894481865e-02 -2.350416501934576505e-02 nan nan nan nan nan nan nan
nan nan nan nan nan nan nan nan nan nan 1.224909482825686053e-03 3.463632467532127418e-02 1.576282081640827462e-02 9.159680264700346616e-03 -1.873259029948047896e-02 -3.832572886020402247e-02 -6.097327757603459610e-03 -6.616109886264570639e-02 -4.969254810476038398e-02 -2.148462530664248249e-02 -2.746677584612071399e-02 3.298456570675714974e-03 nan nan nan nan nan nan
nan nan nan nan nan nan nan nan nan nan nan nan 2.251546263960208655e-02 -2.653245764007731034e-03 2.655868956504439486e-03 -8.091384174447496455e-03 -4.858556519970408383e-02 1.150413445282841805e-02 -1.721507484640638283e-02 -2.165542392439603891e-02 -6.848997764310810199e-02 -5.722717008461986055e-02 1.071716894235557986e-02 4.602172022191397538e-02 nan nan nan nan
nan nan nan nan nan nan nan nan nan nan nan nan nan 1.354679141794916560e-02 -1.475813143851156806e-02 -2.786298744654279111e-02 3.224413233371248300e-02 2.052033555523108746e-02 -7.561087014920529412e-03 -4.309745032523191327e-02 -7.256588543097385047e-02 -3.904713614632977087e-03 -2.581136343039983939e-03 -2.918233471758871142e-02 -4.490029552266792262e-02 nan nan nan
nan nan nan nan nan nan nan nan nan nan nan nan nan nan nan -3.457806871606401711e-02 -1.227942642946239747e-02 -5.828685815514096473e-03 -3.695308114370560778e-03 -3.513309221980444319e-02 -3.777950894013534094e-02 -1.665559510947212454e-02 -2.763734811944429555e-03 -1.067333738999038176e-02 -6.417772287276611587e-02 -4.846058673836502184e-02 nan nan
nan nan nan nan nan nan nan nan nan nan nan nan nan nan nan nan nan -4.677195956682633077e-02 3.863540068372185721e-02 -3.097181572631783550e-02 -4.017577191985167995e-02 8.455162270261317239e-03 3.641691506164449615e-02 5.448245898806314269e-02 -3.159693407520729191e-02 -3.114674036061058221e-02 nan nan
nan nan nan nan nan nan nan nan nan nan nan nan nan nan nan nan nan nan nan nan 2.953003757525769074e-02 nan nan -2.919820749147446388e-04 -7.035799529026734445e-03 -1.627479881800978148e-02 nan nan
