nan nan nan 5.386359179002470077e-02 -1.128975145826496308e-02 nan nan nan nan nan nan nan nan nan nan nan nan nan nan nan nan nan nan nan nan nan nan nan
nan nan nan -1.721912911060208273e-02 7.813357975051416285e-03 -5.178760615186406985e-02 8.601058157740570573e-03 nan nan nan nan nan nan nan nan nan nan nan nan nan nan nan nan nan nan nan nan nan
nan nan -2.655595996530738315e-02 1.535381756201284302e-02 8.984095570792391405e-02 -2.991501418154586187e-02 -2.167725060953323846e-02 -2.018095220955005986e-01 nan nan nan nan nan nan nan nan nan nan nan nan nan nan nan nan nan nan nan nan
nan -7.975526644030939138e-02 -8.449923386357225535e-03 2.402240049769293478e-02 -1.074271569964234396e-01 3.577630227829839415e-02 -1.026834517696371130e-01 -1.954499269724844779e-01 -5.326937210098851849e-02 nan nan nan nan nan nan nan nan nan nan nan nan nan nan nan nan nan nan nan
nan 3.470008853690905587e-02 4.657323789388788382e-02 6.136906093485788860e-02 1.153913132791529322e-02 2.001330368301188628e-02 -7.913975170993531316e-02 -3.320289759958289927e-02 6.645706367777374016e-03 -7.207045737947305464e-02 nan nan nan nan nan nan nan nan nan nan nan nan nan nan nan nan nan nan
2.185261953540208052e-02 6.469377200943013384e-02 1.010148876833499576e-01 3.232028753986783409e-02 -3.649026561362420790e-02 -7.294374556197244508e-02 -5.538242201760574385e-02 -1.282570045860514929e-01 -1.605227998770483167e-01 nan nan nan nan nan nan nan nan nan nan nan nan nan nan nan nan nan nan nan
2.657276695554935952e-02 -1.070858932677547226e-03 4.615304158919669719e-02 3.153999207954218814e-02 5.153735132357283727e-02 -3.612854174268698842e-02 -6.794527472375533339e-02 -2.650108459648357062e-01 -7.528290003815446552e-02 nan nan nan nan nan nan nan nan nan nan nan nan nan nan nan nan nan nan nan
-4.721755082495505962e-02 8.554640519635962892e-02 4.417270308065971568e-02 -1.933058369778382912e-01 1.866687565758774411e-02 -5.033859302912273986e-02 -6.510940727089969959e-02 -1.952150944606674265e-01 -3.238730754897755498e-02 nan nan nan nan nan nan nan nan nan nan nan nan nan nan nan nan nan nan nan
nan 8.780093879137738921e-02 2.124817942213876043e-02 3.472210739431932924e-02 -3.641863815260523024e-02 5.377583394257734462e-02 -1.205190710859718739e-01 -2.064548528133958449e-01 2.501508489486843970e-02 -1.622994063021357403e-01 nan nan nan nan nan nan nan nan nan nan nan nan nan nan nan nan nan nan
nan -3.595921545698903266e-02 -2.972165091759825309e-02 -2.104634620529644354e-02 -5.429251648512668782e-02 -6.042509537050371783e-03 1.073938304148079788e-02 2.292590634082411483e-02 -6.473815385320726146e-02 -4.301081912624675485e-02 nan nan nan nan nan nan nan nan nan nan nan nan nan nan nan nan nan nan
nan -4.574660845195342718e-02 -1.403224537448344647e-02 -2.028399795763082339e-02 -2.354550679700932736e-02 -3.068025215895694296e-02 2.854276033779541699e-02 -7.103867509170133827e-03 -3.098138616597043149e-02 -9.103868370883040628e-02 nan nan nan nan nan nan nan nan nan nan nan nan nan nan nan nan nan nan
nan nan -1.729328574105686717e-02 -3.162938477634934936e-02 -5.148238727557529620e-02 -5.449380314728967910e-03 1.419921057819743260e-01 -1.463519828102744225e-01 -1.590659187685920101e-03 -9.519111535369872978e-02 nan nan nan nan nan nan nan nan nan nan nan nan nan nan nan nan nan nan
nan nan -6.086866839002018706e-03 3.557064376471186923e-02 3.010840891968430064e-02 nan 3.377226568382040578e-02 -5.427525493798840417e-02 -3.822936738399693862e-02 -1.364985185773200660e-01 nan nan nan nan nan nan nan nan nan nan nan nan nan nan nan nan nan nan
nan nan nan nan nan nan 2.308831734123068663e-02 8.305837075893469923e-02 -8.259938704015441779e-02 9.779884602564119234e-03 nan nan -7.364682406606069126e-03 nan nan nan nan nan nan nan nan nan nan nan nan nan nan nan
nan nan nan nan nan 7.407812452011351689e-02 4.910403503599699432e-02 3.029196952811112967e-02 -6.728390701851728883e-02 -4.895037539957193540e-02 nan nan nan nan nan nan nan nan nan nan nan nan nan nan nan nan nan nan
nan nan nan nan nan 9.043390698604367173e-02 2.399070779679733992e-02 -1.015038083478797884e-03 1.053811883044056610e-02 -8.410809326872586977e-02 4.355770462997127918e-02 nan nan nan nan nan nan nan nan nan nan nan nan nan nan nan nan nan
nan nan nan nan nan 1.801089651852227566e-02 3.476202108517480183e-02 2.244735694650955640e-02 -3.994809914683318877e-03 -1.092350269942152785e-01 -1.108763190551381988e-03 1.795734147226555125e-02 nan -2.533782659087461045e-02 nan nan nan nan nan nan nan nan nan nan nan nan nan nan
nan nan nan nan nan 3.138704123911720267e-02 2.795413955474251172e-02 1.484598816706597484e-02 3.516924842646096394e-02 2.119220143532379343e-03 4.793719150355275904e-02 -3.807800389730565949e-02 -1.903820063869225004e-02 -1.111962800993932616e-03 -2.630532012183629462e-02 nan nan nan nan nan nan nan nan nan nan nan nan nan
nan nan nan nan nan 1.311804099126597789e-01 2.739685714930813285e-03 7.915755916561191541e-03 8.527955656106591190e-03 1.119974999294077317e-02 -2.641706666604870003e-03 -4.301105592023916381e-03 -7.675184890752258238e-02 -5.072435762419288952e-02 7.952862109661416878e-03 -2.611211244527767220e-02 nan nan nan nan nan nan nan nan nan nan nan nan
nan nan nan nan nan nan -4.377996424606525605e-03 1.054224677037706240e-02 -1.197271466272724610e-03 -2.132618473851739284e-03 -1.310739660440515819e-02 -3.081229093319206441e-02 -2.455457722826379086e-02 -4.513842348074752903e-02 -6.964203657339512743e-02 4.581275071964611457e-03 -1.906214861741593533e-02 nan nan nan nan nan nan nan nan nan nan nan
nan nan nan nan nan nan nan 6.925020052704778523e-03 1.390244994926538233e-02 -1.746588397685047700e-02 -8.013041987238522096e-03 -4.770534987266434289e-03 -2.358572964182898584e-04 1.124554621735633295e-02 -4.084061999689928002e-02 -6.231594723126127749e-02 -1.173085606430820417e-02 -3.279048759397157342e-02 nan nan nan nan nan nan nan nan nan nan
nan nan nan nan nan nan nan -1.195954131660124931e-02 -2.319923797492563777e-02 -1.051596879417969130e-02 2.488090942964009487e-03 6.299388907853218332e-03 1.102122606755027122e-02 1.304244933395449710e-02 4.896425517920964835e-04 -6.800991236814706020e-02 -6.190745054104498241e-02 -2.858072414906280903e-02 3.627551215302674253e-03 nan nan nan nan nan nan nan nan nan
nan nan nan nan nan nan nan nan 1.701958218524841221e-02 2.139327377058767351e-03 -1.772603841522920123e-02 3.106758643537866488e-02 4.750278926380523646e-03 2.812641567907456577e-03 5.008556717505480106e-04 -2.209981266470957204e-02 -1.228299144538098631e-01 -5.114541742482418656e-03 -3.221916260483379674e-02 -3.957741732112671218e-02 nan nan nan nan nan nan nan nan
nan nan nan nan nan nan nan nan nan 1.244923109190198066e-02 3.156326868940308172e-02 1.760816770737068382e-02 1.143769256428894820e-02 1.343888738647047026e-02 -2.720493583910807422e-02 -4.196391842578055947e-02 -3.141933421240511448e-02 -7.682260733989196289e-02 1.699779121759427414e-02 -7.070277383243389613e-02 -2.579057895327368718e-02 -1.678947665759238095e-02 nan nan nan nan nan nan
nan nan nan nan nan nan nan nan nan nan 1.958797411011111919e-02 2.283484695960146665e-02 2.585160189033915232e-03 1.637801123360293001e-02 -2.780185576897740637e-02 9.830521049808704087e-03 -2.739756824509492414e-02 -6.491043035430607566e-02 -5.012272966902203003e-02 -3.592190727112445914e-02 -2.589966367843602596e-02 3.320241957626437167e-03 1.342192790336466275e-02 nan nan nan nan nan
nan nan nan nan nan nan nan nan nan nan nan nan 1.616588355110670783e-02 1.371410586158653723e-02 -3.849089747814514722e-03 5.315786496967027722e-03 -3.940133719347839458e-02 -1.254348170408722124e-02 7.473435284165387549e-02 -6.093533592933016163e-02 -5.994852374706437226e-02 -5.764693288467127863e-02 8.569388427158203606e-03 5.418226459814751150e-02 -1.215931620724203591e-02 nan nan nan
nan nan nan nan nan nan nan nan nan nan nan nan nan 1.119169261417749840e-02 -7.683670181203233925e-03 -2.575855945728643126e-02 5.191773552272957622e-03 3.041567281572836456e-02 -5.335790578038102777e-02 -8.848730599555092169e-03 -1.027214218964763448e-01 1.195949500030037485e-02 1.097873445365626748e-02 -2.061145996357304985e-02 -3.250696291821320028e-02 -2.397620079720581485e-02 nan nan
nan nan nan nan nan nan nan nan nan nan nan nan nan nan nan -3.644034306486850644e-02 -2.261535786369063203e-02 -1.050938813401666033e-02 9.218197207972903678e-03 -2.026968535936722604e-02 -7.529570891088650970e-03 -3.067866929790569880e-02 -1.370418351633381359e-04 -9.567828496872522737e-03 -5.488871553030008621e-02 -4.700649192472235172e-02 nan nan
nan nan nan nan nan nan nan nan nan nan nan nan nan nan nan nan nan -4.965426030779745981e-02 -2.091573479997305487e-02 8.329023893836750778e-03 -3.018504572174539324e-02 3.156414078728986966e-02 4.325275795418256908e-02 2.941083911469599688e-02 -7.144503954499276457e-03 -2.983542840664260565e-02 2.246468207259418037e-02 nan
nan nan nan nan nan nan nan nan nan nan nan nan nan nan nan nan nan nan nan nan 4.241226257569476188e-02 nan nan -1.132985534004482715e-02 -3.790413400831469520e-02 -5.175840397559809854e-03 nan nan
