nan nan nan 2.121960743559498166e-02 7.892232839551482915e-03 nan nan nan nan nan nan nan nan nan nan nan nan nan nan nan nan nan nan nan nan nan nan nan
nan nan nan 7.503706759109433043e-03 2.498886409183079856e-03 -1.110472198628653512e-01 -4.621635821609543227e-02 nan nan nan nan nan nan nan nan nan nan nan nan nan nan nan nan nan nan nan nan nan
nan nan 1.920371376313233236e-02 1.339863645824773963e-01 -3.855754107556078752e-02 -3.647277797914657421e-02 -1.586108706629827531e-02 -1.911037683407600940e-01 nan nan nan nan nan nan nan nan nan nan nan nan nan nan nan nan nan nan nan nan
nan 4.935136129892435386e-02 7.243960152422659893e-02 1.518489395432010870e-02 -8.808874029707475239e-02 -2.465894791464699060e-02 -7.343839489161059497e-02 -2.180926135659005394e-01 -1.046501107721742180e-01 nan nan nan nan nan nan nan nan nan nan nan nan nan nan nan nan nan nan nan
nan 1.569434066871698008e-01 -8.080103187980151869e-02 8.814845937485048244e-02 -1.058761666985540556e-01 9.540847301082280504e-03 -6.905562998286540743e-02 -2.390234061622912784e-02 3.943964109643608579e-02 -9.702495087169976662e-02 nan nan nan nan nan nan nan nan nan nan nan nan nan nan nan nan nan nan
9.852317336106256734e-03 -8.823493994275423413e-02 4.065702403355000473e-03 5.965988054995755019e-02 -1.657138811381857757e-01 6.775616752616532568e-02 -4.341338063786798207e-02 -1.123647542595314769e-01 -2.377119215917759543e-01 nan nan nan nan nan nan nan nan nan nan nan nan nan nan nan nan nan nan nan
2.085591679596028244e-02 9.003598927334761914e-02 7.859964367887709025e-02 9.735018694340977219e-02 -1.677620067480073765e-02 -2.146781475971793959e-02 -5.706805918875045014e-02 -3.047695084885578276e-01 -1.649754252119308984e-01 nan nan nan nan nan nan nan nan nan nan nan nan nan nan nan nan nan nan nan
-7.556158832118583558e-03 2.557607890528250036e-02 4.470241722867508705e-02 7.212336308925523798e-02 -8.963051269114045982e-02 2.606743542703904293e-02 -2.049736437738726783e-02 -2.047171112301823526e-01 -7.770914922393637458e-02 nan nan nan nan nan nan nan nan nan nan nan nan nan nan nan nan nan nan nan
nan 4.444041213122881806e-02 -9.647079742749732623e-03 1.034045359262535622e-02 8.034670123873382738e-03 -4.215147428804715685e-02 -1.280747735258223607e-01 -2.797136117914512110e-01 -7.739554044866678306e-02 -1.565680139786374270e-01 nan nan nan nan nan nan nan nan nan nan nan nan nan nan nan nan nan nan
nan 1.585460147710997941e-02 3.889156498628944247e-02 -5.867558114217410331e-02 -6.792519044754113944e-02 -6.763248975442558673e-03 -8.235360654293170934e-02 -4.009969860724887925e-02 5.365880479915339195e-03 -2.389395780216156673e-02 nan nan nan nan nan nan nan nan nan nan nan nan nan nan nan nan nan nan
nan -2.175168298290115765e-02 -3.146773945854877338e-03 -2.340239388865562875e-02 -3.816604875907748246e-02 -1.527275929557059785e-02 -1.618003590883490897e-02 -1.457669614740674524e-01 -1.441587466158214259e-01 -8.864588709333516559e-02 nan nan nan nan nan nan nan nan nan nan nan nan nan nan nan nan nan nan
nan nan -6.311375789687288795e-02 -2.547517452889301245e-02 -4.554212891910561223e-02 6.375315643382401497e-03 6.199240265839382064e-02 -1.941420724564482114e-01 -9.689189282377486112e-02 4.532054162685700965e-02 nan nan nan nan nan nan nan nan nan nan nan nan nan nan nan nan nan nan
nan nan -1.744931791698233967e-02 5.514170629152780750e-02 -2.917219603463054936e-02 nan 4.590291297910707724e-02 -7.350181940065048103e-02 -4.499868983161812996e-02 -8.139157858720257044e-02 nan nan nan nan nan nan nan nan nan nan nan nan nan nan nan nan nan nan
nan nan nan nan nan nan 6.325910483335168456e-03 8.006909091411945623e-02 -1.268243404843770739e-01 2.177214798279874033e-02 nan nan 3.103998441265962745e-03 nan nan nan nan nan nan nan nan nan nan nan nan nan nan nan
nan nan nan nan nan 5.972544156361250800e-02 3.036410341619140765e-02 5.027488048997969666e-02 -5.471367256612810065e-02 -2.111451803225772306e-02 nan nan nan nan nan nan nan nan nan nan nan nan nan nan nan nan nan nan
nan nan nan nan nan 7.582605603536812788e-02 1.943295998853723089e-02 -3.488588294685401880e-03 3.909067335082099665e-03 -3.376763701590091565e-02 2.937189046823006702e-02 nan nan nan nan nan nan nan nan nan nan nan nan nan nan nan nan nan
nan nan nan nan nan 4.399868091928580555e-02 2.018456754532631237e-02 -1.446233850728324811e-04 2.378069748470379094e-02 -6.573410538526638924e-02 -1.933637058630998523e-02 -1.789347880589170535e-03 nan -8.244730111169646866e-03 nan nan nan nan nan nan nan nan nan nan nan nan nan nan
nan nan nan nan nan 2.382467511908819072e-02 3.503475390959467309e-03 2.787035042478466090e-02 2.781297468865017927e-02 1.212487038773631294e-02 4.688509199837749553e-02 -7.616757167960125363e-02 -1.498943429992360792e-02 -8.059532839140134877e-04 -9.721207274049898164e-03 nan nan nan nan nan nan nan nan nan nan nan nan nan
nan nan nan nan nan 1.332976304253215838e-01 1.627947353559066387e-03 2.337288500785054263e-02 -4.209442986120936515e-03 1.817962708193841814e-02 7.785027559968628677e-03 9.287189509814627528e-03 -8.839597292382231353e-02 -5.429385841105490579e-02 5.854339286266588629e-03 -9.882501732269919747e-04 -1.439897591538169541e-02 nan nan nan nan nan nan nan nan nan nan nan
nan nan nan nan nan nan -7.921916754147807771e-03 1.134155681779480500e-02 8.514202778348547085e-04 -2.377315014088556347e-02 -9.353400484825474467e-03 -2.362263680215949749e-02 -1.244360194691240644e-02 -6.299302392335058565e-02 -6.444187209052264220e-02 -1.100667935661568675e-03 -1.655836366553853703e-02 -1.925923792615320124e-02 nan nan nan nan nan nan nan nan nan nan
nan nan nan nan nan nan nan -8.095946428262001948e-03 -1.604515078851925791e-02 -6.557192916413334856e-03 1.304408103356470040e-02 -2.605039419765896661e-02 1.120629753994295368e-02 9.588156407108101159e-03 -5.071767519578582184e-02 -6.404846124106092220e-02 -1.365208265815804484e-02 -3.347234929646340090e-02 -1.681902819907880528e-02 nan nan nan nan nan nan nan nan nan
nan nan nan nan nan nan nan -3.399376956896802424e-05 -2.583831179789065902e-02 -8.622228246150156691e-03 3.832341620130969104e-03 5.907410152491138731e-03 2.596731439061262733e-03 1.453669149491248168e-02 -1.482562062702124685e-02 -4.762160442805043331e-02 -6.446572560841312693e-02 -3.035617312476297444e-02 8.212947399344890445e-03 -3.215549079887546069e-02 nan nan nan nan nan nan nan nan
nan nan nan nan nan nan nan nan -8.985292367510472333e-03 1.446588834059335440e-03 -7.861598717015641545e-05 9.481272529739485574e-03 -4.557445290953534948e-03 2.374311438706357830e-02 1.673363426850146569e-03 -5.424110479599101968e-03 -1.146471118790550053e-01 -2.359745666052696575e-02 -2.688459972497225445e-02 -4.224801290133597259e-02 -2.249473840213772960e-02 nan nan nan nan nan nan nan
nan nan nan nan nan nan nan nan nan 1.200263956385202307e-02 2.267551592199925498e-02 -1.249157684267563490e-03 2.427216613890524968e-02 9.930881084224680092e-03 -1.712797543773413034e-02 -2.258015721544160206e-02 -5.675317941231894370e-02 -9.814708787856342431e-02 3.294465560144645144e-02 -7.746739857193178647e-02 -2.826501028950841043e-02 -1.713033013667470197e-02 nan nan nan nan nan nan
nan nan nan nan nan nan nan nan nan nan -3.465869490105198680e-02 5.174516910236553330e-02 8.960066910660707470e-03 2.797210705688751506e-02 -3.471945628707864828e-02 4.184265687691578195e-02 -4.732505585032433654e-02 -6.521576181417952645e-02 -6.076003838304983029e-02 -3.312856674469763507e-02 -3.114737374591340299e-02 2.553721303670093094e-03 1.414579272563602601e-02 -2.023805842535471647e-02 nan nan nan nan
nan nan nan nan nan nan nan nan nan nan nan nan 4.282737828887141218e-03 1.853655607773451591e-02 8.291906661877583270e-04 -8.663893853491691152e-03 -3.005784940652317383e-02 -4.674652207262978108e-03 6.240903073597129161e-03 4.345280214565416625e-03 -7.991359922288668316e-02 -5.383615810092018394e-02 2.653142111164596452e-03 3.717275023014971619e-02 -1.276235301201767910e-02 -1.926753609989214494e-02 nan nan
nan nan nan nan nan nan nan nan nan nan nan nan nan 1.915097807176182124e-02 5.731652167878428447e-03 -3.112047343822652717e-02 1.561532033547017619e-02 -9.061454647023262088e-02 1.644356028798389310e-02 -3.321637011946925594e-02 -8.310374642902312869e-02 1.056576205794424080e-02 -9.211850493300279691e-03 -2.718097696502465646e-02 -3.952222725801501219e-02 -2.736558321030779437e-02 nan nan
nan nan nan nan nan nan nan nan nan nan nan nan nan nan nan 3.331340448471816883e-03 -9.260948906531955849e-02 -6.424183920427361258e-04 -3.784678432656333157e-03 -9.699342412462367766e-03 -6.802048753938819137e-02 -5.167603693747018813e-03 -2.990633777595786205e-02 -7.285283814758575748e-03 -6.101176380183939013e-02 -5.256110874085184737e-02 nan nan
nan nan nan nan nan nan nan nan nan nan nan nan nan nan nan nan nan -5.879937938888855214e-02 1.064846227510807680e-01 -2.720583811116821307e-02 -4.254946245902527929e-02 6.191744900099500903e-03 6.178958466097302094e-02 5.369752505071029303e-02 -3.706765453149210576e-02 -4.314939317496093579e-02 3.680130343264854248e-02 nan
nan nan nan nan nan nan nan nan nan nan nan nan nan nan nan nan nan nan nan nan 5.423760909449851231e-02 nan nan 5.980430032575146694e-03 6.575581425364374413e-03 -1.715844590674186002e-02 nan nan
