nan nan nan 4.024189056498565786e-02 -2.862369500242121015e-02 nan nan nan nan nan nan nan nan nan nan nan nan nan nan nan nan nan nan nan nan nan nan nan
nan nan nan 2.526698428200251922e-01 -8.335409155669733228e-02 -6.308921548210409680e-02 1.015718520511952466e-02 nan nan nan nan nan nan nan nan nan nan nan nan nan nan nan nan nan nan nan nan nan
nan nan -1.931743240531147432e-01 2.281398862072564829e-02 -6.118716468114621110e-02 -4.196505189767927441e-02 -1.231907617128636875e-02 -1.522568027402980695e-01 nan nan nan nan nan nan nan nan nan nan nan nan nan nan nan nan nan nan nan nan
nan 8.464618294733673720e-02 3.760374608393740603e-02 -1.410152211873069196e-02 -8.338266963793904141e-02 2.166737007811636237e-02 -7.662670250961646501e-02 -6.476316194412248817e-02 -7.727395347958251892e-02 nan nan nan nan nan nan nan nan nan nan nan nan nan nan nan nan nan nan nan
nan 6.784939669586756428e-02 -3.228919570877004236e-02 1.775486529866898006e-02 -8.087764595461546802e-02 -2.076347314076801634e-02 -6.970133143052617553e-02 2.199852761267719406e-03 -1.194558620890437409e-05 -7.388664809331740857e-02 nan nan nan nan nan nan nan nan nan nan nan nan nan nan nan nan nan nan
9.968395016185155333e-02 3.961981989903105850e-02 2.998395462738237104e-03 -4.990263367543035233e-02 8.223306822946249706e-02 -4.041702401438673417e-03 -7.719361896086977815e-02 -9.986614479502392561e-02 -1.413702245113755140e-01 nan nan nan nan nan nan nan nan nan nan nan nan nan nan nan nan nan nan nan
1.904961628849187807e-02 2.347743108296076325e-02 -4.525490700033386882e-02 1.379149286294767754e-02 -7.407721636037675750e-02 -4.671485105630054924e-02 -3.768780286594302503e-02 -1.991886975386424619e-01 -9.358067263502753419e-02 nan nan nan nan nan nan nan nan nan nan nan nan nan nan nan nan nan nan nan
-5.445997728676205824e-02 8.358912540217790232e-02 5.024007155346746356e-02 -1.154871470458072001e-02 2.295818872061308746e-02 4.115422134678031751e-02 -7.831381071404772132e-02 -1.831450428150320220e-01 -4.906760249410689612e-02 nan nan nan nan nan nan nan nan nan nan nan nan nan nan nan nan nan nan nan
nan 4.547838537151520366e-02 -5.947839753275137309e-02 -1.818378793710833524e-02 -2.489824080189179459e-02 1.473264092839127832e-03 -6.405593495266308224e-02 -2.046430118983436075e-01 -3.625836496131852604e-02 -1.761756299307449258e-01 nan nan nan nan nan nan nan nan nan nan nan nan nan nan nan nan nan nan
nan 6.950522303686595613e-03 9.189165424323108775e-03 2.383472290020750145e-02 -2.886140670236032185e-02 -1.493989710295897527e-02 -6.184565389694249293e-02 -6.204457143894248974e-03 -4.245471057071711213e-02 -1.655807872885240242e-02 nan nan nan nan nan nan nan nan nan nan nan nan nan nan nan nan nan nan
nan 5.336774471522612306e-02 3.102884809317169468e-03 -2.205412326163164096e-03 -1.024404693775653533e-02 2.256786994041083336e-02 2.016770281176072724e-02 -5.453607391309367447e-02 3.533236123614979379e-02 -9.613108302106851411e-02 nan nan nan nan nan nan nan nan nan nan nan nan nan nan nan nan nan nan
nan nan 6.029391597807616174e-03 -4.599057145176916640e-03 -5.073640733881389087e-02 1.183757559649412441e-02 3.329481020313978384e-02 -1.033878264254462498e-01 1.234374193561973629e-03 -1.362894807148033460e-01 nan nan nan nan nan nan nan nan nan nan nan nan nan nan nan nan nan nan
nan nan -9.946864149214786066e-03 -2.373849141422597689e-02 -9.608576917423039196e-03 nan 5.157722006428797079e-02 -4.936785601594025075e-02 -5.789406142817956485e-02 -1.384618520726378366e-01 nan nan nan nan nan nan nan nan nan nan nan nan nan nan nan nan nan nan
nan nan nan nan nan nan 8.270884610897577538e-02 9.972535089433257061e-02 -6.469091312079007505e-02 1.409087042983522310e-02 nan nan -9.250948210313294715e-03 nan nan nan nan nan nan nan nan nan nan nan nan nan nan nan
nan nan nan nan nan 9.663463910188033190e-02 4.539042420505084302e-02 2.480602118631881209e-02 -6.977519024544688586e-02 -4.715127577762592143e-02 nan nan nan nan nan nan nan nan nan nan nan nan nan nan nan nan nan nan
nan nan nan nan nan 8.451747157063305149e-02 2.275288471190987233e-02 -1.024331563535545338e-02 -8.741394996846505935e-03 -5.594634733339112764e-02 -2.657936936566864666e-02 nan nan nan nan nan nan nan nan nan nan nan nan nan nan nan nan nan
nan nan nan nan nan 3.092382312798207245e-02 2.791366939123208005e-02 -5.580734707656138070e-03 -5.210786758950542406e-03 -1.143307733082399164e-01 7.212772635107966325e-03 1.254747786295316338e-02 nan -4.970079817980018431e-03 nan nan nan nan nan nan nan nan nan nan nan nan nan nan
nan nan nan nan nan 2.950572584609323368e-02 1.556680689496543930e-02 -1.185400319494579920e-02 1.541149748726575869e-02 -5.544647260718925386e-03 5.157103757084601642e-02 -3.723971087552037373e-02 -2.344057240929876135e-02 5.810647554174429817e-03 -6.208755297460457137e-03 nan nan nan nan nan nan nan nan nan nan nan nan nan
nan nan nan nan nan 1.115108858714698448e-01 -2.545123123780375102e-03 1.423201980057373778e-02 3.929572068089798656e-03 1.959658036606040307e-02 3.580028526588572083e-03 8.123821463035909782e-03 -8.386310897613268034e-02 -4.615532693855507046e-02 1.000108209021314219e-02 2.971838884680606417e-04 -1.103463510847562529e-02 nan nan nan nan nan nan nan nan nan nan nan
nan nan nan nan nan nan -5.928259303772697927e-03 1.522331952772974610e-02 -1.016275489508613788e-04 -7.287814389916202722e-03 -1.054715405251798951e-02 -1.755898264729853844e-02 -4.854910854981032975e-02 -4.202816746363507300e-02 -5.613036159371796729e-02 -3.110146820811053939e-03 -2.990811689955514760e-02 -1.964711547426504015e-02 nan nan nan nan nan nan nan nan nan nan
nan nan nan nan nan nan nan 1.045036991096932356e-02 -6.868486722708504189e-04 2.252807842438571927e-03 7.824878823611096379e-03 -2.376655556972945282e-02 -2.818150985871915176e-02 1.320385278207731466e-02 -3.768037323281088480e-02 -7.647743742219237362e-02 -1.917852649992414851e-02 -3.119364488305747043e-02 -2.328571254011675695e-02 nan nan nan nan nan nan nan nan nan
nan nan nan nan nan nan nan -1.217141476987747620e-02 -8.659145154912452694e-03 2.369591860244259392e-03 2.502773489023046253e-03 -2.796495713545925875e-03 -3.057135496854440637e-02 9.863287995261151367e-03 2.673165401294277585e-02 -6.675882942790031804e-02 -6.477667413032228705e-02 -3.151219532221057745e-02 -6.707394130706167230e-04 -4.121012516262634318e-02 -2.637354114013019946e-02 nan nan nan nan nan nan nan
nan nan nan nan nan nan nan nan 1.040121029964336322e-02 9.360540344273853008e-03 1.107509340580612768e-02 -5.978483551675503604e-03 -2.138089555265701089e-02 3.193883843949891360e-02 3.080277764462834023e-02 4.804593635630607408e-03 -1.463675834272666065e-01 -2.185116548710844264e-02 -3.128897263438502191e-02 -3.916256247277864755e-02 -2.079597776659468378e-02 nan nan nan nan nan nan nan
nan nan nan nan nan nan nan nan nan 7.530978791371735481e-02 3.068518146659514334e-02 -5.766706026346816137e-03 1.445514778870519296e-02 1.852464401488139109e-02 -4.132314562395367208e-02 -1.144699688331482675e-02 -5.506972666933274835e-02 -9.193547977374237623e-02 2.992359790322588961e-02 -6.537690751816488399e-02 -2.506507361824760263e-02 4.383782875565773660e-03 nan nan nan nan nan nan
nan nan nan nan nan nan nan nan nan nan 2.298715028728017667e-02 1.402672317381287517e-02 7.809228049325651292e-04 1.883055194664913154e-02 -1.562586443455019763e-02 -1.313125024869553695e-02 -3.862943502790312181e-03 -7.768175435260361861e-02 -4.719266646923114816e-02 -1.964282979289399059e-02 -2.657810569179941407e-02 8.824960631256848625e-03 3.070768146355731462e-02 nan nan nan nan nan
nan nan nan nan nan nan nan nan nan nan nan nan 2.375815883726063032e-02 4.237824835685309426e-03 3.073293199796611492e-03 -2.434754305710258582e-02 1.140532859611057557e-03 -6.246794985615047706e-05 -2.866482296544464042e-02 -1.211170120053789954e-02 -7.470452449019357455e-02 -5.532415784506129752e-02 4.242674456896211935e-03 5.626636481352366437e-02 nan nan nan nan
nan nan nan nan nan nan nan nan nan nan nan nan nan -5.901072745772372938e-03 8.289450130692594190e-03 4.035697114569253806e-04 -1.985321926484362714e-03 -6.434256329004723815e-03 1.631992580494651471e-02 -5.283471673410224806e-02 -7.279825128910111243e-02 5.356961252277372965e-03 -6.685679123143144047e-03 -1.999608288614728238e-02 -4.470906079728566990e-02 nan nan nan
nan nan nan nan nan nan nan nan nan nan nan nan nan nan nan -1.818177035531822958e-02 -3.534221838048020453e-02 -5.770200545936125233e-05 -4.992001919335481474e-04 -2.749110607631322090e-02 -6.066980061974223959e-02 5.371280834754017103e-02 -2.388620543790353004e-02 -3.400792102903453800e-04 -6.125381452722700876e-02 nan nan nan
nan nan nan nan nan nan nan nan nan nan nan nan nan nan nan nan nan -4.047817989915653003e-02 9.064567890260993854e-02 -1.213213803421150927e-02 2.158533959046226094e-02 -1.556516957908689672e-02 3.148285221930534339e-02 6.374339903839934540e-02 -3.965920109823243417e-02 nan nan nan
nan nan nan nan nan nan nan nan nan nan nan nan nan nan nan nan nan nan nan nan 1.058660939070517858e-03 nan nan 1.216860373696801792e-02 nan nan nan nan
