nan nan nan 6.197843087867352385e-02 -9.198127356812428948e-03 nan nan nan nan nan nan nan nan nan nan nan nan nan nan nan nan nan nan nan nan nan nan nan
nan nan nan 7.138432869064064747e-03 -7.482804750565301422e-02 -4.784785635974363877e-02 -2.997615124400876407e-02 nan nan nan nan nan nan nan nan nan nan nan nan nan nan nan nan nan nan nan nan nan
nan nan 3.011052961762462205e-02 2.443807180567292639e-02 -1.758083439029536552e-02 -2.862365524728462032e-03 -3.081780210544392967e-02 -7.992107457944411242e-02 nan nan nan nan nan nan nan nan nan nan nan nan nan nan nan nan nan nan nan nan
nan 6.581695310408282318e-02 -2.455561988818587282e-02 -9.340215918822051882e-04 -8.621207997858067185e-02 -1.652803578810008167e-02 -2.299375971533071730e-02 -1.396837588178896084e-01 -9.459033133752575706e-02 nan nan nan nan nan nan nan nan nan nan nan nan nan nan nan nan nan nan nan
nan 5.060713637727144200e-03 9.554970222219978659e-02 6.020596840002574723e-02 -1.298473117677717906e-02 3.553948454118622830e-03 -4.814017413812252122e-02 -5.324712269126271290e-03 7.502009411498518007e-03 -1.028493597826782568e-01 nan nan nan nan nan nan nan nan nan nan nan nan nan nan nan nan nan nan
6.201442163275946301e-02 3.168258676817878317e-02 7.409062177217985191e-03 4.386151577888462022e-02 4.758827627556696388e-02 -4.933441851535975975e-02 -1.739807070840524231e-02 -1.053079127614540422e-01 -2.012795972448454818e-01 nan nan nan nan nan nan nan nan nan nan nan nan nan nan nan nan nan nan nan
1.210163204196466336e-01 3.909624695779889691e-02 5.633477612943146168e-02 1.398453089963552429e-02 -3.531237284030952495e-02 6.649826628628761893e-02 -3.418078632884846702e-02 -1.975109760411660198e-01 -9.170455989472156566e-02 nan nan nan nan nan nan nan nan nan nan nan nan nan nan nan nan nan nan nan
1.922625012168330608e-02 5.611348200481832901e-03 5.027634996216602536e-02 -5.756109426522255240e-02 8.940995299214769473e-03 2.649775458495268188e-02 -8.609840989630064556e-02 -1.446505414418319535e-01 -7.630160926762748208e-02 nan nan nan nan nan nan nan nan nan nan nan nan nan nan nan nan nan nan nan
nan 6.731263595167334690e-02 -1.641931922232554852e-02 4.158005288496159635e-02 7.235993701904128161e-03 6.566552799437880283e-03 -1.295941271106300363e-01 -1.301915675542323347e-01 -3.888105111202377201e-02 -2.297959794192413752e-01 nan nan nan nan nan nan nan nan nan nan nan nan nan nan nan nan nan nan
nan -1.679259723723203874e-04 4.056045592502519059e-02 -2.173198523181662720e-02 -4.916691638134616793e-02 2.245519726107422093e-02 -9.425142772335744212e-02 -5.292405493504924452e-02 -1.004194669409562979e-01 -1.629230666492901408e-02 nan nan nan nan nan nan nan nan nan nan nan nan nan nan nan nan nan nan
nan 1.258744588919755159e-02 1.716613041819163663e-03 1.120631862132523762e-02 2.315785066886785065e-02 -5.040858278157639427e-02 7.172685104701992387e-02 -1.200930000415780484e-02 -6.314384989204163690e-02 -1.488248946891107538e-01 nan nan nan nan nan nan nan nan nan nan nan nan nan nan nan nan nan nan
nan nan -1.282621337952025674e-02 -2.284923514857573144e-03 -7.713146697499681514e-02 -6.079300222846614581e-03 6.801184647497887648e-02 -1.235526559279305076e-01 -1.192968113113713619e-01 -1.024212413458344684e-01 nan nan nan nan nan nan nan nan nan nan nan nan nan nan nan nan nan nan
nan nan -3.834449203465564726e-02 -1.090335648813786293e-02 3.484450134481602551e-03 nan 4.266905163442881455e-02 -6.647172853564826955e-02 -4.116728940141869790e-04 -2.111108808747680921e-01 nan nan nan nan nan nan nan nan nan nan nan nan nan nan nan nan nan nan
nan nan nan nan nan nan 7.338351233992983225e-02 5.632316738950145923e-02 -2.427971452100649297e-01 2.158739200738542252e-02 nan nan -5.213815016704317733e-03 nan nan nan nan nan nan nan nan nan nan nan nan nan nan nan
nan nan nan nan nan 8.861797497450421557e-02 8.095041362830462939e-02 2.309502769840446681e-02 -7.298487128631200860e-02 -7.415246508003808801e-02 nan nan nan nan nan nan nan nan nan nan nan nan nan nan nan nan nan nan
nan nan nan nan nan 7.102360942051483272e-02 3.350247332473867135e-02 -1.060048281201676768e-02 3.259148369424882952e-02 -1.222110012509145388e-01 4.853105508429585851e-02 nan nan nan nan nan nan nan nan nan nan nan nan nan nan nan nan nan
nan nan nan nan nan 5.955129301787922408e-02 2.722556327215306174e-02 4.639338676589908894e-03 7.315107573381461614e-03 -1.138835644886597720e-01 -2.335467611424058704e-02 4.541037736568147125e-03 nan -1.589596867323206028e-02 nan nan nan nan nan nan nan nan nan nan nan nan nan nan
nan nan nan nan nan 4.672159901225347856e-02 9.672859403374037962e-03 -1.092460815281965161e-03 9.539354052250896207e-03 1.607124079823403148e-02 6.426035808979400910e-02 -9.906121288404617919e-02 -4.817602699238086872e-02 -1.269187421898926782e-03 2.376915846279449920e-02 nan nan nan nan nan nan nan nan nan nan nan nan nan
nan nan nan nan nan 8.584220708586749737e-02 3.137789593957381745e-02 7.574754189753730473e-03 6.321712507765467857e-03 1.971855351424559380e-02 3.872349683803139736e-03 8.353804861823471359e-04 -6.072101691622693725e-02 -7.429433975089057285e-02 2.174083827476960482e-02 5.065583686314010202e-03 -7.182434727068415584e-03 nan nan nan nan nan nan nan nan nan nan nan
nan nan nan nan nan nan 4.494765656689010853e-03 1.866137093088677049e-02 -2.997478412925665917e-03 -1.176194131816913832e-02 -1.086487041688003613e-02 -2.050812775912611019e-02 -2.955390439504659850e-02 -7.072748385190708031e-02 -6.375747291368585867e-02 6.907186943381920380e-03 -2.149239831547977708e-02 -2.256955379783198365e-02 nan nan nan nan nan nan nan nan nan nan
nan nan nan nan nan nan nan 1.090961939378129290e-02 -1.377682500220379306e-03 1.163630804068425690e-03 2.279265300808389419e-03 -2.506603280691119609e-02 -1.940398963626030482e-02 2.736505659985777675e-02 -3.640671263586264111e-02 -3.571117244993160522e-02 -5.814165527459391747e-02 -3.195278146607749559e-02 -1.951037050871477427e-02 nan nan nan nan nan nan nan nan nan
nan nan nan nan nan nan nan 2.053576150824717311e-02 -2.737771500178291795e-02 7.311052072593890276e-03 -5.618495863744402651e-03 -3.191733653595852770e-03 -8.127456479268598682e-03 3.827189534289528183e-02 -2.803160794322014440e-02 -7.502963230375070403e-02 -7.791162635295119376e-02 -2.710577746731608617e-02 3.119514079700649173e-03 -3.178742400808807350e-02 -2.227960817049766742e-02 nan nan nan nan nan nan nan
nan nan nan nan nan nan nan nan -7.435671847969479824e-03 -1.242673414198950700e-02 1.916826445139426655e-02 -1.126343365036121084e-02 1.808370547103184921e-03 1.864241482149222792e-02 -9.702298183135940265e-03 -2.839427254803996922e-02 -1.005687243844448631e-01 1.909846914064716533e-04 -5.112740762116597948e-02 -3.230965475377450824e-02 -1.963296032533742852e-02 -1.363180405104426687e-02 nan nan nan nan nan nan
nan nan nan nan nan nan nan nan nan -1.221408871785854139e-02 2.589543665334725214e-02 1.027161233006507277e-03 1.788665755290336223e-02 -8.533698919826379278e-03 -3.177384849118451010e-02 -2.350750013601987307e-02 -3.561450371342215343e-02 -1.076516897833147690e-01 3.684532575618960221e-02 -6.943730060718621144e-02 -3.863692637543349878e-02 -1.967906931471244750e-02 2.247580753830196246e-02 nan nan nan nan nan
nan nan nan nan nan nan nan nan nan nan 1.627683434260743800e-01 1.844711701171360130e-02 1.550488602824296000e-04 1.420576774287451646e-02 -2.314407761478723749e-02 -2.649021010809512675e-03 -1.419297880204460974e-02 -6.035606510453209173e-02 -7.270489152862452675e-02 -3.849752904675425580e-02 -3.629797093789503826e-02 -5.628057078129293545e-06 1.622374749960392784e-02 3.308108904450802329e-02 5.238890850430580511e-03 nan nan nan
nan nan nan nan nan nan nan nan nan nan nan nan 4.393736612047476585e-03 -6.842295857350163928e-03 5.457964354902511070e-03 -2.290191549459464140e-02 -1.433297079613454067e-02 -2.711060245205774988e-02 -8.477852446315005397e-02 4.380817059112113165e-02 -8.216407074993153925e-02 -5.569827004296160761e-02 4.250391073760810892e-03 4.450353904962595086e-02 -8.606727944464955676e-03 -1.851776574552458851e-02 nan nan
nan nan nan nan nan nan nan nan nan nan nan nan nan 8.394961351428271296e-03 -1.099167783203838095e-02 -9.460422944587720123e-03 7.592365254351669292e-03 -1.286301327182340359e-01 6.127097969159278623e-02 -6.136310894800252325e-02 -5.554815398284848604e-02 1.452403554774059705e-02 -2.131197230530462727e-02 -3.131611391353608664e-02 -3.574751892082381199e-02 -2.349344468281180931e-02 nan nan
nan nan nan nan nan nan nan nan nan nan nan nan nan nan nan -2.249581975380596927e-02 -3.245237594225625077e-02 2.197089059881468000e-03 -1.226235803791237561e-02 -2.613542161598125801e-02 -5.765627540008214091e-02 5.619692024983030318e-03 1.529928110404637186e-02 -2.018287212340726805e-02 -5.371444235338386497e-02 -5.137244568337642064e-02 nan nan
nan nan nan nan nan nan nan nan nan nan nan nan nan nan nan nan nan -5.761972064733131976e-02 5.449536491725315290e-02 -2.073711171926580221e-02 -4.694970098195572900e-02 9.673899264089035055e-03 5.538319643090635486e-02 3.995448078957231780e-02 -3.103928128984124665e-02 -3.422814022046454657e-02 3.548953056682027651e-02 nan
nan nan nan nan nan nan nan nan nan nan nan nan nan nan nan nan nan nan nan nan 2.979551709719878427e-02 nan nan -5.350198532022549733e-03 6.151473744518412383e-03 -4.761672957231351255e-03 nan nan
