nan nan nan -2.428611348267767020e-02 -5.642826759943477162e-03 nan nan nan nan nan nan nan nan nan nan nan nan nan nan nan nan nan nan nan nan nan nan nan
nan nan nan 1.299111238724649509e-01 -1.012751623270999844e-02 -8.202062053051445423e-02 1.051407820786092948e-02 nan nan nan nan nan nan nan nan nan nan nan nan nan nan nan nan nan nan nan nan nan
nan nan 2.669974462411204078e-02 -1.588515625046999988e-02 -7.637100553955518401e-02 -3.512501557053199913e-02 -4.110644170006724774e-02 -1.567339564828385268e-01 nan nan nan nan nan nan nan nan nan nan nan nan nan nan nan nan nan nan nan nan
nan -1.350704210317007700e-02 -5.892376231537365533e-02 -1.090098283126292485e-02 -9.669763620469279527e-04 -1.465371160269683670e-02 -6.944032869437877231e-02 -1.090693400212345010e-01 -6.915286848318069612e-02 nan nan nan nan nan nan nan nan nan nan nan nan nan nan nan nan nan nan nan
nan 3.142897516198032287e-02 -6.199621053182952785e-02 6.383791702337049401e-02 -5.717203652953684045e-02 -2.782165806168691857e-02 -6.930226809399657462e-02 -4.280021757665644633e-02 -1.254636138975764870e-02 -8.128819966549745424e-02 nan nan nan nan nan nan nan nan nan nan nan nan nan nan nan nan nan nan
5.979922984330501151e-02 4.788341068488599118e-03 3.485005480214271867e-02 9.210999399371172514e-02 -7.781094237373299694e-02 -7.307320006189654870e-04 5.610547795525249425e-03 -1.178558577865238821e-01 -1.412059438013549273e-01 nan nan nan nan nan nan nan nan nan nan nan nan nan nan nan nan nan nan nan
2.992868530099126664e-02 4.178584794873551472e-02 5.771223347320347807e-02 3.584757129524398199e-03 8.774221458759141890e-02 1.312510395142982116e-02 -5.884574944024323351e-02 -1.987737377770060210e-01 -1.087081878624395065e-01 nan nan nan nan nan nan nan nan nan nan nan nan nan nan nan nan nan nan nan
6.794708635621439161e-03 6.413644973026072504e-02 -3.615880847718306451e-02 8.111531472337408719e-03 -2.392537903254600765e-02 4.084707394896779260e-03 -3.211116522248048250e-02 -2.465106441504292534e-01 -3.296957626159482957e-02 nan nan nan nan nan nan nan nan nan nan nan nan nan nan nan nan nan nan nan
nan 4.124912609485669596e-02 -8.934620065675377698e-02 5.600216675275402310e-03 6.984040057865437655e-03 -1.360512549533697546e-02 -1.023066755622512730e-01 -2.251214491694318587e-01 -4.992080532619962152e-02 -1.095357665291541299e-01 nan nan nan nan nan nan nan nan nan nan nan nan nan nan nan nan nan nan
nan 1.261301043664171152e-02 5.740325339318423647e-02 -7.429983225731880137e-02 -9.737037021252263613e-02 1.380821221092799929e-02 -1.195920811609781781e-01 -9.886577721427287913e-02 -6.439315047623532517e-02 -5.106845684275673758e-02 nan nan nan nan nan nan nan nan nan nan nan nan nan nan nan nan nan nan
nan 7.236039306801137763e-04 2.686151732232425204e-02 4.286886333594511558e-03 6.611023771252352507e-03 -2.332699476453750295e-02 1.268588881970289794e-01 -1.901866426668732402e-01 3.985680319417774647e-02 -6.592498234421904912e-02 nan nan nan nan nan nan nan nan nan nan nan nan nan nan nan nan nan nan
nan nan -1.457327308530925389e-02 -2.998664977924611792e-03 -6.093723747272355995e-02 -5.075264033730387744e-03 5.842128878523886182e-02 -1.133700197634117945e-01 -5.041191576594462181e-02 -9.667698392406294527e-02 nan nan nan nan nan nan nan nan nan nan nan nan nan nan nan nan nan nan
nan nan -2.052050754767515209e-02 1.705790077938331914e-02 9.124166164687419478e-02 nan 8.226431429728275901e-02 -2.195442973965611444e-01 -7.459002713046290756e-02 -8.523451225113086449e-02 nan nan nan nan nan nan nan nan nan nan nan nan nan nan nan nan nan nan
nan nan nan nan nan nan 6.920754875013020169e-02 9.101042606066310145e-03 4.474069298568045250e-02 -4.966141502794269719e-02 nan nan 9.194547188327954756e-03 nan nan nan nan nan nan nan nan nan nan nan nan nan nan nan
nan nan nan nan nan 6.418782038524308009e-02 2.547298598960778121e-02 1.300472367530985073e-02 -1.075095711380140984e-01 -6.380529026685202720e-02 nan nan nan nan nan nan nan nan nan nan nan nan nan nan nan nan nan nan
nan nan nan nan nan 4.861385596991590896e-02 1.130128576915484344e-03 -3.067903148879442751e-02 1.557334533915115740e-02 -8.945369036707181976e-02 1.008659749555107371e-01 nan nan nan nan nan nan nan nan nan nan nan nan nan nan nan nan nan
nan nan nan nan nan 3.357215632562234736e-02 2.060764370037967974e-02 -1.420973914860011039e-02 1.766229084440322505e-02 -8.695634563538391648e-02 -5.117500072055055499e-02 6.266567559164284984e-03 nan -1.460387464032508568e-02 nan nan nan nan nan nan nan nan nan nan nan nan nan nan
nan nan nan nan nan -7.643160782928403937e-03 -1.169557585539618243e-02 -9.076653502787310548e-03 1.196326319038792940e-02 5.323154879167328428e-03 3.935506576511894894e-02 -5.757804248365123306e-02 -6.589171482313524453e-02 -8.856096709209556467e-03 -2.207645651371109661e-03 nan nan nan nan nan nan nan nan nan nan nan nan nan
nan nan nan nan nan 5.500316688895470069e-02 1.877925258966217648e-02 5.652310411337783079e-03 9.354238066133420751e-03 2.868390279295654141e-02 -5.470276180824816536e-03 1.626804187031402615e-02 -6.856142420001272442e-02 -8.608237008057993689e-02 3.118963642181114132e-02 3.588208128199375443e-03 -4.907356045962090775e-03 nan nan nan nan nan nan nan nan nan nan nan
nan nan nan nan nan nan -1.664080388564051776e-04 1.689921661024460647e-02 -7.966664810842696842e-03 -1.816602781323777352e-02 -1.800827098122686001e-02 -2.364126597018894119e-02 -6.213812324789854541e-02 -1.111376482595827081e-01 -3.623616970104719809e-02 -9.476858444529171616e-03 5.888766747462637063e-03 2.297626822516381923e-02 nan nan nan nan nan nan nan nan nan nan
nan nan nan nan nan nan nan 1.271857286213117465e-02 -6.827488538848214793e-03 8.615545845531163592e-04 1.141502429328068724e-03 -1.407226211468514364e-02 -1.373539994463754930e-02 2.784003440587654379e-02 -8.175074086134517803e-02 -2.461297942408079142e-02 -1.510895725808714812e-02 -3.782883704823466336e-02 -1.068226631770390761e-02 nan nan nan nan nan nan nan nan nan
nan nan nan nan nan nan nan 8.591720016265810486e-03 -6.286514286640083188e-03 -5.253370627452128711e-03 -7.117731271938465207e-03 -6.279631718641255807e-03 -2.506542725714526725e-03 2.362319265695367321e-02 -4.428941994213522054e-02 -2.347368608006993734e-02 -8.836167474692858959e-02 -1.876349221133794334e-02 2.931867248573050925e-03 -3.185103889983893072e-02 -2.818062233856510196e-02 -1.430105226796119129e-02 nan nan nan nan nan nan
nan nan nan nan nan nan nan nan 2.796856791944790470e-03 -1.565922335671828675e-02 1.093506137296062358e-02 -5.522486012847476616e-03 -9.423613033605225328e-03 2.086484512429511232e-02 2.539374262592288684e-02 -5.012384243356785701e-02 -8.766002237466170854e-02 -1.643777840085068912e-03 -6.425007180192778000e-02 -3.618503923762985547e-02 -2.385237413033846135e-02 -1.073574365174938955e-02 6.090116396606031456e-03 nan nan nan nan nan
nan nan nan nan nan nan nan nan nan -2.633166325900884383e-02 3.234500926416625927e-02 7.459940076595113906e-03 9.283532881718700377e-03 5.099084944220988978e-03 -4.619013861213185079e-02 -1.585464977595942015e-02 -2.986040621815478843e-02 -1.101383412150780255e-01 4.530932561854824486e-03 -5.149645683119386669e-02 -1.859742948483412636e-02 -1.687150604849115693e-02 1.191734766695685781e-02 1.771050138913319097e-02 nan nan nan nan
nan nan nan nan nan nan nan nan nan nan 9.675885207097336196e-03 4.023475008470044079e-02 1.922429342617812398e-02 1.647999966768008695e-02 -2.619064334631751242e-02 -9.093575561700827136e-04 -8.633486358919171405e-03 -3.078765991053144038e-02 -5.019702397305821767e-02 -4.235395725847469067e-02 -5.389583699621428720e-02 1.832041418575860135e-03 9.952629683391583937e-03 3.758834577163493867e-02 1.647288315451709076e-02 1.708036427276025948e-02 nan nan
nan nan nan nan nan nan nan nan nan nan nan nan 1.666765768873774284e-02 5.115911419880829654e-03 -1.296002859771050453e-02 -1.954487886821904344e-02 -1.255680935828381098e-02 2.255014220585479373e-02 -3.083447522760387333e-02 -1.476973843348774844e-02 -4.873298462132710090e-02 -5.894513489274307017e-02 -1.258400428820319545e-03 5.297340937276961981e-02 -5.506638775381084323e-03 -1.439485823203746559e-02 nan nan
nan nan nan nan nan nan nan nan nan nan nan nan nan -3.780804123160996615e-03 6.691039561551701161e-03 -3.224071911449336719e-02 6.995892161442254613e-03 -1.184592895464050832e-01 1.304517913456069989e-01 -7.293779980283525421e-02 -1.009449799922981506e-01 -1.326434700643065387e-02 -9.425625881043489876e-03 -1.818383247798927710e-02 -3.628748912272225513e-02 -2.415295895477687776e-02 nan nan
nan nan nan nan nan nan nan nan nan nan nan nan nan nan nan -2.174806937368468571e-02 -3.432626393713952839e-02 -2.787516275355441872e-02 -1.606190888568358871e-02 -4.242408461694193583e-02 -3.750450517144389428e-02 2.390310521026290519e-02 1.403944002941968916e-02 -1.976680891173208249e-02 -5.591279598834782844e-02 -4.811789321487551507e-02 nan nan
nan nan nan nan nan nan nan nan nan nan nan nan nan nan nan nan nan -2.790541564532244417e-02 7.656274733313558900e-02 -2.194977492451260365e-02 -3.615202610255217885e-02 3.780803294933565099e-03 5.958279071515911601e-02 7.910866166289093337e-02 -6.195419955254315852e-02 -2.073135687429215890e-02 3.221459207776670303e-02 nan
nan nan nan nan nan nan nan nan nan nan nan nan nan nan nan nan nan nan nan nan 7.145465114946883758e-03 nan nan -4.499373260844181932e-02 1.426880235569191746e-02 -1.868397698561151399e-02 nan nan
