nan nan nan -7.311069823973532535e-03 -1.973633425798573121e-02 nan nan nan nan nan nan nan nan nan nan nan nan nan nan nan nan nan nan nan nan nan nan nan
nan nan nan 8.512035945799742431e-02 -3.889550910181350379e-02 -5.994737313085053004e-02 -4.847844755925018352e-03 nan nan nan nan nan nan nan nan nan nan nan nan nan nan nan nan nan nan nan nan nan
nan nan 7.014288666273728323e-02 -2.841120532417492402e-03 -4.953175870500913652e-02 -3.865436382695974782e-02 -2.123883398896021790e-02 -1.207601558867261449e-01 nan nan nan nan nan nan nan nan nan nan nan nan nan nan nan nan nan nan nan nan
nan 2.669132346414221368e-02 -3.126089603537308276e-02 -1.049076703838692885e-02 -6.228399132999541676e-02 1.042657886361084488e-02 -4.265312617470706086e-02 -8.290263242954529210e-02 -5.140585103775650172e-02 nan nan nan nan nan nan nan nan nan nan nan nan nan nan nan nan nan nan nan
nan 3.104746176316991457e-02 -6.425669181130778951e-02 2.133773634950074383e-02 -6.405247401697455878e-03 -4.937511515283109914e-03 -2.178372024489148504e-02 -4.690711114905871809e-02 2.845017250908149151e-02 -9.472272064352584009e-02 nan nan nan nan nan nan nan nan nan nan nan nan nan nan nan nan nan nan
1.006804128405349857e-01 5.439640494642644653e-02 -6.603161901414095897e-03 2.211969354154267459e-02 -6.148195519731360081e-02 -2.434897591740540243e-04 -3.255686878491891034e-02 -8.965854865748354441e-02 -1.850243974139865466e-01 nan nan nan nan nan nan nan nan nan nan nan nan nan nan nan nan nan nan nan
7.226173668679210238e-02 8.735112806332928984e-03 4.500955949157522257e-02 -1.303872403281625646e-02 7.736626702074718420e-02 -4.031661875615039775e-02 -1.716979131072362760e-02 -1.929369213262407123e-01 -7.364183248464335751e-02 nan nan nan nan nan nan nan nan nan nan nan nan nan nan nan nan nan nan nan
-3.646228396299428659e-02 6.583017915353031602e-02 -3.533109159343763434e-02 -2.730467435716234931e-02 -5.384682789432900657e-02 -2.395146678506980542e-02 -2.434032515396042026e-02 -1.578208689804114773e-01 -1.243908481713279501e-01 nan nan nan nan nan nan nan nan nan nan nan nan nan nan nan nan nan nan nan
nan 6.071366418288961370e-02 -4.557254913932320961e-02 5.751605604547996298e-02 -9.586387938955706622e-02 4.656186608153804057e-02 -1.096264397152399983e-01 -1.679491969577766863e-01 -3.154935245862579979e-02 -1.117995166030636284e-01 nan nan nan nan nan nan nan nan nan nan nan nan nan nan nan nan nan nan
nan 3.748637291539269611e-02 4.757355234986653664e-02 -3.651474031075056109e-02 -1.038775330562176635e-01 -4.048548584846999726e-03 -8.967797947718643414e-02 -3.187795153499284329e-02 -4.570832717531273653e-02 -5.178172294976220169e-02 nan nan nan nan nan nan nan nan nan nan nan nan nan nan nan nan nan nan
nan 1.999506697611087153e-02 1.538039426989645624e-02 -4.399600626491578272e-03 1.543092889736572861e-03 5.245305353717412584e-03 -2.611256945253550947e-03 -6.941933494862476128e-02 -1.158994065094524906e-02 -8.302951411460809950e-02 nan nan nan nan nan nan nan nan nan nan nan nan nan nan nan nan nan nan
nan nan -2.739357080061587653e-05 -8.231843808350855843e-03 -9.115684888728246837e-02 -7.986999034435324218e-03 4.834677178823248989e-02 1.274817413915209884e-02 -1.530669896093943549e-01 -9.104101848138636266e-02 nan nan nan nan nan nan nan nan nan nan nan nan nan nan nan nan nan nan
nan nan -1.190742878547594238e-02 2.853208195978246958e-03 3.344377737078165630e-02 nan 4.284848182116476195e-02 -1.068944690270326320e-01 -3.296004774726726122e-02 -8.082084339331488398e-02 nan nan nan nan nan nan nan nan nan nan nan nan nan nan nan nan nan nan
nan nan nan nan nan nan 4.741760972166381150e-02 1.016030488807315724e-01 -1.386678519352339267e-01 2.488047898021968768e-02 nan nan -9.767458138533026760e-03 nan nan nan nan nan nan nan nan nan nan nan nan nan nan nan
nan nan nan nan nan 6.492103028732726377e-02 5.395881980289964075e-02 4.989592896965479307e-02 -1.793433482618857766e-01 2.704700479937876406e-02 nan nan nan nan nan nan nan nan nan nan nan nan nan nan nan nan nan nan
nan nan nan nan nan 9.023314192117676269e-02 3.433416827705025598e-02 -1.773816761635571213e-02 -3.971278593742452083e-04 1.335653482488538372e-02 -1.743998097966397917e-02 nan nan nan nan nan nan nan nan nan nan nan nan nan nan nan nan nan
nan nan nan nan nan 6.384856546190592619e-02 4.402453541967564499e-02 3.027004592122411238e-03 -8.779324128555940007e-04 -9.597372106547992499e-02 -2.080348587535447644e-02 -1.194991479317110590e-02 nan -2.526943445515940356e-02 nan nan nan nan nan nan nan nan nan nan nan nan nan nan
nan nan nan nan nan 1.314452834096933170e-02 1.028650222921601368e-02 -3.141676312394814374e-04 1.349978087698993322e-02 6.489954043801287285e-03 3.588574550291683679e-02 -9.189795257985945709e-02 1.409081181616615372e-02 -9.580373725539584676e-03 6.059305652499150270e-03 nan nan nan nan nan nan nan nan nan nan nan nan nan
nan nan nan nan nan 1.014153326034870767e-01 2.026899338148457214e-02 5.870564313160971754e-04 5.757407883735540452e-03 1.638408982952786058e-02 1.793264237187114059e-03 1.783924846301903136e-02 -1.130291780674034935e-01 -7.406203936048155745e-02 3.575674654215407061e-02 9.889923562001775095e-03 -5.769947128430128608e-03 nan nan nan nan nan nan nan nan nan nan nan
nan nan nan nan nan nan -9.357695894076919346e-03 1.520774381304408965e-02 -7.563312296558127922e-05 -1.811617635625743447e-02 -1.715800101679926248e-02 -1.221272110378742934e-02 -6.852695420727578091e-02 -3.670616680423068826e-03 -9.224910130183290591e-02 3.708201171255482570e-02 -1.876066383082899969e-02 -4.063434264749368578e-03 nan nan nan nan nan nan nan nan nan nan
nan nan nan nan nan nan nan -2.544532794435990473e-03 -1.341663156706269025e-02 6.701094244650803843e-04 1.038898484523043814e-02 -1.258677091790736530e-02 2.843073554943709473e-04 8.406732880850699766e-03 -3.908581180288295265e-02 -4.528998957146553039e-02 -3.683699838550757305e-02 -3.821174348824479122e-02 -1.750371816436463793e-02 nan nan nan nan nan nan nan nan nan
nan nan nan nan nan nan nan -5.152275703948046987e-03 -1.171641775277232518e-02 -1.739882004495353195e-03 -1.551516488556110244e-04 5.067106511511108684e-03 -5.244262620970727498e-03 3.078339216380931651e-02 -5.443874667484155383e-02 -3.785965597711302144e-02 -8.020388931073157979e-02 -2.626981795287001986e-02 2.252442837685831624e-03 -2.846787003356092416e-02 -2.583711274931431087e-02 -1.336746349897298229e-02 nan nan nan nan nan nan
nan nan nan nan nan nan nan nan 1.329182599426516342e-02 -2.313267852789209142e-02 1.238550488319810697e-02 7.408602509357505202e-03 -4.808464798989912025e-04 5.784403816791069269e-03 6.376397147081314803e-03 -3.590257861419352686e-02 -6.098163305130167855e-02 -2.186864247804525679e-02 -6.946410940664460298e-02 -8.927552422982392225e-03 -2.685350919021911240e-02 -1.258278026052831074e-02 -1.236798384559992681e-03 nan nan nan nan nan
nan nan nan nan nan nan nan nan nan -4.785492622280013847e-02 2.576260218984304656e-02 1.839555268704591920e-02 1.067629905513819283e-02 -4.391183469139292301e-04 -1.533887123678209785e-02 -4.438238396747125336e-02 -6.239811074783604278e-02 -7.506979277423309060e-02 1.004223995967934262e-02 -5.879385448400851338e-02 -3.572318522396182583e-02 -1.587707221623203130e-02 1.126940788523420577e-02 8.894266138927924351e-03 nan nan nan nan
nan nan nan nan nan nan nan nan nan nan 1.482495201019007336e-01 2.606368946512749307e-02 2.410765856913073095e-03 6.149168960231653734e-03 -2.275614511785264624e-02 1.403147063994162821e-03 -1.962519673450133229e-02 -2.171625787799050591e-02 -9.484243077699398838e-02 -2.400461170145982287e-02 -5.015507475857363534e-02 3.571986662772448987e-03 1.958647579586939719e-02 4.302699308318960747e-02 1.889330272489776405e-02 1.334778294004801240e-02 nan nan
nan nan nan nan nan nan nan nan nan nan nan nan 5.242911005746062319e-04 9.783848605244104338e-03 -3.257308465382496420e-03 -1.434719788249632678e-02 -2.882034876125558198e-02 8.618565809708080006e-03 -7.243591709155187963e-02 1.053038026903410813e-02 -1.006293989756621710e-01 -4.873591388170317451e-02 3.306548155480315120e-03 5.486642004605028766e-02 -4.131681250634845239e-03 -1.560480911200250696e-02 nan nan
nan nan nan nan nan nan nan nan nan nan nan nan nan 2.593759650824900218e-03 -1.722932484559193747e-02 1.671502653676027210e-03 1.246292962947446667e-02 -1.268732089896612014e-01 7.829155928039958912e-02 1.379387273794712918e-02 -1.138668767812536231e-01 1.784838979539393397e-02 -8.141586596576180085e-03 -2.755482723618582833e-02 -3.721757028076626977e-02 -2.445100483698082333e-02 nan nan
nan nan nan nan nan nan nan nan nan nan nan nan nan nan nan -3.500561779621848973e-02 -1.995724104820809780e-02 -2.098002560605811279e-02 -5.275849335559643430e-03 -2.301530717422456060e-02 -7.897498325313083434e-02 5.181082605873526398e-02 -1.779034516900831336e-02 -3.163776314281980390e-02 -4.026499210405620754e-02 -5.035589876148736238e-02 nan nan
nan nan nan nan nan nan nan nan nan nan nan nan nan nan nan nan nan -4.973758451933731756e-02 8.303796786677902775e-02 -4.294296927241761375e-02 -2.932158720414700798e-02 1.759599175290168724e-02 3.717580130393920157e-02 8.884820455431320652e-02 -4.775495485778242372e-02 -3.024902332671713587e-02 3.356593587124717670e-02 nan
nan nan nan nan nan nan nan nan nan nan nan nan nan nan nan nan nan nan nan nan 3.064238749871659936e-02 nan nan -2.830077565327026451e-02 7.125095190093749245e-04 -1.150593686617066083e-02 nan nan
