nan nan nan 5.121595342036514703e-02 -2.885035963422774227e-02 nan nan nan nan nan nan nan nan nan nan nan nan nan nan nan nan nan nan nan nan nan nan nan
nan nan nan 3.947868582685232219e-02 -3.555592801745342119e-02 -6.006078389326913874e-02 -1.000683478980151329e-02 nan nan nan nan nan nan nan nan nan nan nan nan nan nan nan nan nan nan nan nan nan
nan nan 5.684878496376672558e-02 4.275261507763061103e-02 -1.635103110665095047e-02 -5.768491470760956502e-02 -2.529851609353315697e-02 -1.462953602807499087e-01 nan nan nan nan nan nan nan nan nan nan nan nan nan nan nan nan nan nan nan nan
nan -1.237730843590883513e-02 2.553490587891753608e-02 3.849314052799046332e-03 -3.070908331591899049e-02 -9.869577293203217819e-03 -9.873671354566002090e-02 -1.702501670062686046e-01 -9.146665267926909482e-02 nan nan nan nan nan nan nan nan nan nan nan nan nan nan nan nan nan nan nan
nan 1.745771552969218043e-01 5.736832912190953501e-04 9.095548648947765491e-02 1.752946614997372143e-02 -2.597852145726174677e-02 -6.948023467150547805e-02 3.677058085082318337e-03 -3.224699759981009689e-02 -6.843912388483198994e-02 nan nan nan nan nan nan nan nan nan nan nan nan nan nan nan nan nan nan
4.485868786195076202e-02 -5.165202161072107723e-02 3.755161024107415632e-03 -2.677590809312183073e-02 -1.935098790732447602e-02 2.435152321027338543e-02 -6.648008518888022522e-02 -5.753592959928573169e-02 -2.445882358724620897e-01 nan nan nan nan nan nan nan nan nan nan nan nan nan nan nan nan nan nan nan
-8.089985758846118813e-03 4.899896536862589219e-02 6.696626570043352766e-02 6.167022113281873247e-02 -2.947177942619665526e-03 -6.560153076842797741e-03 -6.280273753593269837e-02 -2.260893457341441037e-01 -1.672775695627103099e-01 nan nan nan nan nan nan nan nan nan nan nan nan nan nan nan nan nan nan nan
3.071200328116359402e-02 1.725745153459026186e-03 1.145575032281046651e-02 1.046479577595032240e-01 -6.302316145792093323e-04 -7.301245690713643009e-03 -5.951372033492207531e-02 -1.872606298596104779e-01 -3.188325457375693756e-02 nan nan nan nan nan nan nan nan nan nan nan nan nan nan nan nan nan nan nan
nan 1.121311220578866986e-02 -6.099475453129295233e-02 -2.216912684496028310e-02 1.160594009145652587e-03 -7.380807097117250692e-02 -1.389455954559118966e-01 -1.869689255567892616e-01 -4.753859729541335538e-02 -1.726338341479575211e-01 nan nan nan nan nan nan nan nan nan nan nan nan nan nan nan nan nan nan
nan 3.069744609154477152e-02 -2.966330898719031148e-02 -2.986787011889710172e-02 -5.240217757308691243e-02 -4.718999976998282386e-03 -7.753630687039708702e-02 4.088285699815497748e-03 7.707658545813201971e-03 -5.198263682964009841e-02 nan nan nan nan nan nan nan nan nan nan nan nan nan nan nan nan nan nan
nan -1.048094024062424384e-02 2.338621299052149726e-03 -3.058714255100678653e-02 -2.225466062837487546e-02 -7.494219551473096669e-04 7.775483977508512723e-02 -5.060475010512670291e-02 -4.689477045829946317e-02 -1.141679190327413718e-01 nan nan nan nan nan nan nan nan nan nan nan nan nan nan nan nan nan nan
nan nan -3.437456760365439207e-02 1.928120247006765570e-02 -6.608305019899372856e-02 2.228027950178084957e-02 7.838986309029555288e-02 -5.274057685983863514e-02 -1.827225693495614783e-02 -1.007549877557864654e-01 nan nan nan nan nan nan nan nan nan nan nan nan nan nan nan nan nan nan
nan nan -2.587780048631106722e-02 2.537605809062444887e-02 -1.266432168790814806e-02 nan 1.668174310911713087e-02 -1.698553489793090676e-02 -6.811938932706250449e-02 -1.508791123414474356e-01 nan nan nan nan nan nan nan nan nan nan nan nan nan nan nan nan nan nan
nan nan nan nan nan nan 5.232699201459945632e-02 8.193964819541742217e-02 -1.353982424532397533e-01 4.060176955775766233e-02 nan nan -4.759909551633109519e-03 nan nan nan nan nan nan nan nan nan nan nan nan nan nan nan
nan nan nan nan nan 7.358710315366213950e-02 3.826120491218399505e-02 5.253415266388712646e-02 -4.692237569294101934e-02 -3.204236558719916056e-02 nan nan nan nan nan nan nan nan nan nan nan nan nan nan nan nan nan nan
nan nan nan nan nan 8.242778344640659671e-02 4.372194188607138321e-02 -2.555996443164402707e-02 2.642316511024258782e-02 -8.325829627359364327e-02 -1.525126134819250294e-02 nan nan nan nan nan nan nan nan nan nan nan nan nan nan nan nan nan
nan nan nan nan nan 2.572600363175807023e-02 3.367333310194185053e-02 5.547679814095393333e-03 1.300786736742512960e-02 -9.936289353545928182e-02 -2.339418372970466717e-02 2.925063986047154400e-03 nan -5.223333068687130995e-04 nan nan nan nan nan nan nan nan nan nan nan nan nan nan
nan nan nan nan nan 4.291790714802335566e-02 9.788322469862808725e-03 1.471680678046711002e-02 1.587724071002272544e-02 1.672711909062048891e-02 7.361933864082305379e-02 -6.927594178139727388e-02 -2.434926943155021895e-02 -3.324857989802026438e-03 -1.908219767717271326e-03 nan nan nan nan nan nan nan nan nan nan nan nan nan
nan nan nan nan nan 1.288495376642379564e-01 -5.711602883532087421e-03 2.769786731940217239e-02 5.993159188704247180e-03 2.374138555690606840e-03 6.197944039609859165e-03 -2.735187159577353797e-02 -7.372448240913709316e-02 -4.670595365456060855e-02 8.926837912874605735e-03 9.794632890851402360e-04 -1.118993162416345895e-02 nan nan nan nan nan nan nan nan nan nan nan
nan nan nan nan nan nan -2.639792485161665363e-03 7.664757180436460385e-03 -1.109723862329295169e-03 3.395873736224110963e-03 -1.317021796322232624e-02 -4.184495717118943275e-02 -2.763668885658816451e-02 -3.889722045814336671e-02 -6.270183563162828877e-02 4.685532072088143679e-03 -1.584261655714726269e-02 -8.293342207467387442e-03 nan nan nan nan nan nan nan nan nan nan
nan nan nan nan nan nan nan 5.060121737586877749e-03 -1.051123668934692175e-02 1.037402750387751704e-02 2.531926341616536590e-03 -1.261965423180107584e-02 -2.227714836688714228e-02 1.285249775178235777e-02 -4.262724777008296967e-02 -6.293870048517767601e-02 -1.120035384299500510e-02 -3.874441581305125559e-02 -2.013434874527212162e-02 nan nan nan nan nan nan nan nan nan
nan nan nan nan nan nan nan 6.385275918768287297e-03 -4.932614011188248687e-02 3.868023560610343251e-03 1.033680480485763692e-02 -3.910568033612348698e-03 1.418076855856457291e-02 1.454270213304128222e-02 -1.455846216456866196e-02 -6.937147454846337435e-02 -5.725480011078114273e-02 -3.742233727484875483e-02 -1.007716959660460120e-03 -3.627584112229343544e-02 -2.119398037763249587e-02 nan nan nan nan nan nan nan
nan nan nan nan nan nan nan nan 2.863343261997664847e-03 -1.335479673217335487e-03 1.166124178232299906e-02 3.071367632938154860e-02 4.088424526301822660e-03 2.296135542049307712e-02 -3.236239016564284796e-03 -3.575456850497713002e-02 -1.193583753612274118e-01 -1.513848881392364058e-02 -3.852442501446418782e-02 -4.546562773768647592e-02 -1.402416184617557432e-02 -2.074112545932240217e-02 1.549867922664705314e-02 nan nan nan nan nan
nan nan nan nan nan nan nan nan nan 2.749514362403450429e-02 2.492872655096699946e-02 3.330694365138445884e-02 7.725172242058741742e-03 3.194012887265210501e-03 -1.544546233853829470e-02 -3.858246160576095374e-02 -7.552983620172616652e-02 -7.534757733959356052e-02 3.122969128721932858e-02 -7.612827077210368443e-02 -2.706301643939063029e-02 -7.720217789065625044e-03 5.727839638963129129e-03 1.790927818742328939e-02 nan nan nan nan
nan nan nan nan nan nan nan nan nan nan 3.918315794897601900e-02 2.055662972807595357e-02 1.580941604237310130e-02 1.974989258554440616e-02 -1.204985176876262158e-02 -2.169785359005421688e-02 -3.035046691354169324e-02 -1.004646263925698807e-01 -2.745615216469585868e-02 -2.047168302156609013e-02 -3.251330976742174833e-02 2.744589634676764239e-03 1.261033408369970250e-02 1.933810107267365519e-02 -9.087368252027197904e-04 1.320350357419529039e-02 nan nan
nan nan nan nan nan nan nan nan nan nan nan nan 3.369917748157992554e-02 -5.089780885822776588e-03 4.568486708179855110e-03 -2.785320755104328527e-02 -1.000194886494193587e-02 -1.908639218938809959e-02 2.321205370693334765e-03 -1.535831427269924478e-02 -1.563060436928283628e-02 -7.000116812275861133e-02 -6.773597889517416447e-03 4.469101944887830108e-02 -1.151285151824366082e-02 -1.285469876733516710e-02 nan nan
nan nan nan nan nan nan nan nan nan nan nan nan nan 1.191059717885800499e-02 -5.029442366424497803e-03 -1.190448263181415230e-02 -4.080930291629718612e-03 -2.968817287777644927e-03 2.838364143868268158e-02 -4.034453832769313575e-02 -1.133788647193844090e-01 -1.679319183371465185e-02 -6.440222698552074132e-02 -1.193567762945706330e-02 -3.969814001382596796e-02 -2.171263496612077862e-02 nan nan
nan nan nan nan nan nan nan nan nan nan nan nan nan nan nan -1.203030313707800954e-02 -6.127004566812752073e-02 -7.889123927821454704e-03 -1.336135120080127886e-02 -2.931431577304363309e-02 -7.047885157879378581e-02 -3.171266693735860093e-02 6.787289050515028788e-02 -1.813904674943124171e-02 -5.225900473528626022e-02 -5.147687812545231889e-02 nan nan
nan nan nan nan nan nan nan nan nan nan nan nan nan nan nan nan nan -6.166051600494408536e-02 3.840031137182281507e-02 3.189453819074875018e-02 -6.197702499887632749e-02 -1.202215036684226371e-03 1.301606150489642011e-01 9.291266320417179703e-02 -6.456132911373223260e-02 -3.523880369311432892e-02 3.291559316456456330e-02 nan
nan nan nan nan nan nan nan nan nan nan nan nan nan nan nan nan nan nan nan nan 1.863989025653245424e-02 nan nan -2.269767074116336991e-02 2.387476287639723332e-02 -2.448850467094635525e-02 nan nan
