nan nan nan -2.244178364925775507e-02 -4.579504603646609995e-02 nan nan nan nan nan nan nan nan nan nan nan nan nan nan nan nan nan nan nan nan nan nan nan
nan nan nan 1.213429120599002764e-01 -1.800501204368750233e-02 -5.215774904935099182e-02 -9.342080492937849395e-03 nan nan nan nan nan nan nan nan nan nan nan nan nan nan nan nan nan nan nan nan nan
nan nan 1.000675366507501329e-01 -1.118664137025373595e-01 -3.259906702291361785e-02 -5.024993292430854352e-02 -5.359333522293500268e-02 -1.175964186074152928e-01 nan nan nan nan nan nan nan nan nan nan nan nan nan nan nan nan nan nan nan nan
nan -2.968619199488319385e-02 2.179400554725431996e-02 -1.194684939368336057e-01 -4.400589144760124784e-03 1.831525483734962323e-02 -5.369965311803197999e-02 -1.167666370867345565e-01 -7.738670380574926011e-02 nan nan nan nan nan nan nan nan nan nan nan nan nan nan nan nan nan nan nan
nan -1.213001931695453645e-01 -1.676308605987499381e-02 -1.913133898905110958e-02 -3.998156484865126453e-02 -3.922262857091516480e-02 -5.077249337544523233e-02 -2.801041763564731876e-02 1.756936088400012225e-02 -9.586337910054852640e-02 nan nan nan nan nan nan nan nan nan nan nan nan nan nan nan nan nan nan
2.772649846532581133e-02 -2.284300568278040122e-02 -2.171644219874057855e-02 -1.185024476209170681e-02 6.398390194769956740e-02 -5.778226939135330809e-02 -2.915007970110211274e-02 -1.022763268498826372e-01 -1.759843517086772668e-01 nan nan nan nan nan nan nan nan nan nan nan nan nan nan nan nan nan nan nan
6.216662361148605348e-02 -4.418696972233535081e-02 8.043669665604055719e-02 3.731186132362482311e-02 -4.972623541439559480e-02 3.501827857085909601e-02 -6.250207103901010697e-02 -1.975582026943835667e-01 -6.749315106318737323e-02 nan nan nan nan nan nan nan nan nan nan nan nan nan nan nan nan nan nan nan
4.071851634860584705e-03 3.832976496358070362e-02 -9.846885412962316786e-02 -1.174638944950660013e-01 -4.861951898799019012e-02 7.426215591528812811e-03 -2.309947264325702340e-02 -1.973151631478469448e-01 -1.431571792471249835e-03 nan nan nan nan nan nan nan nan nan nan nan nan nan nan nan nan nan nan nan
nan 3.302687098288326767e-02 -1.018304702478686243e-02 1.326097135893714724e-02 1.565312130223215151e-02 -4.388627072516711886e-02 -8.971455002005694623e-02 -2.580240563625903483e-01 8.854361628709955453e-03 -1.745945315992057656e-01 nan nan nan nan nan nan nan nan nan nan nan nan nan nan nan nan nan nan
nan 1.710249306540578135e-02 9.971296700546836839e-03 -2.470790625503054352e-02 -3.304361032157920874e-02 6.995093601067861253e-03 -5.902061847876098610e-02 -1.752394237696866877e-02 1.006487487272710382e-02 -4.137806552316601605e-02 nan nan nan nan nan nan nan nan nan nan nan nan nan nan nan nan nan nan
nan 3.009505029461463296e-02 8.533922291945723881e-03 -1.552854317298545637e-02 -1.147673241017989516e-02 -1.906102544932691129e-02 9.489925974612819018e-03 -2.371205027596544682e-02 -4.697985607925408980e-02 -9.237645876513529697e-02 nan nan nan nan nan nan nan nan nan nan nan nan nan nan nan nan nan nan
nan nan 6.891623556623052704e-03 -3.892506485797659482e-03 -4.146623859051704747e-02 5.796518049463933453e-03 5.383089508856392369e-02 -6.046768699965562183e-02 -3.407081129772215888e-02 -1.018225684608127374e-01 nan nan nan nan nan nan nan nan nan nan nan nan nan nan nan nan nan nan
nan nan -5.322934209930429652e-05 -9.305614216080995357e-03 -4.758784320883842345e-02 nan 2.049751015558773717e-02 -1.184409430169123950e-01 -2.829065792649903058e-02 -1.360500456171111205e-01 nan nan nan nan nan nan nan nan nan nan nan nan nan nan nan nan nan nan
nan nan nan nan nan nan 8.358674299988388956e-02 1.832988250693340024e-02 -4.863903455018758759e-02 1.993241868305397485e-02 nan nan -6.421571154256354268e-03 nan nan nan nan nan nan nan nan nan nan nan nan nan nan nan
nan nan nan nan nan 6.077996888832085803e-02 1.486720652529280838e-02 1.263464343672438981e-03 -2.386822510780112899e-02 -2.957854360544716690e-02 nan nan nan nan nan nan nan nan nan nan nan nan nan nan nan nan nan nan
nan nan nan nan nan 6.084087840892745541e-02 -1.605401912726314891e-03 -2.251188428471883121e-02 3.314157880031871201e-02 -3.628706590017637817e-02 -5.037162580216453939e-02 nan nan nan nan nan nan nan nan nan nan nan nan nan nan nan nan nan
nan nan nan nan nan 1.407750884230575018e-02 2.424397568749481549e-02 -6.697859063829188914e-03 1.773774623174432380e-02 -7.654999937323096748e-02 -4.760607850917987494e-02 -1.901299472128973895e-03 nan -3.706255587731673538e-03 nan nan nan nan nan nan nan nan nan nan nan nan nan nan
nan nan nan nan nan -3.500198216581008707e-03 -1.938008422315377509e-03 -9.631817395552460560e-04 1.126652309429679831e-02 1.268779637771637672e-02 3.111025577679399010e-02 -5.621844674839084760e-02 -1.715363813459819600e-02 8.932222345572213501e-04 -4.320299900967479109e-03 nan nan nan nan nan nan nan nan nan nan nan nan nan
nan nan nan nan nan 8.377796292170640313e-02 1.253450774281967888e-04 9.544135749941789690e-03 5.612954012560858463e-03 2.918271692339813317e-02 9.975512831162106769e-03 -1.303352845868935295e-02 -6.949373411729978245e-02 -5.121694374266641536e-02 1.152337661662164621e-02 1.534959018892208130e-03 -1.245089155331988683e-02 nan nan nan nan nan nan nan nan nan nan nan
nan nan nan nan nan nan -3.581983281102664538e-03 1.176753037874527126e-02 8.844030998046587553e-04 -1.387854936971333851e-02 -4.220049316820042445e-03 -2.552020682030026535e-02 -2.716242669182093727e-02 -7.023167795140378145e-02 -6.075975776423130081e-02 3.531203879812541951e-03 -1.822515491201004076e-02 -1.994784953107498968e-02 nan nan nan nan nan nan nan nan nan nan
nan nan nan nan nan nan nan 5.520099402311886595e-03 -2.458912878731280612e-03 4.098580934474911619e-03 3.819941229972621550e-03 -6.460408363911698468e-03 -4.961963239634539433e-03 -9.420545534714323821e-03 -4.068176941094524962e-02 -5.805918495392258655e-02 -1.071486951395961458e-02 -3.191724786958775179e-02 -2.005350760172952204e-02 nan nan nan nan nan nan nan nan nan
nan nan nan nan nan nan nan 3.356494350984789315e-04 -2.327284023433645252e-02 4.925191541765059668e-03 8.481482930018646987e-04 9.226891772309491618e-03 -4.123442012619423468e-03 3.222060046366294166e-03 -2.283343215130083023e-02 -6.378362607021210995e-02 -4.876430257059147927e-02 -2.315578470859719004e-02 3.159356919115088175e-03 -3.180130978005702574e-02 nan nan nan nan nan nan nan nan
nan nan nan nan nan nan nan nan 8.615136205955876286e-03 -6.401240269089595973e-03 -7.047559160230582390e-03 5.205188610451879500e-03 3.829663332000315338e-03 1.188366370671322531e-02 3.367877762269841369e-02 -2.548947999677704176e-02 -1.034608383598419751e-01 -2.711183723483303817e-02 -2.910507445224011155e-02 -3.717640185127703278e-02 -1.969654689015310628e-02 nan nan nan nan nan nan nan
nan nan nan nan nan nan nan nan nan -3.205297907746692404e-02 3.370408177733155708e-02 1.194917186397127101e-02 1.754620468360389846e-02 2.647647591008783774e-02 -4.972499823101526883e-02 -3.253778813239988771e-02 -6.269163440749311866e-02 -9.321026450890838866e-02 2.965307248588796088e-02 -6.405157647341336302e-02 -3.172992475340391527e-02 -1.442949916043936853e-02 -2.066772575466453363e-02 nan nan nan nan nan
nan nan nan nan nan nan nan nan nan nan 2.378592911335636675e-02 2.659602459376324626e-02 2.981513248008134734e-03 2.685734293561738498e-02 1.075012270183030218e-03 -2.202766321123735341e-02 -8.417116483690258513e-03 -6.048707217797030800e-02 -7.396552081490546937e-02 -3.153219665956613627e-02 -3.538190098063330458e-02 -4.243646362200729810e-04 1.538435604431425199e-02 2.658475438074480585e-02 nan nan nan nan
nan nan nan nan nan nan nan nan nan nan nan nan 5.230415981345553494e-02 1.094548312396266196e-02 -7.284048303316181198e-04 -1.922038851529948508e-02 1.699174572404811220e-02 -4.278972586617063589e-02 3.145192588653039634e-02 -2.833193809565764595e-02 -4.155120885152709109e-02 -5.717910420644108094e-02 1.410401198778835714e-04 4.753232417374091828e-02 -4.357542080718832499e-03 -1.286775891669878803e-02 nan nan
nan nan nan nan nan nan nan nan nan nan nan nan nan 1.411075909775622202e-02 1.399272440537249404e-02 -4.017001659002004260e-02 3.089745307640594067e-03 1.506650584494360554e-02 -4.043399048682060591e-03 -6.189953568887143071e-02 -1.956915692627793912e-01 4.097749937581780799e-02 6.041624664017068540e-04 -2.646127471088473987e-02 -2.717241920575908659e-02 -1.818681310008963409e-02 nan nan
nan nan nan nan nan nan nan nan nan nan nan nan nan nan nan 1.345053808431831378e-03 -4.131650348689754060e-02 -3.141951973402522897e-04 -3.441091807031960298e-02 -3.011425080844054927e-02 1.902966865913832337e-02 -1.991810407498179405e-02 5.472435541265913486e-03 -4.467717645192744239e-03 -4.815528743758307889e-02 -4.786603511414962153e-02 nan nan
nan nan nan nan nan nan nan nan nan nan nan nan nan nan nan nan nan 5.883562289033140991e-02 -9.099849878583150808e-03 -1.858110631862443284e-03 -4.217632519978532779e-02 5.575911281916749729e-03 7.386003553485658013e-02 8.734411842770321496e-03 1.592885437905370433e-03 -3.129584621943552053e-02 2.918214522620002360e-02 nan
nan nan nan nan nan nan nan nan nan nan nan nan nan nan nan nan nan nan nan nan 9.203803536304356811e-03 nan nan -3.669074446791447536e-02 -3.777411732740233730e-02 1.153905282553959258e-02 nan nan
