nan nan nan 6.500396230262497910e-02 -4.400091789089372735e-02 nan nan nan nan nan nan nan nan nan nan nan nan nan nan nan nan nan nan nan nan nan nan nan
nan nan nan -5.073361342550892356e-02 -2.432989673194857483e-02 -2.960435755384062395e-02 -2.697386070420625809e-02 nan nan nan nan nan nan nan nan nan nan nan nan nan nan nan nan nan nan nan nan nan
nan nan -4.428871776128069648e-02 8.629042288740874922e-02 -3.055550668756744706e-02 -1.953206073166281059e-02 -5.406151242613974062e-02 -1.482940047029887853e-01 nan nan nan nan nan nan nan nan nan nan nan nan nan nan nan nan nan nan nan nan
nan -2.400200327555527050e-02 8.527014733393814550e-02 1.115997049097192106e-02 -1.336763254644541543e-01 1.298826464750284411e-02 -1.135766789998409049e-01 -3.856208363517228677e-02 -6.025399711379708645e-02 nan nan nan nan nan nan nan nan nan nan nan nan nan nan nan nan nan nan nan
nan -2.435763907777675069e-02 -6.536325483095900557e-02 -3.642722081815676777e-03 7.885221157125513192e-02 -1.033567208672318653e-02 -6.981404940435236017e-02 5.982473492518701474e-03 -1.239280030927022470e-02 -7.209231474305652365e-02 nan nan nan nan nan nan nan nan nan nan nan nan nan nan nan nan nan nan
-1.728426108593020954e-02 -5.197593380902420200e-03 2.414977167550723738e-02 6.721330479934994884e-02 -5.227665333257031782e-02 3.936534092082992486e-02 -2.314423854127207331e-02 -8.014475313030938741e-02 -9.678362309008964326e-02 nan nan nan nan nan nan nan nan nan nan nan nan nan nan nan nan nan nan nan
4.334883837983740523e-02 6.993128200541445794e-02 8.499894883952957558e-02 -7.932850288503977623e-03 -5.617243397129951382e-02 6.052654604872477473e-02 -1.054276026445276349e-01 -1.870969333653312583e-01 -5.104860868594831430e-02 nan nan nan nan nan nan nan nan nan nan nan nan nan nan nan nan nan nan nan
-1.692754124336837834e-02 2.559180932746637008e-02 5.080088594076709665e-03 -1.628862585270853675e-02 -5.431136113478461647e-02 -1.010609236672028594e-01 -3.724901499245748121e-02 -1.263141479453084581e-01 3.295850697508113936e-02 nan nan nan nan nan nan nan nan nan nan nan nan nan nan nan nan nan nan nan
nan 2.596272205786507789e-02 -9.678520966532343228e-03 2.935801057008109640e-03 1.359674833264600501e-02 -6.721593972642538007e-04 -1.661774691274496007e-01 -7.892381365037989815e-02 7.158011707564360766e-04 -2.080212003039245694e-01 nan nan nan nan nan nan nan nan nan nan nan nan nan nan nan nan nan nan
nan 3.611777579189625557e-03 5.585034389822834825e-04 2.718765494582529862e-02 -1.103773246015106874e-01 5.077888905069838539e-03 -8.385541368655281824e-02 1.195992196243851786e-02 -1.492338844854129102e-03 -4.676255859482666977e-02 nan nan nan nan nan nan nan nan nan nan nan nan nan nan nan nan nan nan
nan 6.634090194455576073e-02 9.517320979209153986e-03 -6.055544986770925765e-03 -6.880378720334329005e-03 1.618172766149476860e-02 3.991812207402138657e-02 -2.109860138112555628e-02 1.820299028140569134e-03 -9.094806016250281400e-02 nan nan nan nan nan nan nan nan nan nan nan nan nan nan nan nan nan nan
nan nan -1.412804586835247379e-02 -3.793218518140614292e-03 -2.961516607556321720e-02 -2.535255658312591653e-03 -2.587343836870248381e-02 1.476997288544718576e-03 3.828408769967352882e-02 -1.564046770433430156e-01 nan nan nan nan nan nan nan nan nan nan nan nan nan nan nan nan nan nan
nan nan -2.381454087455682489e-02 -1.259521398566115259e-02 2.277172464841980756e-02 nan 5.462183430211829671e-02 -4.705380739531221657e-02 -7.363301616554956443e-03 -1.663792514398559352e-01 nan nan nan nan nan nan nan nan nan nan nan nan nan nan nan nan nan nan
nan nan nan nan nan nan 1.018610840787986804e-01 5.879707162532315373e-02 -6.318079520451815034e-02 2.979830694181586151e-02 nan nan -1.614641843187040668e-02 nan nan nan nan nan nan nan nan nan nan nan nan nan nan nan
nan nan nan nan nan 1.049639600431515607e-01 7.355383287386474400e-02 2.803950930868183075e-02 -7.434670112565391897e-02 -2.793835492231157985e-02 nan nan nan nan nan nan nan nan nan nan nan nan nan nan nan nan nan nan
nan nan nan nan nan 7.139764484944884082e-02 4.853150158382414647e-02 -4.277022286405436635e-02 -1.075185493084017396e-02 -1.644262034560102503e-02 -3.366237943436501019e-03 nan nan nan nan nan nan nan nan nan nan nan nan nan nan nan nan nan
nan nan nan nan nan 6.445958865459276710e-02 3.927233031141850322e-02 -2.304417381230652526e-02 -1.831162547551958703e-02 -7.704355959073039273e-02 -1.140338117867342044e-02 -3.905086722792221188e-02 nan -4.859700540739627338e-03 nan nan nan nan nan nan nan nan nan nan nan nan nan nan
nan nan nan nan nan 4.984508973295270762e-02 1.087557902282710416e-03 -7.654586976731386425e-03 1.212124032015383761e-02 1.017228441221902299e-02 4.261186089785272413e-02 -4.908573301565496289e-02 -2.350979264962977169e-02 3.440503073780768525e-03 -3.107685490284081350e-03 nan nan nan nan nan nan nan nan nan nan nan nan nan
nan nan nan nan nan 1.239092184840621669e-01 -1.394676452637257959e-02 5.418679859204333146e-04 -3.644703247393531881e-03 1.912859728965553979e-02 1.368756409694552641e-03 -2.423111620897339547e-03 -7.012635833190297707e-02 -4.449170898047435929e-02 1.265540040378777126e-02 2.679874280651469137e-03 -3.851268483970155324e-03 nan nan nan nan nan nan nan nan nan nan nan
nan nan nan nan nan nan -1.159063722148628850e-02 1.354822546684009664e-02 -1.136063650040614915e-02 -4.560567846238219002e-03 -7.153694389933597936e-03 -2.217193758119006750e-02 -2.668358323369398807e-02 -4.543143599572345426e-02 -6.595903641801684203e-02 2.525796402342929663e-03 -1.842189444962085906e-02 -1.709336621360279390e-02 nan nan nan nan nan nan nan nan nan nan
nan nan nan nan nan nan nan 3.454021840016601786e-04 -1.181345089715594120e-02 8.537402174806656488e-03 1.675309122722499697e-02 -6.369324043088969885e-03 -2.301135437655853558e-02 1.229134636336016301e-02 -4.566667130516353923e-02 -6.622437395575708763e-02 -1.017543871929063246e-02 -3.375943832011214785e-02 -1.935945387481572896e-02 nan nan nan nan nan nan nan nan nan
nan nan nan nan nan nan nan -1.489817413418769755e-02 -1.538983565621728465e-02 7.534990580823855248e-03 1.211580276330520047e-02 1.067929016246396169e-03 -3.766259100464123665e-03 6.536732556483113889e-03 -2.135678371782724627e-02 -5.980060887943467601e-02 -5.340183912852614762e-02 -2.724931258263006348e-02 4.137235515785165837e-03 -3.231367714232787069e-02 -1.575375160881889447e-02 -1.014170339307283140e-02 nan nan nan nan nan nan
nan nan nan nan nan nan nan nan 3.791839593455841300e-03 2.052208549722888548e-03 -2.952217357048974732e-04 2.514291972310310139e-02 -5.712632004742122099e-03 2.972564010415690294e-02 -6.372484822089394263e-03 -1.356406499666880545e-02 -1.303766980983533108e-01 -7.681956065606752003e-03 -4.229096943452019530e-02 -3.922256617506381104e-02 -1.975182513681440766e-02 -1.292428892291592156e-02 -8.973556522237620056e-03 -3.331150134705306975e-03 nan nan nan nan
nan nan nan nan nan nan nan nan nan 2.558395978037203769e-02 5.584391591833098162e-02 1.585409803209465035e-02 1.887584583167359678e-02 1.356279941627718151e-02 1.065471127788958496e-04 -3.363698318056457942e-02 -6.497003931411864108e-02 -7.250895675022224485e-02 1.617610829081481127e-02 -6.750671116929984894e-02 -2.741327657291520170e-02 -1.862913531875224488e-02 2.702477331057855786e-02 1.827940053292857053e-02 nan nan nan nan
nan nan nan nan nan nan nan nan nan nan 1.004410821009967536e-01 4.005686040038392709e-02 3.808330989564418217e-03 2.526016672046826200e-02 -1.309077569355193184e-02 -5.483958614514700125e-02 -2.401869174124375127e-03 -9.859991717064518768e-02 -3.842817413080552857e-02 -1.699616096832824372e-02 -2.746776589648557143e-02 -1.392783985400223743e-03 1.510817457770757648e-02 1.601046580249568946e-02 1.469784467475527927e-03 4.019058462889024685e-03 nan nan
nan nan nan nan nan nan nan nan nan nan nan nan 1.820774296867575318e-02 1.127984307551894300e-02 2.342519072281155565e-02 -6.390272894353686561e-02 5.471883029151295569e-02 -1.639959544299761027e-02 -7.017737827178890941e-02 -2.096903949284649460e-02 -4.030662260113080514e-02 -5.790146782628581568e-02 -2.160134840540241653e-04 5.508579489410401347e-02 -8.270667303260054865e-03 -1.168890687120101302e-02 nan nan
nan nan nan nan nan nan nan nan nan nan nan nan nan 1.762077948468552049e-02 -1.647281210928509473e-02 3.095202471394756585e-03 -1.749366933723809844e-02 -4.873919940602740308e-02 4.319853497325556319e-02 -7.653909833723189504e-02 -8.829956371736730203e-02 1.915250479950995205e-02 1.419816926517908145e-03 -1.787493934656243441e-02 -3.110634599272035783e-02 -1.968313593796902974e-02 nan nan
nan nan nan nan nan nan nan nan nan nan nan nan nan nan nan -1.708326044128136850e-02 -3.550569576612454259e-02 -5.370360568877275559e-02 7.851236446589767923e-03 -2.209885398328460121e-02 -6.311764199528355733e-03 -4.473935056165471297e-02 2.208727886830216466e-02 2.572377156560221208e-03 -4.786478678454637176e-02 -4.543853695316680402e-02 nan nan
nan nan nan nan nan nan nan nan nan nan nan nan nan nan nan nan nan 2.769158989586697171e-03 4.905321729268318290e-03 4.448154914040801378e-02 -1.720157676812590283e-02 4.809740853046660068e-03 5.857177043352367052e-02 4.086757873316206047e-02 -3.080332724022320431e-02 -1.492140766896460878e-02 2.267135039747187816e-02 nan
nan nan nan nan nan nan nan nan nan nan nan nan nan nan nan nan nan nan nan nan 1.223995441213707180e-02 nan nan -1.557887611688706965e-02 -2.616491854217968538e-02 1.199069733470122835e-02 nan nan
