nan nan nan 7.037425969333781228e-02 -5.944015937186216542e-02 nan nan nan nan nan nan nan nan nan nan nan nan nan nan nan nan nan nan nan nan nan nan nan
nan nan nan -1.444188039545512810e-03 -6.317791394517675851e-02 -4.995641539008581489e-02 2.697708761658675850e-03 nan nan nan nan nan nan nan nan nan nan nan nan nan nan nan nan nan nan nan nan nan
nan nan 1.064531175287689174e-01 -1.532268706793648294e-01 2.431820694880982084e-03 -4.350123219356548387e-02 7.797875305981020154e-04 -1.460266510792528061e-01 nan nan nan nan nan nan nan nan nan nan nan nan nan nan nan nan nan nan nan nan
nan -6.274946137629490439e-02 9.398087286175277333e-02 1.107990897211381109e-01 -9.446813748004567746e-02 -7.435379753804526384e-03 -4.957325982677725229e-02 -1.329052075991645487e-01 -3.263305875408861051e-02 nan nan nan nan nan nan nan nan nan nan nan nan nan nan nan nan nan nan nan
nan 6.453082627599221466e-02 1.572315327142916053e-02 -4.194482760368588997e-02 3.275883432425331226e-02 -4.833487891898207572e-02 -4.637496815967968172e-02 -4.237692746151849876e-02 -6.810387376171263621e-03 -1.002755648653858717e-01 nan nan nan nan nan nan nan nan nan nan nan nan nan nan nan nan nan nan
2.874874391293187614e-02 9.331823874435278554e-02 -6.140453131115211627e-02 7.543761816056718250e-02 -5.312180358823672538e-02 1.603980521752844043e-02 -1.625047237932963386e-03 -1.102637954133849768e-01 -1.293785065491280806e-01 nan nan nan nan nan nan nan nan nan nan nan nan nan nan nan nan nan nan nan
7.654675270684016541e-02 1.034409212546686663e-01 6.697658653847739230e-02 -2.531470911117624650e-02 -7.850931198013143264e-02 3.340967550591875113e-02 -5.315950487824399467e-02 -1.477832494217874437e-01 -5.489822892418168288e-02 nan nan nan nan nan nan nan nan nan nan nan nan nan nan nan nan nan nan nan
-9.484556544632929964e-02 8.311478052753649981e-02 -2.456283742581070670e-02 2.311513280999803136e-03 -6.451243221434328767e-02 -7.394491867925929544e-07 -5.041810443869128300e-02 -2.194858628271675327e-01 -3.998294257161588705e-02 nan nan nan nan nan nan nan nan nan nan nan nan nan nan nan nan nan nan nan
nan 6.076608529705639777e-02 -2.938630692459633445e-02 3.330315172964979503e-02 7.631273371343235724e-03 -4.235342905549067255e-02 -1.484771247581946618e-01 -1.830506727177566573e-01 1.761906175348324638e-02 -1.563412059846373547e-01 nan nan nan nan nan nan nan nan nan nan nan nan nan nan nan nan nan nan
nan 1.147664886579742236e-02 1.619514734465253916e-02 -1.501892375252948143e-02 -5.992733458654165429e-02 -2.051186992022276806e-02 -1.297997103402331043e-01 2.010534878409844881e-03 3.454487125716733387e-02 -4.365785033618023447e-02 nan nan nan nan nan nan nan nan nan nan nan nan nan nan nan nan nan nan
nan 2.566188644614881068e-02 1.375834440383936000e-02 -2.445625059962071648e-02 -1.667468034153630346e-02 5.661275836604136129e-03 -1.273300120843398782e-02 1.127828471533352632e-02 -2.180506454293502580e-02 -1.007349639610184144e-01 nan nan nan nan nan nan nan nan nan nan nan nan nan nan nan nan nan nan
nan nan 1.046532954377948362e-04 -4.171145299814689802e-03 -5.433341481357997771e-02 -6.920163964640527188e-03 1.029379417105631515e-02 9.698321141183328248e-03 -2.912131788072494162e-02 -1.318110837076841846e-01 nan nan nan nan nan nan nan nan nan nan nan nan nan nan nan nan nan nan
nan nan -9.352107382647013162e-03 -9.755929151545401218e-03 -2.280493120947704733e-03 nan 4.174304556660805854e-02 -8.725790675599355561e-02 -3.936897240116217500e-02 -1.498049137030882383e-01 nan nan nan nan nan nan nan nan nan nan nan nan nan nan nan nan nan nan
nan nan nan nan nan nan 1.012876597637619169e-01 3.468439338366448993e-02 -7.192293708636315896e-02 1.999030389082124756e-02 nan nan -1.522074652627616355e-02 nan nan nan nan nan nan nan nan nan nan nan nan nan nan nan
nan nan nan nan nan 8.510908366621748600e-02 7.764865373360764489e-02 -1.604640955804001326e-03 -7.009131957656052070e-02 -1.538947945907315207e-02 nan nan nan nan nan nan nan nan nan nan nan nan nan nan nan nan nan nan
nan nan nan nan nan 8.328082741466522054e-02 1.501555631385551384e-02 -1.962989615495855378e-02 -1.191944397833469109e-02 -3.784635606095252541e-02 9.813850075823716060e-03 nan nan nan nan nan nan nan nan nan nan nan nan nan nan nan nan nan
nan nan nan nan nan 3.940836976764294786e-02 1.593063327147133112e-02 2.259414903244698607e-03 -3.031311803564763416e-03 -9.228526978726141194e-02 -2.508968822387086864e-02 -8.687122867537522969e-03 nan -5.456668755690692769e-03 nan nan nan nan nan nan nan nan nan nan nan nan nan nan
nan nan nan nan nan 2.678338600925094654e-02 7.187826915912692502e-03 3.506358380336264870e-03 1.570280474044464733e-02 1.520883635338067530e-02 2.790723124633812807e-02 -3.755338324859609778e-02 -1.776706857793331276e-02 3.449710711656215224e-03 -4.964878112753336008e-03 nan nan nan nan nan nan nan nan nan nan nan nan nan
nan nan nan nan nan 1.093627913208065211e-01 -2.372079725577248485e-03 1.055522580810944406e-03 9.561809824315200407e-03 2.808333163603913760e-02 1.007802876757246148e-03 -9.465817389946545174e-03 -6.512115168917455288e-02 -4.691537881376527802e-02 1.343211868518956117e-02 2.966162034003628524e-03 -1.334852933485395146e-02 nan nan nan nan nan nan nan nan nan nan nan
nan nan nan nan nan nan -8.803842597179261861e-03 7.324356355621902334e-03 2.096013946612652716e-03 -6.563678815760508496e-03 -2.472939974636095307e-03 -2.167032827678319271e-02 -3.006584785418835865e-02 -5.692367411239881297e-02 -6.305916330385280544e-02 6.628072658210129239e-03 -1.615146795206342384e-02 -1.621037042579491494e-02 nan nan nan nan nan nan nan nan nan nan
nan nan nan nan nan nan nan 2.226277020753874344e-03 -7.660812234980372316e-03 3.292816026575489264e-03 1.342641822034347510e-02 -5.277479099935458197e-03 -4.190915905183885230e-03 2.636660395747582319e-02 -4.282914563613704484e-02 -6.656926515473010619e-02 -1.002638233811656461e-02 -3.280088196731606454e-02 -2.011299650682496498e-02 nan nan nan nan nan nan nan nan nan
nan nan nan nan nan nan nan -7.568938366171819093e-04 -1.799991405369034611e-02 1.262292221221669383e-03 9.120059169806299035e-03 1.152551574985379197e-02 5.134777690409525648e-03 1.134247635580503538e-02 -4.152430043328346476e-02 -4.695039073639551558e-02 -5.169704630713023441e-02 -2.809201992495815453e-02 8.615922730764963983e-03 -3.329748566286207245e-02 nan nan nan nan nan nan nan nan
nan nan nan nan nan nan nan nan -9.427325118221309766e-03 -2.464839529379482443e-03 -4.737142977469241574e-03 2.672048407773429390e-02 6.231796403623832657e-03 3.137009875513474544e-02 -6.123730721610712129e-03 -2.111408777392833822e-02 -1.215475859312831197e-01 -1.535250848479503306e-02 -3.105221860534982184e-02 -3.954200670285507035e-02 -2.124585327479624336e-02 nan nan nan nan nan nan nan
nan nan nan nan nan nan nan nan nan 2.132922110618723499e-02 4.008051849765357361e-02 1.933937383526817752e-02 2.655763182129226851e-03 2.455734083871686027e-02 -6.161760563256599155e-02 -2.492716169791334146e-02 -4.856945281916592166e-02 -8.449747011195175850e-02 2.738993103240386362e-02 -7.317020872987135827e-02 -3.195866799268975988e-02 -1.618883216172196590e-02 -5.030966660796979198e-03 nan nan nan nan nan
nan nan nan nan nan nan nan nan nan nan 7.270983458642395203e-02 2.484149361992777846e-02 1.914177415889040459e-02 3.399713305459687446e-02 5.556632501832331483e-03 -4.109311787217564960e-02 -2.438820009734444551e-03 -9.333775273137411010e-02 -6.346111213931185380e-02 -1.729474017049897200e-02 -2.377448309715334690e-02 -3.564968609157045509e-03 1.335235528752335560e-02 2.667626227152207832e-02 nan nan nan nan
nan nan nan nan nan nan nan nan nan nan nan nan 2.134495829136029768e-02 2.351905035191683216e-02 8.862621644869589366e-03 -1.949620758140999457e-02 -1.652982884871690566e-02 -3.617519097007257378e-02 -3.557936412019391259e-02 -3.879942196264966198e-02 -3.278098106728255523e-02 -5.208251267854454442e-02 -4.624395983286281610e-04 4.988938853256248002e-02 -6.165762432396518743e-03 -1.454784007856609225e-02 nan nan
nan nan nan nan nan nan nan nan nan nan nan nan nan 2.401506835765995426e-02 -4.862110000249227071e-03 -1.069828972632558620e-02 -7.981409697223306940e-03 7.438144522754841503e-02 -8.413685082257844894e-02 -4.456616090973092303e-02 -1.555602470383030400e-01 2.705432852029454605e-02 5.371642588348775338e-03 -2.002940307656252833e-02 -3.244319479326540634e-02 -1.795944685130467650e-02 nan nan
nan nan nan nan nan nan nan nan nan nan nan nan nan nan nan -2.816657278091614508e-02 -3.092689438839102065e-02 -3.364324255766332206e-02 -2.737603730138180036e-02 -3.427016987426504541e-02 1.075098942790778805e-02 -2.311020680129179106e-02 1.658745044620736978e-02 -1.375401339315263788e-02 -4.444032442644514636e-02 -5.037152468143020478e-02 nan nan
nan nan nan nan nan nan nan nan nan nan nan nan nan nan nan nan nan 2.902798141266588194e-02 3.496999523041986052e-02 2.773833930990818319e-02 -1.051096307699225102e-02 7.332935775208706750e-03 6.099310664418210182e-02 -2.496479866779923243e-02 -6.359518455767456530e-03 -1.999235733192767858e-02 2.541339045678060390e-02 nan
nan nan nan nan nan nan nan nan nan nan nan nan nan nan nan nan nan nan nan nan 1.359225676994705798e-02 nan nan -1.731609536746876385e-02 -7.996856201150277788e-02 3.114040464785314960e-02 nan nan
