nan nan nan -5.166839343316173561e-03 -1.450641256816299733e-02 nan nan nan nan nan nan nan nan nan nan nan nan nan nan nan nan nan nan nan nan nan nan nan
nan nan nan 3.915109532079240340e-02 -4.324522439630651416e-02 -6.276079485987198781e-02 -5.515547876312644482e-02 nan nan nan nan nan nan nan nan nan nan nan nan nan nan nan nan nan nan nan nan nan
nan nan 9.214698243024578572e-02 -2.055891314747557846e-02 -1.138929554711365713e-02 -4.166457815870997644e-02 -6.936409455800640611e-02 -1.322746305633553665e-01 nan nan nan nan nan nan nan nan nan nan nan nan nan nan nan nan nan nan nan nan
nan -1.804515241271222384e-02 8.254314423630729203e-02 3.032930607038910459e-02 -1.195467764215851596e-02 -8.365917662692689410e-03 -1.165186007186348044e-01 -9.214042819523361738e-02 -1.397405874412947224e-01 nan nan nan nan nan nan nan nan nan nan nan nan nan nan nan nan nan nan nan
nan 9.478670100061378778e-02 -8.585999432388334573e-02 -4.980409303272085447e-02 1.341719855867577471e-01 -3.754358814984728315e-02 -1.241058357884070873e-01 3.164925087089061340e-02 -2.280293079503649400e-02 -1.357647372683765674e-01 nan nan nan nan nan nan nan nan nan nan nan nan nan nan nan nan nan nan
-1.440880879798229998e-03 7.435395550423433420e-02 -3.939400709338043705e-02 9.400653540741139846e-02 -1.199160497453017060e-01 4.162290116192779443e-02 -7.997841682538454899e-02 -8.540486603483596340e-02 -2.515077695436337413e-01 nan nan nan nan nan nan nan nan nan nan nan nan nan nan nan nan nan nan nan
6.471846745572217008e-02 7.333742603385745573e-02 -3.543052271205986842e-02 -6.501670304472757789e-02 -6.405706143048081613e-02 1.592758156029896663e-02 -3.759659575586251495e-02 -1.817269718036024773e-01 -2.155337523173874725e-01 nan nan nan nan nan nan nan nan nan nan nan nan nan nan nan nan nan nan nan
-4.877841033584195962e-02 9.406635005380531434e-02 1.453519426708384406e-04 -1.419003194414163171e-02 -2.143529512905556142e-02 -8.437098525161385379e-03 -7.453145930542200148e-03 -1.792605435687311122e-01 -1.019781642445389408e-01 nan nan nan nan nan nan nan nan nan nan nan nan nan nan nan nan nan nan nan
nan 4.980306128001116273e-02 -5.137561181321720349e-02 -3.551926708103694819e-02 1.031422245375706627e-02 -8.780596017998815173e-02 -1.426571361317682807e-01 -1.097581943065221721e-01 -1.350065500233898486e-01 -2.279810620878289507e-01 nan nan nan nan nan nan nan nan nan nan nan nan nan nan nan nan nan nan
nan 2.505642690736999481e-02 4.851070553759077170e-02 -1.166545232453508434e-02 -9.031300192446978237e-02 -4.795155318789136312e-02 -3.999463418589132950e-03 1.388944340836772116e-02 -4.377739563134311340e-02 -3.857194393336027538e-02 nan nan nan nan nan nan nan nan nan nan nan nan nan nan nan nan nan nan
nan 1.196214077551325215e-02 -1.422976129218877714e-02 -9.020666265104051659e-03 -9.885673070514557070e-03 -1.659026734525879954e-02 3.790074271118317600e-02 -2.692143357765691691e-02 -5.756953179862864950e-02 -1.118685497369854009e-01 nan nan nan nan nan nan nan nan nan nan nan nan nan nan nan nan nan nan
nan nan -5.039780782169149542e-03 -1.687323879934802227e-03 -8.829856150174397733e-02 -2.429143845074105759e-02 1.389915766145492261e-02 -9.091087461396096109e-03 -1.421796464385398084e-01 -5.559144202110436611e-02 nan nan nan nan nan nan nan nan nan nan nan nan nan nan nan nan nan nan
nan nan -2.206570420847967645e-02 -2.925485561179495819e-02 6.426782693818841596e-02 nan 3.364585146432744200e-02 -3.997097918039573851e-03 -8.068589966917105727e-02 -8.498811479215458153e-02 nan nan nan nan nan nan nan nan nan nan nan nan nan nan nan nan nan nan
nan nan nan nan nan nan 3.361800307165906110e-02 1.065605642290509553e-01 -8.877447740335364657e-02 -2.796048491751532833e-02 nan nan 9.015099110124673645e-03 nan nan nan nan nan nan nan nan nan nan nan nan nan nan nan
nan nan nan nan nan 1.134065394494487011e-01 4.910622607156299446e-02 7.543080782297413578e-02 -5.336882472456406373e-02 -4.831273998972598904e-02 nan nan nan nan nan nan nan nan nan nan nan nan nan nan nan nan nan nan
nan nan nan nan nan 1.093967270596942210e-01 2.317115500009055487e-02 -7.139734913381874486e-03 -1.361694167748269020e-02 -7.310853630864175279e-02 5.301262626645998621e-02 nan nan nan nan nan nan nan nan nan nan nan nan nan nan nan nan nan
nan nan nan nan nan 9.377956833924988578e-02 3.477283756160753220e-02 1.632525154092459227e-02 1.067661472133142608e-02 -1.145244045587854309e-01 -9.766836297646136131e-03 7.382488838889973530e-03 nan -5.251694634863690592e-03 nan nan nan nan nan nan nan nan nan nan nan nan nan nan
nan nan nan nan nan 7.733469344431849468e-02 3.275655420778625371e-02 1.055312377152981679e-02 6.318856987651462649e-03 7.941650772682443821e-03 5.080855435144294302e-02 -5.050979913185333486e-02 -1.912598143949515925e-02 -1.063143362202464970e-03 -5.042413869282592019e-03 nan nan nan nan nan nan nan nan nan nan nan nan nan
nan nan nan nan nan 1.636804016742799961e-01 6.683921194471236643e-03 1.091312592061878181e-02 8.310710868814786406e-03 2.014252544342679321e-02 1.560083241947014462e-02 2.687685421009010193e-03 -7.412085730354699142e-02 -5.347078093282614519e-02 9.943619646722655359e-03 1.342045907900154839e-03 -1.181789677108789280e-02 nan nan nan nan nan nan nan nan nan nan nan
nan nan nan nan nan nan -1.154163124929088492e-02 7.840666892496610946e-03 -6.339575283017535694e-03 -3.067176399298864389e-03 -1.068511412381963413e-02 -2.870877119457400373e-02 -1.926322708732924188e-02 -7.963207177999198638e-02 -6.280179632457594252e-02 8.516968978651371508e-03 -1.716434386047781258e-02 -1.717762816645089854e-02 nan nan nan nan nan nan nan nan nan nan
nan nan nan nan nan nan nan 1.213484486499706062e-02 -1.726629931967146869e-02 -2.247455580073047087e-03 1.602436137446628175e-02 -1.212851364808095744e-02 1.172490118226383708e-02 3.316582702153364308e-03 -7.046903724439292083e-02 -5.217706771648358832e-02 -1.062580721739334044e-02 -3.931065129821682824e-02 -2.465171236137231672e-02 nan nan nan nan nan nan nan nan nan
nan nan nan nan nan nan nan -1.453525990747748554e-02 -2.308301834610468339e-02 -4.328632411027899009e-03 9.883139784390917656e-03 4.419253062161022580e-03 8.094796989009148472e-03 2.567747137948145353e-02 -4.242898037227001151e-02 -6.484172334931240234e-02 -5.205301412067458305e-02 -3.716424230956193869e-02 -1.435260362730819824e-03 -2.288247228540835065e-02 nan nan nan nan nan nan nan nan
nan nan nan nan nan nan nan nan 2.479969314768118438e-02 -2.446904390625327663e-02 2.274344385336684107e-02 2.135495598938742107e-02 -1.328224425610743074e-03 3.398204064515322753e-02 -8.562446735957155927e-03 -2.873362748959711402e-02 -1.138473915009020065e-01 -1.763494189875638649e-02 -4.176313514985795228e-02 -4.353063987488079573e-02 -2.916328607994209815e-02 -5.838120919964183420e-03 nan nan nan nan nan nan
nan nan nan nan nan nan nan nan nan -1.730527102704034446e-03 3.359126411090969377e-02 7.215405778624390046e-03 1.672095817614479771e-02 1.930038799265999328e-03 -1.474360665164514868e-02 -3.577898530508059893e-02 -7.511684210563882025e-02 -6.785342776337165149e-02 2.531072957159093834e-02 -7.565476595793503567e-02 -2.815577922738290301e-02 -9.003644102246150666e-03 -1.281380351432256058e-02 7.978920543409203509e-03 nan nan nan nan
nan nan nan nan nan nan nan nan nan nan 8.907343595487105664e-03 2.164381561120325495e-02 5.991573444883680280e-03 1.656142619880396696e-02 -2.741796311130691166e-02 1.119356017204504831e-02 -2.214380897434261447e-02 -8.992814523253485348e-02 -4.327961400086394878e-02 -1.644342875063618120e-02 -2.815982541295233149e-02 1.203290160265159088e-03 2.246413640801566552e-02 2.367414333337643922e-02 -2.218394591806357660e-02 6.082114521229265054e-03 nan nan
nan nan nan nan nan nan nan nan nan nan nan nan 4.430822950069279037e-02 -6.439154254894713728e-03 1.492585036467984931e-03 -9.380386110199347149e-03 1.615148853105407992e-03 -5.036006494287451757e-02 -2.689448275993134088e-02 2.890790445144649640e-02 -8.967041912875804710e-02 -6.172343558408453085e-02 -9.996904280092691261e-03 2.126170554736706020e-02 -2.046514822737000028e-02 -1.843628716164346856e-02 nan nan
nan nan nan nan nan nan nan nan nan nan nan nan nan 1.401429058994388931e-02 -1.025055121238199578e-02 -2.508492773635554937e-02 5.023494205393208394e-03 5.596182042306346686e-03 2.053116623172963114e-03 -1.287279380743426571e-02 -7.257268749325727908e-02 -3.971344256675883588e-02 -6.006522317913502024e-02 1.265219535575667735e-02 -3.928787159286913078e-02 -2.335044011432983735e-02 nan nan
nan nan nan nan nan nan nan nan nan nan nan nan nan nan nan 1.440016432450911925e-02 -2.830098753593853628e-02 -1.610843043375793926e-02 -3.586672658809392927e-02 -1.615780742633471032e-02 -6.809072011208033848e-02 -1.719644863080541097e-02 2.977989527699099678e-02 -1.856392406151984725e-02 -6.754724590095814718e-02 -5.141050688143680020e-02 nan nan
nan nan nan nan nan nan nan nan nan nan nan nan nan nan nan nan nan -2.955559374594937498e-03 7.198186753237439950e-02 -7.461658808930023146e-02 -4.328733304383131780e-02 -8.940025432393422164e-03 9.499700062633172071e-02 1.267413564453331587e-01 -8.340173587399228594e-02 -3.832317417112503233e-02 3.319397201108012507e-02 nan
nan nan nan nan nan nan nan nan nan nan nan nan nan nan nan nan nan nan nan nan 4.703507642667872218e-02 nan nan -3.345245940796501977e-02 7.133782229875419711e-02 -4.553716745320287446e-02 nan nan
