nan nan nan -5.587156613754706846e-02 1.670868427005089626e-02 nan nan nan nan nan nan nan nan nan nan nan nan nan nan nan nan nan nan nan nan nan nan nan
nan nan nan 1.183012388116554126e-01 -1.626292951073626467e-02 -5.727735413749689836e-02 -8.497141455038333124e-03 nan nan nan nan nan nan nan nan nan nan nan nan nan nan nan nan nan nan nan nan nan
nan nan 2.032725212719975819e-02 -1.440460018404162920e-02 3.960888487507224776e-02 -7.121706273046768398e-02 -2.401930932664404078e-02 -1.473833907653223363e-01 nan nan nan nan nan nan nan nan nan nan nan nan nan nan nan nan nan nan nan nan
nan 2.251998311474861514e-01 6.681288444922590941e-02 -2.281567473168843053e-03 -3.933913511653291950e-02 -4.383022368530966467e-02 -6.757505922565162915e-02 -7.017202775724809549e-02 -5.253247420862183076e-02 nan nan nan nan nan nan nan nan nan nan nan nan nan nan nan nan nan nan nan
nan 8.795323772616160662e-02 1.093273381628048213e-01 -3.045227004324048761e-02 -4.022815823681022591e-03 1.569842029590172092e-02 -7.623649576636999659e-02 1.360442870804807330e-02 -4.241441396250096585e-02 -5.355047321188292908e-02 nan nan nan nan nan nan nan nan nan nan nan nan nan nan nan nan nan nan
1.278541840050478051e-01 -2.090288802553511016e-02 5.302485124447876841e-02 6.546521624585958064e-03 4.370546102307016484e-02 -8.826203368300551688e-02 -7.729052090002462572e-02 -1.055316593544387144e-01 -1.425902548957712068e-01 nan nan nan nan nan nan nan nan nan nan nan nan nan nan nan nan nan nan nan
1.024677213690827413e-02 6.449246284162761522e-02 1.073309927946996672e-01 -8.515800859204848694e-02 -4.739038448884459742e-02 9.521309965245096374e-02 -1.323816253568664558e-01 -2.072544499572386012e-01 -1.629510245606410239e-03 nan nan nan nan nan nan nan nan nan nan nan nan nan nan nan nan nan nan nan
2.270816878700757796e-02 -7.000558450507466876e-03 5.101994292896350897e-02 2.367414053243534905e-02 4.188370225770120248e-02 -1.185991142124625808e-01 1.571938748430172159e-02 -1.603679430045367171e-01 9.019136958697075365e-03 nan nan nan nan nan nan nan nan nan nan nan nan nan nan nan nan nan nan nan
nan 8.039385005013627294e-02 -8.370681122192152879e-02 -9.301368426928883701e-03 -3.424228688485829453e-02 3.391823767940956025e-02 -1.832677354490098720e-01 -1.350738892428217097e-01 -5.803344931728422057e-02 -1.846340856698966137e-01 nan nan nan nan nan nan nan nan nan nan nan nan nan nan nan nan nan nan
nan -8.349810008506374252e-04 2.216010115550294535e-02 -4.479016745510615294e-02 -3.340987628099128387e-02 -3.010488483792451986e-02 -5.485416730980413602e-02 1.629392464091255349e-02 1.204420004569753053e-02 -4.199593196332683520e-02 nan nan nan nan nan nan nan nan nan nan nan nan nan nan nan nan nan nan
nan 6.375231374194767486e-02 -6.807513287224824065e-03 7.178607381413578932e-04 -1.428876984327156693e-02 -1.346887346790727642e-02 1.486123532384325211e-03 3.517062781477175298e-02 1.188734066147499255e-02 -1.272189969729007886e-01 nan nan nan nan nan nan nan nan nan nan nan nan nan nan nan nan nan nan
nan nan -7.642613279923230786e-03 -2.291050835822870321e-02 -6.412746957925284652e-02 6.525317823463550916e-03 6.767299516234476231e-02 -1.011849136431987317e-01 -2.508573728251536905e-02 -1.244051697795279382e-01 nan nan nan nan nan nan nan nan nan nan nan nan nan nan nan nan nan nan
nan nan -1.341370783180169737e-03 -1.205860799369483372e-02 1.538400639904834860e-02 nan 2.847840924223657769e-02 -9.097901891787896211e-02 1.212503575288163965e-01 -2.042778650592739498e-01 nan nan nan nan nan nan nan nan nan nan nan nan nan nan nan nan nan nan
nan nan nan nan nan nan 4.289003878377362772e-02 5.895678322456354009e-02 -1.650082607638879983e-01 5.142579211168153003e-02 nan nan -5.357652104928343866e-03 nan nan nan nan nan nan nan nan nan nan nan nan nan nan nan
nan nan nan nan nan 7.534079346360458840e-02 7.943078007118349604e-02 4.036605220099019620e-02 -1.193371938963123102e-01 1.519528321726945630e-01 nan nan nan nan nan nan nan nan nan nan nan nan nan nan nan nan nan nan
nan nan nan nan nan 1.028848336125662566e-01 4.188223289178645559e-02 -9.997196733132708915e-03 -5.582428911361956431e-02 -4.600824186325112863e-02 -5.859701143834234599e-02 nan nan nan nan nan nan nan nan nan nan nan nan nan nan nan nan nan
nan nan nan nan nan 6.642441626811480815e-02 2.753413049712059163e-02 7.133923960319079813e-03 -3.163561857084880302e-02 -1.102651608323924060e-01 3.191549233697128785e-02 -3.421737813926944288e-02 nan -1.612914277303431621e-02 nan nan nan nan nan nan nan nan nan nan nan nan nan nan
nan nan nan nan nan 5.771418180990532665e-02 1.705229400083907790e-03 1.704955553562115256e-02 1.149661595402922190e-02 -2.393876923149551583e-02 1.197114249486496036e-02 -5.114459622554411861e-02 -2.871615306542515261e-02 -1.659033464828628401e-02 1.537205027232454177e-03 nan nan nan nan nan nan nan nan nan nan nan nan nan
nan nan nan nan nan 1.583604414616373302e-01 7.871120087432483675e-03 2.156881655782997773e-02 -9.755231105729315118e-04 1.780750425372978549e-02 -3.177948001614058771e-02 3.022099253090998559e-03 -1.081963204552085223e-01 -5.225380411862666497e-02 3.513862235235439696e-02 -9.020691329827327729e-03 -3.054263312235418887e-02 nan nan nan nan nan nan nan nan nan nan nan
nan nan nan nan nan nan 6.104229108191729092e-03 1.074847102359643806e-02 -2.783753723357262032e-03 -1.576418948078068052e-02 -1.074842234030131977e-03 -3.926686098910642242e-02 -4.192401863660934203e-02 -6.030865108926036777e-02 -4.327943151797206817e-02 8.823037439898928636e-03 -3.353054487062237521e-02 -6.485102742750751929e-03 nan nan nan nan nan nan nan nan nan nan
nan nan nan nan nan nan nan 4.865329450463736459e-03 -1.170031715892160505e-02 2.639003318483146548e-03 2.906771206082984279e-03 -4.468408672132492820e-02 -2.475824212814275310e-02 3.496622225217473762e-02 -6.870571944568430733e-02 -1.420771938861190298e-01 2.318041002189948421e-02 1.225785672708437114e-02 -1.066715796511420560e-02 nan nan -4.364855005146113845e-04 nan nan nan nan nan nan
nan nan nan nan nan nan nan -4.788259577627557335e-03 -2.801066432010529406e-02 2.101684943973250452e-02 1.387239712322964336e-02 -1.004002716980898630e-02 -2.283927877219282809e-02 3.293256088672336795e-02 -2.402539202987536565e-02 -6.325135687143189356e-02 -9.178186067973614914e-02 -4.996526659630060041e-03 1.907735433595997981e-02 -3.691505036896935987e-02 1.917620628672833064e-03 7.026395274688865787e-03 -1.543339043420273796e-02 nan nan nan nan nan
nan nan nan nan nan nan nan nan -5.383267416444815004e-03 -4.560345551571897034e-03 2.685353994626838922e-02 -3.447863998087565083e-03 3.470528959337225612e-03 -1.399384163432651138e-02 -2.160595355617122518e-03 -1.539728394985398312e-02 -1.087887009172543856e-01 -2.290383764860771595e-02 -3.709469822789539933e-02 -5.027715226420289424e-02 4.861697262126114111e-03 2.466982351311194921e-03 5.183138564125255518e-03 1.492316425220958052e-02 nan 1.525017974996257554e-02 7.819997026252120675e-03 nan
nan nan nan nan nan nan nan nan nan 7.082301568496499056e-02 1.277595476529095816e-02 3.561227543295198555e-02 -2.385828112505688353e-03 -1.802472819078240751e-02 -4.161341103577249900e-02 4.603082961334171649e-03 -6.407182182900844625e-02 -1.326247493685149825e-01 3.961442029759479344e-02 -6.976174290641995457e-02 -8.808845071011241201e-03 5.949026931373599392e-03 1.138291197970870035e-02 6.399286943148269069e-02 nan 1.037543689738224320e-02 1.358804272457148077e-02 nan
nan nan nan nan nan nan nan nan nan nan 6.999044808886234481e-02 2.101368685680071388e-02 -3.878515253343079068e-03 -1.619837904128698831e-03 2.431671918506853741e-02 -6.729504684181922269e-02 -2.600485659494098864e-02 -5.543492167098239276e-02 -4.215698796430717571e-02 -5.682636901400162435e-03 -1.429070079520840426e-02 9.293062814922014789e-03 -5.432418864425544655e-03 7.056028490092236538e-02 -1.937495233037685866e-02 -1.196047920624017900e-02 nan nan
nan nan nan nan nan nan nan nan nan nan nan nan 5.072723589244387994e-03 1.269636056403678458e-02 8.454861394798607148e-04 -4.187159218245096320e-02 -9.984212824243060211e-03 2.791028064799146169e-03 -3.699190965284951393e-02 3.753844445934117428e-03 -1.061409334739945309e-01 -7.791539367474383491e-03 -2.788917937034889397e-02 4.990255979368449224e-02 1.788027263938878411e-02 -1.762213955114716804e-02 nan nan
nan nan nan nan nan nan nan nan nan nan nan nan nan -5.058911923505317494e-03 -2.651739578858715307e-02 1.151450145605998135e-02 -5.054220411571341831e-02 4.515701057467204349e-02 -1.238770153231543297e-01 -1.704426850882998640e-02 -1.160776126498585248e-01 -3.558838810132906438e-03 1.132111297761678390e-02 -2.803911325145410499e-02 -3.080175475434687032e-02 -2.054889284801273905e-02 nan nan
nan nan nan nan nan nan nan nan nan nan nan nan nan nan nan 8.892424977635203162e-03 -4.151880734121956434e-02 -2.446275256010558077e-02 3.373124218352333697e-02 -3.561099738501641299e-02 -6.066931556937210646e-02 6.444415313938753678e-03 -3.179016011575074453e-03 -1.336265812817735363e-02 -6.103926975166521635e-02 -4.982098018686687696e-02 nan nan
nan nan nan nan nan nan nan nan nan nan nan nan nan nan nan nan nan -8.385901392746810193e-03 5.436979076210612244e-02 1.115584413345381987e-03 -1.117176701881388533e-02 5.779656242972503431e-04 5.666300689999051454e-02 1.968419282780556334e-02 -2.915423072761818418e-02 -4.616496193713948842e-02 2.011663768077804823e-02 nan
nan nan nan nan nan nan nan nan nan nan nan nan nan nan nan nan nan nan nan nan -1.668089824870009133e-02 nan nan -1.592570114449489566e-02 -3.346818695347093375e-03 -9.132358957136658267e-03 nan nan
