nan nan nan -1.016868852682109858e-01 2.219698483438754463e-02 nan nan nan nan nan nan nan nan nan nan nan nan nan nan nan nan nan nan nan nan nan nan nan
nan nan nan 9.292128739682532432e-03 -3.682162424100342973e-02 -7.335311450726117455e-02 -4.686645266820614608e-02 nan nan nan nan nan nan nan nan nan nan nan nan nan nan nan nan nan nan nan nan nan
nan nan -7.512990665304723759e-02 1.025426531118084628e-01 -2.040555495656518406e-02 -4.987011759122943200e-02 -1.191579859217718577e-02 -1.175746166317571256e-01 nan nan nan nan nan nan nan nan nan nan nan nan nan nan nan nan nan nan nan nan
nan 2.472584953124114943e-02 -7.171721235082629403e-03 1.695673960500364980e-02 -1.629431996954648805e-03 -2.532009109581842901e-02 -1.014516315075169040e-01 -1.244236691990305149e-01 -1.076090715580942381e-01 nan nan nan nan nan nan nan nan nan nan nan nan nan nan nan nan nan nan nan
nan -4.953230323087885745e-03 3.277715083783183658e-02 -8.979354018242007018e-02 1.102338350518796278e-01 -4.972118809247312587e-02 -1.104240065688092132e-01 2.045435467227511850e-03 1.849202516761904586e-02 -1.247070483537020408e-01 nan nan nan nan nan nan nan nan nan nan nan nan nan nan nan nan nan nan
1.741601808333246570e-01 -7.139121186546301678e-02 -1.244074546083130395e-01 5.737828564252765023e-02 -1.844621831700433414e-03 1.739581661897677059e-02 -1.026640174974214198e-01 -7.628374783533888037e-02 -2.161319935702785411e-01 nan nan nan nan nan nan nan nan nan nan nan nan nan nan nan nan nan nan nan
3.115702710858129013e-02 1.832695541916299908e-01 -4.425850038900175365e-02 9.684578063621128441e-02 -3.412117618661528184e-02 7.745281350728833170e-02 -7.422505566691828260e-02 -1.486830420261564534e-01 -1.998683634430066802e-01 nan nan nan nan nan nan nan nan nan nan nan nan nan nan nan nan nan nan nan
-5.559264800214874791e-02 8.459101745539832073e-02 -5.093633041189398608e-02 8.003389265691053522e-02 -1.693263915513190665e-01 -1.266998882024843454e-01 -6.625119083133591824e-02 -1.696206290125742144e-01 -1.056297610784607405e-01 nan nan nan nan nan nan nan nan nan nan nan nan nan nan nan nan nan nan nan
nan -4.161467679797005545e-04 3.530918653575717929e-03 -4.177002452797224513e-02 3.070599261642864217e-02 2.868988366035783548e-03 -9.097019550910799557e-02 -1.158265074519294752e-01 -3.951962893472615174e-02 -1.889600332973731256e-01 nan nan nan nan nan nan nan nan nan nan nan nan nan nan nan nan nan nan
nan 6.690886116277664636e-03 2.227641837476943693e-02 8.979428141518077874e-03 -5.724120502355934531e-02 1.133224612086833685e-02 -1.608292259018849757e-01 -4.547082118663651334e-02 -1.770530161778274478e-02 -6.689527842883123687e-02 nan nan nan nan nan nan nan nan nan nan nan nan nan nan nan nan nan nan
nan 4.394512174313003339e-02 -1.522749364967283456e-02 -9.043567716548718549e-03 -2.298147649451987018e-02 -4.491137254936352491e-03 -8.601537873488186714e-02 -5.259467981414220339e-02 -1.666201769515966713e-02 -7.201043302767864973e-02 nan nan nan nan nan nan nan nan nan nan nan nan nan nan nan nan nan nan
nan nan -1.981837621839608460e-02 1.088837657230582075e-02 -4.084753635438100744e-02 5.077949605451032716e-02 -7.856476948534654725e-02 1.015997495598306745e-02 -3.180253096859515707e-03 -8.837339346370531867e-02 nan nan nan nan nan nan nan nan nan nan nan nan nan nan nan nan nan nan
nan nan -7.079185339091083329e-03 2.501937421960754443e-02 6.526761865754453218e-03 nan 2.259873714321929215e-03 -2.619861382964752683e-02 -2.979113506328835443e-03 -1.456311914385104711e-01 nan nan nan nan nan nan nan nan nan nan nan nan nan nan nan nan nan nan
nan nan nan nan nan nan -2.669047815746814281e-02 1.301444608181899776e-01 -5.657806325607799003e-02 1.498963741224916719e-02 nan nan -7.472735567754487836e-03 nan nan nan nan nan nan nan nan nan nan nan nan nan nan nan
nan nan nan nan nan 8.586361935832377557e-02 1.305111378316426915e-02 1.146652863429056396e-01 -4.304872859545447183e-02 -4.048541354017819865e-02 nan nan nan nan nan nan nan nan nan nan nan nan nan nan nan nan nan nan
nan nan nan nan nan 8.069797585380659999e-02 4.536652790059593487e-02 7.551588943240427308e-03 1.173530457456358270e-02 -9.431127844073905475e-02 7.469193292557578523e-02 nan nan nan nan nan nan nan nan nan nan nan nan nan nan nan nan nan
nan nan nan nan nan 7.090658814553585376e-02 2.417890552984832547e-02 2.765718159711025650e-02 -2.335651499320174403e-03 -1.244293641464388339e-01 -4.789886637851982487e-02 2.360928007584943075e-02 nan -6.094626874614209738e-03 nan nan nan nan nan nan nan nan nan nan nan nan nan nan
nan nan nan nan nan 7.288085618622690276e-02 2.659302296689514122e-02 2.140439390490375682e-02 1.585399984485028752e-02 1.090206253841843539e-02 4.540525040764140791e-02 -1.777829143074500032e-02 -1.238546192776379153e-02 -4.085384426566507007e-03 -6.825053981832919850e-03 nan nan nan nan nan nan nan nan nan nan nan nan nan
nan nan nan nan nan 1.936191267826403439e-01 1.490405086621320041e-02 1.680097678411893516e-02 4.061182246683184283e-03 1.527166312348744379e-02 1.546431264327470696e-02 -1.608188020349111957e-02 -7.320157260914808561e-02 -5.208217854877001535e-02 1.083712280380444773e-02 3.714415999451045787e-03 -1.437485531051591568e-02 nan nan nan nan nan nan nan nan nan nan nan
nan nan nan nan nan nan -4.243877454698264350e-03 1.206853809971248671e-02 -1.235880524073286989e-02 -1.646417767840789234e-02 -5.945695239604822935e-03 -3.155164970508237549e-02 -5.068265796977468145e-03 -6.445966068969655183e-02 -5.916539508940098224e-02 6.451038454137521076e-03 -1.762692470236038034e-02 -3.422606427394843387e-02 nan nan nan nan nan nan nan nan nan nan
nan nan nan nan nan nan nan -1.638287652653389005e-03 -1.515942787187558524e-02 -1.335457035010207197e-02 7.662151711877455279e-03 -1.559521174851240385e-03 4.157996238001382232e-03 1.254998607091556764e-02 -4.603757656392096914e-02 -6.818087751492735160e-02 -1.120655489924436699e-02 -3.931601722723377518e-02 -2.160273203668407541e-02 nan nan nan nan nan nan nan nan nan
nan nan nan nan nan nan nan -1.361946838841257557e-02 -2.974052885084229117e-02 -1.385790733606293533e-02 -2.276751531274011581e-04 3.665676147964059411e-02 -1.325330774131634401e-02 3.287351016236086249e-02 -1.186822449301090827e-02 -7.874913214964122943e-02 -4.794428339526113358e-02 -3.541336853030693094e-02 -2.358650837081601847e-03 -3.222022662353196676e-02 -1.348135107782405702e-02 nan nan nan nan nan nan nan
nan nan nan nan nan nan nan nan -1.561061400533222954e-02 -2.026939664624705442e-02 2.026505348094053555e-02 4.027028744562017454e-02 -2.314160943886458058e-02 3.991802167226935621e-02 1.136106936843431616e-03 -5.635900089616831948e-02 -1.015190553571413551e-01 -2.080139764240895514e-02 -3.824233722576414474e-02 -4.013912186138610810e-02 -2.146375222213096901e-02 -1.124348403601489917e-02 1.074885873985180137e-02 nan nan nan nan nan
nan nan nan nan nan nan nan nan nan -4.186763731525053323e-02 1.429124635841874658e-02 2.740200788323713874e-02 9.637481856023156698e-03 -3.340919492779370614e-03 -2.350479135435958045e-02 -1.844744928827680985e-02 -9.340089550480604186e-02 -5.382383365613864490e-02 2.472167356723021028e-02 -7.816269361634772816e-02 -2.719173977380969984e-02 -1.123035545496755064e-02 1.923855380452154165e-02 9.522472669236135834e-03 nan nan nan nan
nan nan nan nan nan nan nan nan nan nan 9.243444053671275723e-03 4.874988120740865460e-02 2.022897882476585446e-02 3.590053615214896989e-03 -3.987811650804382047e-02 1.268146927171236865e-02 -1.734590889179801060e-02 -8.353417786936484513e-02 -1.003549079048074964e-02 -4.449474741201776828e-02 -3.352767394476716123e-02 2.915298373155409111e-03 2.126623795948227869e-02 3.453444019355058486e-02 7.513598538786687812e-03 1.194963442913292082e-02 nan nan
nan nan nan nan nan nan nan nan nan nan nan nan 4.400298922486966385e-02 6.666289944680239138e-03 -1.882775063629235288e-02 5.718432624416591205e-03 -1.078696855764278706e-02 -2.476185966924653037e-02 2.918518684124048190e-02 -3.168035611448793108e-03 -1.139998274120723465e-01 -9.782168640690785955e-03 -7.478315243876697618e-03 5.731625052736186859e-02 -4.554094613491967147e-03 -1.718867399516508035e-02 nan nan
nan nan nan nan nan nan nan nan nan nan nan nan nan 2.523171415731410849e-02 -7.816420624875053749e-03 -5.678330123526248788e-03 7.610102342731862521e-04 6.418785530140808625e-03 3.286128167148771146e-05 5.567024095143234541e-02 -7.697631987730454983e-02 -2.309809614524638635e-02 -7.172104279164696894e-02 -4.549838334218525853e-04 -3.636846388215317361e-02 -2.533154866010070214e-02 nan nan
nan nan nan nan nan nan nan nan nan nan nan nan nan nan nan 1.073904578594017493e-02 -3.958635643438723761e-02 -1.557854000622548030e-02 -1.113142015637119502e-02 -1.647545272498550026e-02 -7.821754890329574161e-02 3.745791665164045076e-02 5.855404152977781301e-03 3.691424925151648006e-03 -6.761742716097057793e-02 -4.809433514255928577e-02 nan nan
nan nan nan nan nan nan nan nan nan nan nan nan nan nan nan nan nan 1.719164007706097935e-03 4.125519745299593977e-02 -2.360025300711581474e-03 -2.630679445421290133e-02 4.504378519375017674e-03 2.428985459576451719e-02 7.357934351230766001e-02 -6.335162026023595516e-02 -4.587817213596288857e-02 3.386034636905767975e-02 nan
nan nan nan nan nan nan nan nan nan nan nan nan nan nan nan nan nan nan nan nan 2.206065685493551354e-03 nan nan -6.637315214287645149e-02 2.665627146152690224e-02 -5.000204742560807741e-02 nan nan
