nan nan nan 3.192599674648332470e-02 -1.582531231411547779e-02 nan nan nan nan nan nan nan nan nan nan nan nan nan nan nan nan nan nan nan nan nan nan nan
nan nan nan 2.759814418558826851e-02 -9.223159691042400257e-03 -1.031028747362106313e-01 -1.106011495004648702e-02 nan nan nan nan nan nan nan nan nan nan nan nan nan nan nan nan nan nan nan nan nan
nan nan -9.687925604787919753e-02 7.382661189216475905e-02 -1.840095472508388244e-03 -5.555767968906721865e-02 -5.036634266079942357e-02 -1.215295216440980541e-01 nan nan nan nan nan nan nan nan nan nan nan nan nan nan nan nan nan nan nan nan
nan 8.378800706967361872e-03 2.377762841939727936e-02 -8.367380903787254021e-02 -1.286678403667942255e-02 -3.976915141437767018e-03 -9.641949178415454291e-02 -8.560193763748519258e-02 -7.966550041456066378e-02 nan nan nan nan nan nan nan nan nan nan nan nan nan nan nan nan nan nan nan
nan 1.056974929204534258e-01 -3.293638867841949119e-02 8.431208708023843479e-03 1.266109229587049634e-01 -7.536008877573659170e-02 -9.429784285090610230e-02 4.481067153647784636e-03 1.477742506422916567e-02 -9.555757917851528949e-02 nan nan nan nan nan nan nan nan nan nan nan nan nan nan nan nan nan nan
1.042394762282782515e-02 -3.967384708097189405e-02 7.750584421574001348e-02 -9.793160168111207653e-03 -4.342248051817632765e-02 2.395481919793792866e-02 -1.102491441681876377e-01 -1.010836207154782868e-01 -2.169276572703588424e-01 nan nan nan nan nan nan nan nan nan nan nan nan nan nan nan nan nan nan nan
4.739144708698497105e-02 1.104018046133926623e-01 -1.651219902150949381e-02 7.373922582218755961e-02 1.155889081638314907e-02 1.084053860387605966e-03 -8.295705857926927163e-02 -1.836768108757066142e-01 -1.055057989696784326e-01 nan nan nan nan nan nan nan nan nan nan nan nan nan nan nan nan nan nan nan
2.064132934816947235e-02 6.062824894718565200e-02 2.581557888240683732e-02 -7.742975274718720546e-02 -1.795223611933337293e-02 5.333859735297601101e-02 -4.650753272918652786e-02 -1.444475737600990906e-01 -4.760257723407399638e-02 nan nan nan nan nan nan nan nan nan nan nan nan nan nan nan nan nan nan nan
nan 8.653773610476544337e-03 -1.168912298066506622e-02 -9.735952556910384970e-03 -1.003648262767852656e-01 6.131036798282336192e-02 -1.464399197361168081e-01 -5.786902479706726443e-02 -8.936182561538211222e-02 -1.806189003583316688e-01 nan nan nan nan nan nan nan nan nan nan nan nan nan nan nan nan nan nan
nan 1.597488201670255528e-02 4.710156442754839107e-02 -7.160253657286240296e-03 -4.025290346443854972e-02 -6.787642948262455518e-03 -4.326069101571206749e-02 -4.952938022599068062e-03 -8.345573678216415547e-02 -6.483190400370482387e-02 nan nan nan nan nan nan nan nan nan nan nan nan nan nan nan nan nan nan
nan 1.822307032774994617e-02 1.465301516111411871e-02 -1.733729702361290134e-02 -2.957941303069033454e-02 -6.198946539198232387e-03 4.318444833273216849e-02 -1.381963393332422407e-01 1.182864752673569138e-03 -1.521979889056486734e-01 nan nan nan nan nan nan nan nan nan nan nan nan nan nan nan nan nan nan
nan nan -5.867005253366100459e-02 1.416495326796086453e-02 -8.301941284250230479e-02 3.073423205290182897e-02 2.527110135760753107e-02 -1.015562373585769534e-01 1.268704924388512623e-01 -1.392925515778056789e-01 nan nan nan nan nan nan nan nan nan nan nan nan nan nan nan nan nan nan
nan nan -3.774849478198295805e-02 2.424254938416384349e-03 -2.770316511895864683e-02 nan 8.259562542312022526e-02 -6.395701750241961081e-02 -6.318498776696605812e-02 -1.294696883707384394e-01 nan nan nan nan nan nan nan nan nan nan nan nan nan nan nan nan nan nan
nan nan nan nan nan nan 7.323484191080766037e-02 5.260668822920460536e-02 -2.212408080467182236e-01 -2.701853476952635960e-02 nan nan -4.153842427052573463e-03 nan nan nan nan nan nan nan nan nan nan nan nan nan nan nan
nan nan nan nan nan 1.223612420023489078e-01 8.086691309645062387e-02 2.282181116222864806e-02 -7.861383493878092155e-02 -1.352404374153565458e-01 nan nan nan nan nan nan nan nan nan nan nan nan nan nan nan nan nan nan
nan nan nan nan nan 8.812133894826307268e-02 1.703922418620223977e-02 2.724379035867740498e-03 4.032262349500110275e-03 -1.297395104227803964e-01 4.992378839837836868e-02 nan nan nan nan nan nan nan nan nan nan nan nan nan nan nan nan nan
nan nan nan nan nan 9.412084223293018526e-02 1.544674926520905531e-02 2.734132790605559721e-02 1.259510567114182668e-02 -7.677508489141980641e-02 -5.280450394072151027e-02 9.451745202851460567e-03 nan -1.836890930791781548e-02 nan nan nan nan nan nan nan nan nan nan nan nan nan nan
nan nan nan nan nan 7.240808572345587557e-02 -1.236193043220110317e-02 3.988418754454876869e-02 1.270003261089027238e-02 -4.942207919150644162e-03 6.430335878272135097e-02 -9.073187176080854677e-02 -1.026552557313055725e-01 -4.680576608586081711e-02 2.764399826414106962e-02 nan nan nan nan nan nan nan nan nan nan nan nan nan
nan nan nan nan nan 1.465884370556859162e-01 2.179957402404918143e-03 2.695721652275742328e-02 -7.394159076826066967e-04 1.730835257543392874e-02 -2.231683565268921174e-04 -2.756699553297502214e-02 -3.233989374980494880e-02 -1.244391367428039213e-01 -8.437297892565215340e-02 8.160252871145316778e-02 2.121663847008303447e-02 nan nan nan nan nan nan nan nan nan nan nan
nan nan nan nan nan nan -3.182327006016008857e-03 5.982407128140538460e-03 -9.740932219046325238e-03 -1.811251760412234749e-02 -8.983310235973760924e-03 -2.194615648980090955e-02 -3.722305773901758708e-02 -3.530090680618713783e-02 -8.140306211824116511e-02 -2.706955291421922483e-02 5.182880706251761886e-03 3.130042669206232336e-02 nan nan nan nan nan nan nan nan nan nan
nan nan nan nan nan nan nan -3.931053869904340727e-03 -2.556702071435659404e-02 2.446462920956099627e-04 5.725583666454694617e-03 -1.035517235143752074e-02 2.933500875511758053e-03 -1.071473284163711355e-02 -3.115395129592583509e-02 -1.097233218393894316e-01 -4.699218376492216021e-02 2.935851870544042494e-02 -1.240652395252122078e-02 nan nan -2.235780364592386896e-02 nan nan nan nan nan nan
nan nan nan nan nan nan nan -1.353185165085271820e-02 -3.312346337321183526e-02 3.675878842108220006e-03 -7.426997127835832484e-03 3.417448407356733428e-03 -1.542956875358495773e-02 1.105512442644642802e-02 -1.021752979449211916e-02 -6.881065684227924417e-02 -1.207766067925326592e-01 7.382999635411451869e-04 2.710908228854830640e-02 -7.816248081854443308e-02 -3.253855904029617774e-02 -7.516168945114599584e-03 7.623735108134861715e-03 nan nan nan nan nan
nan nan nan nan nan nan nan nan 1.983212725807429605e-02 -1.239382611007644897e-03 1.195490266056495852e-02 8.866904066297530071e-03 -1.161514685967877068e-02 -4.272834884517537866e-03 1.268113706299526383e-02 -1.000897120456504044e-02 -1.689536103727179439e-01 -4.558835033578265139e-02 -4.101749412863558292e-02 4.009732607000700971e-02 -2.475281326676521086e-03 -7.067950538868939848e-03 2.283415088751158603e-02 2.206997453114898852e-02 nan nan nan nan
nan nan nan nan nan nan nan nan nan -6.830971084201372355e-03 5.700430403574515553e-02 7.054233858981441563e-03 1.273419619897837168e-02 -1.625108454591410803e-02 -3.209892737282592223e-02 -1.994041655224586262e-02 -2.900280916317029417e-02 -2.074192024131767398e-01 4.420429876256692231e-02 -3.367081203422803148e-02 -1.332497545690985129e-02 2.252148010503819686e-02 -6.366334590452693218e-03 3.358094112228027922e-02 nan 1.698413991864423933e-02 1.007119907259757495e-02 nan
nan nan nan nan nan nan nan nan nan nan 2.319116871565591459e-02 1.509197840117243970e-02 1.369687936656149504e-02 -1.570789869118956661e-03 -3.320562978729855313e-02 -1.648654503326539567e-02 6.171505359626885436e-03 -1.020139370251913757e-01 -6.391974431656789746e-02 -7.590672533766661643e-03 6.183635535503791310e-03 -2.572971565748762707e-02 7.004081696619400728e-03 3.891648930612639362e-02 -1.078134376843462917e-04 1.478370055722912774e-02 nan nan
nan nan nan nan nan nan nan nan nan nan nan nan 9.248590077531130063e-03 1.439557743551698240e-03 -1.908227284602228083e-02 -1.784042111882331964e-03 -1.229389011904129074e-02 -3.564366393564422086e-02 -1.291334440400965580e-02 -1.395689431424671292e-02 -8.513272273063964002e-02 -7.264852454077667422e-03 -2.981132266849918951e-03 4.952573414180485439e-02 -1.251013472605531918e-02 -1.686693460808038128e-02 nan nan
nan nan nan nan nan nan nan nan nan nan nan nan nan 2.160788849786661817e-02 -2.489142394157754096e-02 -7.950824711553878751e-03 -3.551554144698105230e-03 -1.074088679909913219e-01 1.147203811137385704e-01 -6.360043725064350173e-02 1.416774785982741550e-02 -5.172067029726450799e-02 -1.433103273825902038e-02 -3.976714338193659826e-02 -3.520606405105736886e-02 -2.711932514319759929e-02 nan nan
nan nan nan nan nan nan nan nan nan nan nan nan nan nan nan -5.264682139385015724e-02 -2.374982112092884415e-02 -4.067815303651409198e-02 -1.345509312352957502e-02 -6.143811407551946942e-03 -2.713667341363488594e-03 -2.502753674870197495e-02 -1.922084420023707080e-02 -3.096612906673430407e-02 -4.416955080537390138e-02 -5.576662758304010842e-02 nan nan
nan nan nan nan nan nan nan nan nan nan nan nan nan nan nan nan nan -2.134845283488304851e-02 6.972833527524452402e-02 2.669475558132084272e-02 -6.155900695407112017e-02 3.869114130691712894e-02 5.936554068314042060e-02 9.957895649950469774e-02 -6.847506119411660153e-02 -3.414711914988922958e-02 3.425015814649873258e-02 nan
nan nan nan nan nan nan nan nan nan nan nan nan nan nan nan nan nan nan nan nan 3.110672947126910670e-02 nan nan -1.693033404747806836e-02 2.408654238679954970e-02 -3.096155420317323742e-02 nan nan
