nan nan nan 4.764392790901086222e-02 -2.944441913429480043e-02 nan nan nan nan nan nan nan nan nan nan nan nan nan nan nan nan nan nan nan nan nan nan nan
nan nan nan -3.894219343242399760e-03 -4.666094579915200380e-02 -9.974670824851752937e-02 -1.201796959808216179e-02 nan nan nan nan nan nan nan nan nan nan nan nan nan nan nan nan nan nan nan nan nan
nan nan 4.436500104245022502e-02 1.857436493367923755e-02 6.449872509687439026e-02 -5.470829221873654141e-02 -5.096308885539678479e-02 -1.968325770034679012e-01 nan nan nan nan nan nan nan nan nan nan nan nan nan nan nan nan nan nan nan nan
nan 5.277084147799227659e-02 6.717909470970118146e-02 -1.085150905404387023e-01 -5.497441475320671150e-02 -2.916793752892940170e-02 -5.748732067708254428e-02 -2.265231463745690788e-01 -1.932706616661742163e-02 nan nan nan nan nan nan nan nan nan nan nan nan nan nan nan nan nan nan nan
nan 1.394202233567587434e-01 1.257284423181842699e-02 6.012483509157577621e-02 8.326860822165027542e-02 -1.073586293734560965e-01 -1.020424156088488576e-01 -2.120037684143236123e-02 -2.411044079514142874e-02 -7.175530858094984754e-02 nan nan nan nan nan nan nan nan nan nan nan nan nan nan nan nan nan nan
2.884555107254090610e-03 1.449876258981002974e-01 7.887880991111535789e-02 -3.992214752005863315e-02 -4.325283223341318262e-02 7.545216927336433760e-03 -1.294852035301898852e-01 -6.729797121664318760e-02 -2.490957684026753050e-01 nan nan nan nan nan nan nan nan nan nan nan nan nan nan nan nan nan nan nan
2.218449282101084274e-02 1.172140354555304131e-01 -1.454612866117016394e-02 -1.525272587654511770e-02 9.466159879242369568e-02 -5.662947724685522301e-03 -1.409901023356463501e-01 -2.106029107923494681e-01 -1.531780339252093170e-01 nan nan nan nan nan nan nan nan nan nan nan nan nan nan nan nan nan nan nan
-2.339051221409504250e-02 3.790073521671628864e-02 1.933838428938175133e-02 -7.406857711861655758e-03 -1.756426297218850741e-02 9.956075515782510099e-02 -1.018096068924498054e-01 -1.760243311382619358e-01 -5.380001215720039281e-02 nan nan nan nan nan nan nan nan nan nan nan nan nan nan nan nan nan nan nan
nan 4.189039553855671005e-02 -5.411234012982460428e-02 -9.747827142966620020e-03 -5.116904859540076511e-02 -7.222528852463000471e-02 -1.736530714487579119e-01 -2.078868822717511999e-01 -1.059530804309272572e-01 -1.584624176381645710e-01 nan nan nan nan nan nan nan nan nan nan nan nan nan nan nan nan nan nan
nan 7.544133304451532129e-02 6.816172787560438422e-03 -1.510058626392180720e-02 -3.444121969301395386e-02 6.408441921770764715e-03 -8.362793152542732922e-02 -5.250190940717293364e-02 -1.412226640375003998e-02 -2.452321068910553840e-03 nan nan nan nan nan nan nan nan nan nan nan nan nan nan nan nan nan nan
nan 3.171508043594958859e-02 2.302672884372967618e-02 -4.908040044163932553e-02 1.886934708717146868e-03 -2.726562336646807735e-02 2.610802588351041412e-02 -1.050409089110441868e-01 -2.813799292429764939e-02 -1.009369813104019353e-01 nan nan nan nan nan nan nan nan nan nan nan nan nan nan nan nan nan nan
nan nan -1.997194207298572804e-02 2.294580071478897944e-03 -4.664206886897364485e-02 4.337891701405611512e-03 4.410544305271345278e-02 -6.734502449880115649e-02 -1.144195877543800755e-01 6.105585364683560438e-03 nan nan nan nan nan nan nan nan nan nan nan nan nan nan nan nan nan nan
nan nan -5.705807154742562753e-02 3.510439781720215563e-02 5.717391901899340073e-02 nan 4.258216437139276250e-02 -3.217944710719979756e-02 -6.187376218793477073e-02 -9.223948193952896668e-02 nan nan nan nan nan nan nan nan nan nan nan nan nan nan nan nan nan nan
nan nan nan nan nan nan 2.343834636420825610e-02 8.513113077690427632e-02 -6.364205945978561318e-02 -5.241363970254335480e-02 nan nan -1.190644385618198908e-02 nan nan nan nan nan nan nan nan nan nan nan nan nan nan nan
nan nan nan nan nan 7.669662727598169916e-02 3.865535797084886788e-02 5.143130041646842843e-02 -4.491911679015254955e-02 -5.016337514300771294e-02 nan nan nan nan nan nan nan nan nan nan nan nan nan nan nan nan nan nan
nan nan nan nan nan 7.567780831907108818e-02 2.190344093232367284e-02 3.795952369116067926e-02 3.425766185095580063e-02 -1.075540544901164991e-01 4.494422571607567529e-02 nan nan nan nan nan nan nan nan nan nan nan nan nan nan nan nan nan
nan nan nan nan nan 3.230784868680173366e-02 1.015915484191185110e-02 3.986302849492687206e-02 1.019726223753561825e-02 -1.166130885320085797e-01 -3.984864475328343814e-02 1.117406331290735251e-02 nan -6.788246365899861141e-03 nan nan nan nan nan nan nan nan nan nan nan nan nan nan
nan nan nan nan nan 2.388017913920696331e-02 1.902172975401256530e-02 2.422900897495159842e-02 9.114647559525377446e-03 8.700756223144657728e-03 7.047839753015448794e-02 -4.429160272039782409e-02 -1.463684170877220005e-02 -2.459943709678636629e-03 -8.874301487038075906e-03 nan nan nan nan nan nan nan nan nan nan nan nan nan
nan nan nan nan nan 1.744886254532561354e-01 -6.556220040198751636e-04 1.047304437756400343e-02 4.379161485489092842e-03 4.312497559282040677e-02 -2.747648730487874721e-03 -2.825007928907142737e-02 -7.204597541027341068e-02 -5.486507624048887061e-02 9.178951763154108781e-03 5.649072812813020657e-03 -1.930847811712128534e-02 nan nan nan nan nan nan nan nan nan nan nan
nan nan nan nan nan nan -1.318432685208096797e-02 1.497312377139538471e-02 1.132540296472002092e-02 -2.284471034478095103e-02 -2.318893309451158791e-02 -2.460172290777651663e-02 -4.249024937739014074e-02 -4.585379216501875299e-02 -6.272958132077412208e-02 6.907473918139137546e-03 -1.779351371426421760e-02 -1.466375516630501544e-02 nan nan nan nan nan nan nan nan nan nan
nan nan nan nan nan nan nan -5.411211361847021936e-03 -1.816482067946991949e-02 -1.022649716091642187e-02 5.380183392471962235e-03 -2.436464480402020585e-02 3.466616595649685013e-03 -3.741578471728629644e-04 -4.193685647601571448e-02 -5.211692090025391022e-02 -1.398969502744762741e-02 -3.594144145997141271e-02 -2.086039523311353922e-02 nan nan nan nan nan nan nan nan nan
nan nan nan nan nan nan nan -1.808238874822720374e-02 -2.059090903252628127e-02 7.820754986333978975e-03 -6.441573846205516166e-03 2.390169389389878302e-02 -2.898458542361471513e-04 2.174415027520778046e-02 -2.547553792582497173e-03 -5.955309149889653764e-02 -6.656904278902243954e-02 -2.884078455695301621e-02 5.139737413044535332e-03 -3.445507159920096346e-02 -2.369321722188186610e-02 9.225965609745713156e-03 nan nan nan nan nan nan
nan nan nan nan nan nan nan nan -2.528420216531610670e-02 9.371492139678857386e-03 -5.673105534387266544e-03 3.808873623864526131e-02 -3.121881768485028005e-02 3.737162536157381115e-02 1.312768144093440920e-03 -4.146104021638943871e-02 -1.320464017632096698e-01 -4.823283169592674363e-03 -2.741824814128127411e-02 -4.126420469529278739e-02 -1.883636471528417344e-02 -8.533449818363021688e-03 -2.155474403752122119e-03 nan nan nan nan nan
nan nan nan nan nan nan nan nan nan 6.253686152850583546e-02 1.657933808724204941e-02 2.982541175504704878e-02 -1.276516053499907564e-02 4.603417379463218932e-03 -4.033292770585212433e-02 -9.443963042457733173e-03 -5.707175832267492172e-02 -7.213242406871832324e-02 3.322299244820592357e-02 -7.479872889314302664e-02 -3.004440103442027749e-02 -1.013636859901471260e-02 2.121984131087319148e-02 3.143116696517244540e-02 nan nan nan nan
nan nan nan nan nan nan nan nan nan nan 2.611524351533972207e-02 3.945457317891795657e-02 1.617077109506567800e-02 9.390254422270327868e-04 -6.909501646576370754e-03 1.120473754841186387e-03 -3.173035359111454207e-02 -1.123737088842219067e-01 -2.382240370194178836e-02 -1.476039549345061104e-02 -5.350586426649348720e-02 7.669575590193748130e-04 2.425855870525570057e-02 2.889048895213723253e-02 1.774434753725963885e-03 1.386293872606094574e-02 nan nan
nan nan nan nan nan nan nan nan nan nan nan nan 3.450355860134167452e-02 7.856262302038364079e-03 -2.610454907102846556e-02 2.784467751874221408e-02 -3.037762114140013167e-02 -2.118017451213059441e-02 -3.116865585503136513e-02 1.318519291624316303e-02 -8.734253565498370508e-02 4.705476328056823129e-03 -1.633459412190621865e-02 5.214701460774845421e-02 -1.079484957267202137e-02 -1.679625692994138678e-02 nan nan
nan nan nan nan nan nan nan nan nan nan nan nan nan 2.000927627759477995e-02 1.870063079905204565e-03 -1.334512243158420854e-02 8.079793712268704131e-03 -1.177962335856771320e-01 2.949607981963032685e-02 3.518782508602982025e-03 -7.640819456090450212e-02 -6.982111146840024041e-02 -6.347664222974495896e-02 -1.581891832399560591e-02 -3.655553537571674949e-02 -2.575563520993940855e-02 nan nan
nan nan nan nan nan nan nan nan nan nan nan nan nan nan nan -2.429177905063469381e-02 -3.711803410152337418e-02 -4.396878708251678036e-02 4.271505553582501113e-02 -7.113354798710087856e-02 9.460508873873478206e-03 -7.870587591750170808e-02 4.875891554253986016e-02 -2.386623218941394398e-02 -4.665945536291488810e-02 -5.609816862183837627e-02 nan nan
nan nan nan nan nan nan nan nan nan nan nan nan nan nan nan nan nan 4.763054466225467160e-02 -6.527855215717057180e-02 1.581553717551084995e-02 -2.459276411347936092e-02 -1.851029840731189743e-02 1.042483150813083154e-01 7.783252616515629052e-02 -4.944624855319027651e-02 -3.924467696204753109e-02 3.207057095431092159e-02 nan
nan nan nan nan nan nan nan nan nan nan nan nan nan nan nan nan nan nan nan nan 3.800003801604184828e-02 nan nan -1.968337539144102838e-02 -1.294172795565483834e-02 -1.882600931067768615e-02 nan nan
