nan nan nan -4.865497122029320554e-02 -4.586620037692136324e-03 nan nan nan nan nan nan nan nan nan nan nan nan nan nan nan nan nan nan nan nan nan nan nan
nan nan nan -7.830052100586655517e-02 1.100667376393692221e-02 -7.601394352919794983e-02 -4.017544385613153884e-03 nan nan nan nan nan nan nan nan nan nan nan nan nan nan nan nan nan nan nan nan nan
nan nan 2.209422585693792893e-02 -3.079711183585308668e-02 6.925550761739028560e-02 -6.451066138289913987e-02 -3.682441123156057067e-02 -2.116453521548181949e-01 nan nan nan nan nan nan nan nan nan nan nan nan nan nan nan nan nan nan nan nan
nan 3.531546627720662246e-02 7.231779770627715098e-02 -1.446016955163684503e-01 3.993880617290219981e-02 -1.782432412085315984e-02 -1.039797260076783386e-01 -1.292247064712134796e-01 -4.199971107448995100e-02 nan nan nan nan nan nan nan nan nan nan nan nan nan nan nan nan nan nan nan
nan -1.090267811251697389e-01 6.653951286121179143e-02 1.765711059131960109e-02 1.140604523653363130e-02 -2.258253967305880183e-02 -1.143738635080027016e-01 -2.083321496412491106e-02 1.860278595125760062e-02 -9.729521108889686853e-02 nan nan nan nan nan nan nan nan nan nan nan nan nan nan nan nan nan nan
8.436159622213471043e-02 1.517061688629227183e-02 -7.978638888393002615e-02 3.663904708248744840e-02 -1.386654966618486827e-02 -6.556351772384393095e-02 -5.654890308439412122e-02 -1.040332764087417289e-01 -1.790388169985069333e-01 nan nan nan nan nan nan nan nan nan nan nan nan nan nan nan nan nan nan nan
8.934371337666871526e-02 6.102943234180461390e-02 -4.061475167042220835e-02 -2.495776059658321583e-02 1.207877374230680902e-02 7.345769112072561557e-02 -5.332615296231742186e-02 -2.039353236852021189e-01 -1.133768839640831444e-01 nan nan nan nan nan nan nan nan nan nan nan nan nan nan nan nan nan nan nan
-3.636160507533710978e-02 -5.918144856041133994e-02 9.161319441917528672e-02 -8.814598853277509638e-02 4.392464194867640691e-03 3.681627339234844198e-02 -2.425274540354927996e-02 -2.018883564982535683e-01 2.299641512168174029e-03 nan nan nan nan nan nan nan nan nan nan nan nan nan nan nan nan nan nan nan
nan 1.649780816204369713e-02 1.120640764042762742e-02 -5.613833508298095298e-02 -5.710961191674753662e-02 -2.790241139141606125e-02 -9.702758713072076602e-02 -1.946685205341113778e-01 -7.834342394719517877e-02 -1.830287409001357668e-01 nan nan nan nan nan nan nan nan nan nan nan nan nan nan nan nan nan nan
nan -6.102478137055731069e-03 -2.344665792117553438e-02 -1.397253409176617441e-04 9.776170311599345977e-03 -4.518111700537180697e-02 -7.020290053510869210e-02 -2.951954858336576851e-03 -1.535994373188330486e-02 1.337997515053798887e-02 nan nan nan nan nan nan nan nan nan nan nan nan nan nan nan nan nan nan
nan -3.168658855815641162e-02 -1.298150352154118017e-03 -3.560692047769253160e-02 4.745325864114176805e-03 -2.767572445140134216e-02 1.030395161638438667e-02 -2.227063847815677691e-02 -4.414520564721469836e-02 -9.112767490115446234e-02 nan nan nan nan nan nan nan nan nan nan nan nan nan nan nan nan nan nan
nan nan -3.986667979596670327e-04 1.175777288586076115e-02 -5.915806630442840830e-02 3.178179755451675118e-04 6.938360339962347523e-02 1.506704726495834874e-02 -1.360065708598623413e-01 -3.300144042233874031e-02 nan nan nan nan nan nan nan nan nan nan nan nan nan nan nan nan nan nan
nan nan -1.189462283152346346e-02 -3.620267863652473772e-02 -3.141257018181050492e-02 nan 4.009064205564070310e-02 -1.206964626902780335e-01 -8.123833761493633177e-02 -1.094091584639882847e-01 nan nan nan nan nan nan nan nan nan nan nan nan nan nan nan nan nan nan
nan nan nan nan nan nan 6.793824713695585660e-02 6.998504272445163488e-02 -8.998145143821625891e-02 4.048167812471487048e-02 nan nan -2.610545109469754581e-03 nan nan nan nan nan nan nan nan nan nan nan nan nan nan nan
nan nan nan nan nan 1.007392016535770818e-01 3.061381637139955897e-02 2.956289814813436306e-02 -9.322857301614561817e-03 -4.031527585790870005e-02 nan nan nan nan nan nan nan nan nan nan nan nan nan nan nan nan nan nan
nan nan nan nan nan 6.888328654061057210e-02 1.563841200954828314e-02 -8.988965117245792738e-03 4.975212751072828621e-02 -1.009830866936334143e-01 6.566394753605992417e-03 nan nan nan nan nan nan nan nan nan nan nan nan nan nan nan nan nan
nan nan nan nan nan 2.447345682937795627e-02 2.546298380067194000e-02 1.633235721216390671e-02 1.332707870747746291e-02 -9.233106444480193575e-02 -1.742843285601103007e-02 -4.656432295999155153e-03 nan -5.096423239221414478e-03 nan nan nan nan nan nan nan nan nan nan nan nan nan nan
nan nan nan nan nan 3.676162752880694079e-02 -3.948732857973702112e-04 2.296931985593987299e-02 2.133734972984237602e-02 1.139307705081560491e-02 3.250227323254680639e-02 -7.723595429370080923e-02 -8.378657973829181649e-03 -1.882793987143185129e-03 -4.447323641912356157e-03 nan nan nan nan nan nan nan nan nan nan nan nan nan
nan nan nan nan nan 1.244967990804627528e-01 8.138476969704549688e-03 1.691675868359200988e-02 1.861476403641689229e-03 1.833430234090461727e-02 9.758406155304939766e-03 -8.426953466754878719e-03 -5.625569710020324188e-02 -6.188926141014498145e-02 8.097424448730810090e-03 4.614643520473793274e-03 -1.096456300358893306e-02 nan nan nan nan nan nan nan nan nan nan nan
nan nan nan nan nan nan -7.468397988970240653e-03 1.292042250543125846e-02 -1.164288497561808029e-02 -9.797884562828757318e-03 -1.314132568374539248e-02 -1.623840536691120370e-02 -2.676323172045701887e-02 -7.148599398532368143e-02 -6.018975248927864452e-02 1.214810341214757599e-03 -1.846277074197028370e-02 -5.134500784545850682e-02 nan nan nan nan nan nan nan nan nan nan
nan nan nan nan nan nan nan -1.083522435864570088e-02 -1.491687260724694833e-02 6.617984183427542619e-03 -5.236843260020694786e-04 -3.801521147041506121e-03 -7.724735774695094467e-03 1.021123845066039017e-02 -5.846545334931421006e-02 -6.927732501857133962e-02 -1.340199151090999512e-02 -4.046233165643092766e-02 -2.406796436674268208e-02 nan nan nan nan nan nan nan nan nan
nan nan nan nan nan nan nan -1.619573806290223322e-02 -3.167857149924346166e-02 3.124583422497121277e-03 -2.295582791377346037e-03 8.907518503723231215e-03 1.104931849459723668e-03 1.119876057931427048e-02 -3.100645114560615732e-03 -8.907740309962479397e-02 -5.802736643018728546e-02 -3.455632774935203655e-02 -1.683756413612791164e-03 -3.299909467762477538e-02 nan nan nan nan nan nan nan nan
nan nan nan nan nan nan nan nan 4.229227124671423865e-02 -2.623262746335092502e-02 1.898238360360889401e-02 1.520161374563445272e-02 3.439503070174799570e-03 3.892035794033095637e-03 -4.191230580388483756e-02 -5.399648907231293510e-03 -1.046163294129369703e-01 -2.279277815831335166e-02 -3.926536673299658303e-02 -3.345750900220841734e-02 -1.912395311459750419e-02 nan nan nan nan nan nan nan
nan nan nan nan nan nan nan nan nan 3.905798526002346449e-02 8.732340166484041724e-03 -2.451520785635257372e-03 1.488879176003104002e-02 3.710994609930385723e-03 -2.749716657480483217e-02 -3.208763742023211518e-02 -4.238039066308380703e-02 -9.958583658023587026e-02 2.194396135638846876e-02 -6.829887821411866067e-02 -2.587838239989763423e-02 -1.520848705824388684e-02 -6.136785345695343515e-03 nan nan nan nan nan
nan nan nan nan nan nan nan nan nan nan 5.308113291983283799e-02 2.035867784607895206e-02 5.298991219623456865e-03 1.991142199046541314e-02 -2.679137511027211704e-02 -3.246396124255231108e-02 -2.354154831531848555e-02 -6.560939336312175685e-02 -5.013961635882466933e-02 -2.904419363240197394e-02 -3.032871881248131937e-02 1.495516893066920275e-02 2.609878759613777285e-02 3.043917896636855192e-02 3.816615402448335055e-04 nan nan nan
nan nan nan nan nan nan nan nan nan nan nan nan 1.650350038250117043e-02 -1.532605073100488588e-03 -2.386487331784206689e-02 1.525473957415000685e-02 -4.971915963573075858e-02 4.165258699486731192e-02 -1.297926293870925799e-02 -7.078101914657237157e-04 -8.482005114891778830e-02 -5.498599486637029826e-02 1.100011239365871786e-02 5.196259750587435555e-02 -6.527209966505438145e-03 -1.479216192343900046e-02 nan nan
nan nan nan nan nan nan nan nan nan nan nan nan nan -5.965004572020339395e-03 -1.046206744686617451e-02 -1.029126731904211715e-02 -1.040110276368942828e-02 -1.245114936595836386e-01 1.128618752830999883e-01 1.105452033986186085e-03 -9.791631511955245504e-02 -2.336339353716226919e-02 -5.085704767263110604e-04 -1.554690266363911548e-02 -3.342341208053530716e-02 -2.049840623563085884e-02 nan nan
nan nan nan nan nan nan nan nan nan nan nan nan nan nan nan -4.288019525629700908e-03 -4.810722974555912967e-02 -1.195410835207665404e-02 -2.317719137658688991e-02 5.049668315024841148e-02 -3.932150467247276515e-02 1.998786403196660053e-02 2.731728230482035821e-02 -1.790779080735920362e-02 -5.339686572666290515e-02 -4.997128128273077563e-02 nan nan
nan nan nan nan nan nan nan nan nan nan nan nan nan nan nan nan nan -4.130499642912673769e-02 5.542989422981003944e-02 -1.709906086365842832e-03 -2.426634727914179362e-02 -6.882229548697537183e-03 9.172270531454031206e-02 1.883289513060286413e-02 -2.626115350615206706e-02 -2.589448838525814159e-02 3.055655791470012275e-02 nan
nan nan nan nan nan nan nan nan nan nan nan nan nan nan nan nan nan nan nan nan 2.134913286435752983e-02 nan nan -1.938874485805137243e-02 -1.973143628677129224e-02 4.157099771153488325e-03 nan nan
