nan nan nan 3.370368907776306877e-02 -2.501933323514627869e-02 nan nan nan nan nan nan nan nan nan nan nan nan nan nan nan nan nan nan nan nan nan nan nan
nan nan nan -8.719901306409816527e-04 6.087356673968510878e-02 -7.866580043497536923e-02 -3.663719240593861504e-02 nan nan nan nan nan nan nan nan nan nan nan nan nan nan nan nan nan nan nan nan nan
nan nan -4.420124552991530273e-03 -2.265941061055155512e-02 3.480345792915617159e-02 -6.885843472857292036e-02 -7.035845782560061490e-02 -1.215281618489660459e-01 nan nan nan nan nan nan nan nan nan nan nan nan nan nan nan nan nan nan nan nan
nan 6.713744929300849429e-02 -1.179264728346795209e-02 8.977750243704461786e-02 3.111251651940675697e-03 -3.132450949989366851e-02 -8.100387355207155915e-02 -6.031235436088070584e-02 -3.799264589534827319e-02 nan nan nan nan nan nan nan nan nan nan nan nan nan nan nan nan nan nan nan
nan 1.648666080794646271e-01 -1.485002489009224196e-03 2.730967159759675397e-02 -5.176444947817454567e-02 -6.776003559771004436e-02 -8.781049132648088840e-02 -6.082729679418680431e-03 -1.171105275283657737e-02 -9.163621662067179818e-02 nan nan nan nan nan nan nan nan nan nan nan nan nan nan nan nan nan nan
1.526275442069021382e-01 -2.167891060336161677e-02 7.218526756744619854e-02 3.078339663835301734e-02 4.923979287739961574e-02 -5.485064766202781689e-02 -4.817575637168771546e-02 -8.110473200267578897e-02 -6.104468570246782827e-02 nan nan nan nan nan nan nan nan nan nan nan nan nan nan nan nan nan nan nan
2.263396459457249488e-02 2.221924456888093105e-02 -1.021423690384260299e-02 5.985526289048737070e-02 1.939317921718815285e-02 -2.855250761562763348e-02 -6.301363187963691936e-02 -1.574702237754002643e-01 -1.016872977149900319e-02 nan nan nan nan nan nan nan nan nan nan nan nan nan nan nan nan nan nan nan
-2.773249228573995001e-02 1.442529233344090056e-01 2.873447806296457446e-03 -4.119380360895166099e-02 4.493136500940348582e-02 -7.387815833308006286e-02 -1.423184283060536029e-03 -2.030115636735565776e-01 1.373822668259406382e-02 nan nan nan nan nan nan nan nan nan nan nan nan nan nan nan nan nan nan nan
nan 2.915242970107886217e-02 -3.842956845880654278e-04 5.505057716005876817e-02 2.676870014433235107e-02 -7.344495070411382817e-03 -5.782345360199745571e-02 -1.331184084299552317e-01 -7.080103695267445096e-02 -1.984782449952034455e-01 nan nan nan nan nan nan nan nan nan nan nan nan nan nan nan nan nan nan
nan 1.571160519952381068e-02 3.410512479452083162e-02 -8.608187041903593226e-03 -1.349622982495853052e-01 -2.878667813872210282e-02 -1.486842922030769121e-01 2.245412373460698927e-02 -1.839128126694449666e-02 -1.031590438611050022e-03 nan nan nan nan nan nan nan nan nan nan nan nan nan nan nan nan nan nan
nan 6.090941480797494589e-02 1.246848925324069851e-02 -1.330178442133099145e-02 1.237882815351680314e-03 3.025727434359577143e-03 2.972078925288974827e-02 -3.946657755121323746e-02 7.117094534687796667e-03 -2.215934735108371009e-02 nan nan nan nan nan nan nan nan nan nan nan nan nan nan nan nan nan nan
nan nan -1.428873950919930073e-02 -5.596587407212950515e-04 -3.737110792099034712e-02 1.743651373052622008e-02 7.413115094719480592e-04 -1.899567822346909796e-01 1.422898110089578505e-01 -7.776222455690631752e-02 nan nan nan nan nan nan nan nan nan nan nan nan nan nan nan nan nan nan
nan nan -3.281501111409915877e-02 9.640353565076031916e-03 3.915848739594646188e-02 nan 1.387016838686917081e-02 -7.677625767528807599e-02 3.991674624327259252e-02 -1.849956005840963646e-01 nan nan nan nan nan nan nan nan nan nan nan nan nan nan nan nan nan nan
nan nan nan nan nan nan 3.731934584312158326e-02 7.089904268939399568e-02 -2.614923760447266862e-02 2.985401937628533175e-02 nan nan -9.623595220025579766e-03 nan nan nan nan nan nan nan nan nan nan nan nan nan nan nan
nan nan nan nan nan 6.912533646123406039e-02 5.900052369041031836e-02 7.595645671121391794e-03 7.721777062827626925e-05 -5.964791241213238809e-02 nan nan nan nan nan nan nan nan nan nan nan nan nan nan nan nan nan nan
nan nan nan nan nan 7.086110934542749762e-02 1.430061531189895027e-02 -8.192650495919400269e-03 5.328335773814815712e-02 -1.205187729417011022e-01 1.618203427464369806e-02 nan nan nan nan nan nan nan nan nan nan nan nan nan nan nan nan nan
nan nan nan nan nan 6.659758351363581630e-02 5.079862741009547739e-02 1.467666024976620881e-02 1.184292086821664598e-02 -1.187683427462266489e-01 3.972376266427232738e-02 -3.635785838336439563e-02 nan -6.289512194635875353e-02 nan nan nan nan nan nan nan nan nan nan nan nan nan nan
nan nan nan nan nan 7.374692599111799807e-02 1.242395275687656689e-02 -8.937032787341214063e-03 3.729669668422030265e-02 1.150009139257879634e-02 3.790504861067121173e-02 -3.382558308406390796e-02 -6.834799675530829621e-02 -2.272271323563142265e-02 2.518740960379827962e-02 nan nan nan nan nan nan nan nan nan nan nan nan nan
nan nan nan nan nan 1.700964514013638684e-01 1.766092907777646161e-03 1.174770250092029705e-02 1.056309517537797272e-04 2.388184768570927180e-02 3.009316788942372964e-03 -2.474239846477814184e-02 -9.524873752923901371e-02 6.513355468855623782e-03 -5.721952657100368850e-02 -7.711390708620745674e-03 -6.885662909521039939e-03 nan nan nan nan nan nan nan nan nan nan nan
nan nan nan nan nan nan -3.766623428517830354e-03 9.235906544261500775e-03 -1.714267503349703806e-02 -1.042310329653995012e-02 1.190552691846258121e-03 -2.420474354410767984e-02 -3.557651763337816436e-02 -7.335437032628454312e-02 -7.334510341227358510e-02 3.148402639649357931e-02 -5.573827223432205845e-03 -1.278238379985657423e-03 nan nan nan nan nan nan nan nan nan nan
nan nan nan nan nan nan nan -4.337564670115972611e-03 -2.280238782515086118e-02 3.877187179296654167e-03 1.573347248573578674e-02 -2.100992987994862796e-02 1.152075219104659910e-02 -1.401252844255191157e-02 -5.190894375730938787e-02 -8.664404125170525883e-02 -2.582505467377883140e-02 -3.908096611263009446e-02 -1.173376070562904584e-02 nan nan -1.840830641608458274e-02 nan nan nan nan nan nan
nan nan nan nan nan nan nan -6.380074302133106195e-03 -1.936901188284770314e-02 -5.104005138288562025e-03 4.439619078089842436e-03 -1.467265766217360108e-03 1.196893680256503559e-03 2.698469767257985832e-02 -4.438055044910576424e-02 -4.556736959822262067e-02 -7.512240271050638074e-02 -3.351450024003108097e-02 2.950942227383446595e-02 -4.914032741235418306e-02 -9.276311118021357202e-03 1.846614934646577388e-02 1.030899864975325618e-02 nan nan nan nan nan
nan nan nan nan nan nan nan nan 2.455181099147071833e-02 -1.945124999974184865e-02 1.630007848438751183e-02 7.120165822936958509e-03 6.918890636254262407e-03 1.114471280859200518e-02 9.186435636640980992e-03 -3.564476322920960560e-02 -1.018473696493073649e-01 -5.258245759838669348e-02 -3.021759435698268687e-02 -2.151065233710458893e-02 1.558104644251758625e-02 1.012812608296268652e-02 1.113712969102563684e-02 2.831121329821224483e-02 nan 3.081071685605326314e-03 -5.282868008606367814e-03 nan
nan nan nan nan nan nan nan nan nan -8.301734580688413523e-02 6.408565578896444070e-02 4.020010112296082232e-03 1.222109912377841896e-02 -1.743337376261027208e-02 -5.161322757710706810e-02 1.642348080895645115e-02 -1.146890217625613599e-02 -1.346403526097509629e-01 4.022600254692754868e-02 -6.033961763300066394e-02 -3.164922322816801636e-02 2.957155419039101969e-03 8.018212112852045326e-02 4.470181007191578737e-02 nan 1.534640755338265508e-02 2.829027717924439272e-02 nan
nan nan nan nan nan nan nan nan nan nan 2.132004716581556436e-02 2.086822143048025491e-02 1.580073085629107518e-02 4.612784186972445320e-03 -1.542512373603386645e-02 -1.246304929764428457e-02 -1.488323135708448548e-02 -4.064478617291376189e-02 -7.726927932358539086e-02 -1.938243816801560673e-02 -3.359851200262090748e-02 2.162874509269292755e-02 -1.665157732957522896e-02 8.620133356703797711e-02 -1.655689123235415394e-02 -1.042199803384040446e-02 nan nan
nan nan nan nan nan nan nan nan nan nan nan nan 9.544753905408176822e-03 1.931685971435323067e-03 -1.232006076274601986e-02 -2.994599426496190667e-02 -6.719678998626963870e-03 -1.441380863250541280e-02 -2.676126149933891543e-02 -1.728320558694860370e-02 -2.069073299307041397e-02 -5.926803646776412915e-02 1.588274013502351950e-02 4.738988738589475225e-02 -1.122446767080077269e-02 -1.376710666444001287e-02 nan nan
nan nan nan nan nan nan nan nan nan nan nan nan nan -2.119844095361076038e-04 -1.214960599424909837e-03 1.580304261299196600e-02 -5.277293190779184726e-03 1.851496405400276934e-02 -4.804679618058879664e-02 -1.291228316926667195e-02 -2.425166952220890113e-02 -7.180288427128606044e-02 5.704586750953036245e-02 1.899700572674034235e-02 -5.968390444624358665e-02 -2.792833884226630231e-02 nan nan
nan nan nan nan nan nan nan nan nan nan nan nan nan nan nan 6.534462446164819929e-03 -7.475146013062827777e-02 -6.204590016496111526e-02 -1.926988453945742462e-03 -4.453729459319642758e-02 1.066076663659070410e-02 -2.579572023216102419e-02 -1.607549115359641762e-02 -4.302239442302675733e-04 -6.196197376267198464e-02 -5.948141945523589130e-02 nan nan
nan nan nan nan nan nan nan nan nan nan nan nan nan nan nan nan nan 6.104684150895416106e-02 7.683773937881498671e-03 1.208731610184445894e-02 -5.517594262625808051e-03 7.183493603104896749e-03 3.060954401720134346e-02 7.522442966979192569e-02 -4.405871610532013233e-02 -4.496654759798421330e-02 3.778833613930257518e-02 nan
nan nan nan nan nan nan nan nan nan nan nan nan nan nan nan nan nan nan nan nan -7.029887835765772849e-03 nan nan -1.179053722738969585e-02 3.347563871684511912e-03 -2.748563830299212418e-02 nan nan
