nan nan nan 4.268045456806334598e-02 -7.615995593652917159e-03 nan nan nan nan nan nan nan nan nan nan nan nan nan nan nan nan nan nan nan nan nan nan nan
nan nan nan 6.965250807075023219e-03 -2.180454598184505821e-02 -2.758017469802982388e-02 -1.170008814478949201e-02 nan nan nan nan nan nan nan nan nan nan nan nan nan nan nan nan nan nan nan nan nan
nan nan 3.584665701465301890e-02 3.530060651652950493e-02 1.205972783669585074e-02 -6.140125467190536701e-02 -4.814766982350836277e-02 -1.289612343422437413e-01 nan nan nan nan nan nan nan nan nan nan nan nan nan nan nan nan nan nan nan nan
nan 8.303752866956944090e-02 3.147812026720077372e-02 -5.372467850998017408e-02 1.468110159744845898e-02 -4.720439668969350633e-02 -9.617523831453009264e-02 -2.094188552218541333e-02 -5.451960131362593859e-02 nan nan nan nan nan nan nan nan nan nan nan nan nan nan nan nan nan nan nan
nan -2.883660771785672913e-02 -2.791273264285748512e-02 3.074063895944181835e-02 7.780969434096624525e-03 -8.236141982308254478e-03 -8.773385235727923503e-02 7.056840326886131866e-03 3.090831067366583626e-02 -1.110706781303622964e-01 nan nan nan nan nan nan nan nan nan nan nan nan nan nan nan nan nan nan
1.362112150256839481e-02 5.027312098265034057e-03 -5.792491523835580081e-02 9.862271344766371239e-02 -3.757502998443700004e-02 -1.583032254417326631e-02 -8.665332768339921443e-02 -6.053478456852150885e-02 -1.499369351590666699e-01 nan nan nan nan nan nan nan nan nan nan nan nan nan nan nan nan nan nan nan
5.140773402319926896e-03 2.391525742771619806e-02 2.652311228481736213e-02 3.377240228584342530e-02 -1.821692246856023920e-02 -1.043181969707136433e-02 -7.054579818225956145e-02 -1.732024819360324652e-01 -5.279965874139400800e-02 nan nan nan nan nan nan nan nan nan nan nan nan nan nan nan nan nan nan nan
-3.340494461702727541e-02 2.346994339829831105e-02 5.099418121213569743e-02 -5.767758219093985922e-02 -9.430341185208668264e-02 3.406737531324339346e-02 -6.950486004790636108e-02 -1.219906687149894808e-01 -1.145211250550362200e-02 nan nan nan nan nan nan nan nan nan nan nan nan nan nan nan nan nan nan nan
nan 3.233474873282626838e-02 -6.126003304207020689e-02 3.648477824489822219e-02 -5.651462899355468722e-02 -5.780363904154146165e-02 -7.974874967881656618e-02 -5.477179710221794645e-02 -9.279564590635325239e-02 -2.113031616114972033e-01 nan nan nan nan nan nan nan nan nan nan nan nan nan nan nan nan nan nan
nan -2.175701950284285660e-02 1.721385084769307475e-02 1.169538839817742953e-02 -2.129398452001853709e-02 -7.909807698032667034e-02 -2.532487633925828083e-02 1.639017072353561935e-03 -5.168823862402824841e-03 -4.148691319965376600e-03 nan nan nan nan nan nan nan nan nan nan nan nan nan nan nan nan nan nan
nan 7.687829185575426744e-03 1.144224509244477078e-02 -2.739793781396522576e-02 3.762637022496745885e-03 1.653627605585883051e-02 -4.342065324134181115e-02 2.926021192863379611e-02 -3.107293859175327619e-02 -1.076800703234560563e-01 nan nan nan nan nan nan nan nan nan nan nan nan nan nan nan nan nan nan
nan nan -8.324062983526618565e-04 2.923439863079004431e-03 -3.856238202643758745e-02 -2.637073679056333234e-02 4.699272968054102328e-02 3.096861525378115723e-02 -7.142865032251081991e-02 -1.160610680873760681e-01 nan nan nan nan nan nan nan nan nan nan nan nan nan nan nan nan nan nan
nan nan -2.151088693509849853e-02 -6.656335034518567895e-02 -6.316071803697687059e-02 nan 3.209368710805640679e-02 -7.723688659163818748e-02 -6.632041176003405925e-02 -1.273483417769425419e-01 nan nan nan nan nan nan nan nan nan nan nan nan nan nan nan nan nan nan
nan nan nan nan nan nan 3.333737370465255506e-02 6.621450732823570828e-02 -6.298122210687963352e-02 4.789667133274030930e-02 nan nan 1.595174552689923586e-02 nan nan nan nan nan nan nan nan nan nan nan nan nan nan nan
nan nan nan nan nan 1.040188287226589542e-01 6.035183437650790128e-02 2.107444453025442491e-02 -7.064693100526805991e-02 5.925030107030404038e-03 nan nan nan nan nan nan nan nan nan nan nan nan nan nan nan nan nan nan
nan nan nan nan nan 8.984514542568651507e-02 1.792262476309334010e-02 -3.096845459248557392e-02 -1.016148531660751586e-02 -1.737516223823318273e-02 -6.756277676433670998e-02 nan nan nan nan nan nan nan nan nan nan nan nan nan nan nan nan nan
nan nan nan nan nan 4.126596682474784061e-02 1.820662118174192975e-02 9.694153735417665842e-04 -2.638285635085703754e-02 -7.550166777153898001e-02 -1.945229351740315402e-02 -1.522418582250121590e-02 nan 8.966689106347279503e-02 nan nan nan nan nan nan nan nan nan nan nan nan nan nan
nan nan nan nan nan 4.054286085229258374e-02 1.059271240371796770e-03 -1.087332946489181183e-03 1.790358026767459310e-02 -8.969745499932785596e-03 4.507816937511267830e-02 -3.373435552585810071e-02 -1.265270400657731407e-02 -1.847301779175275819e-04 -7.992807488308106834e-03 nan nan nan nan nan nan nan nan nan nan nan nan nan
nan nan nan nan nan 1.278517772726233959e-01 2.019531723136518738e-03 5.572505721324319886e-03 3.939726091376665081e-03 2.561026663636250741e-02 8.982098349567522490e-04 6.203631504431751393e-04 -6.977969145455426014e-02 -5.180559335554689449e-02 -4.232202263285107270e-03 7.492824149828566579e-03 -6.182453607420795166e-03 nan nan nan nan nan nan nan nan nan nan nan
nan nan nan nan nan nan -2.704936670966653998e-03 5.182993698726819781e-03 -1.293817923465229039e-03 -8.404075043154353788e-04 -6.523300849689175028e-03 -3.275686784755692943e-02 -4.575632813881159305e-02 -4.112115954375226978e-02 -6.887645756578479606e-02 1.508225359599818863e-03 -1.732860580492864497e-02 -1.960920088939375333e-02 nan nan nan nan nan nan nan nan nan nan
nan nan nan nan nan nan nan 4.565059319650750964e-03 -2.814829034441508702e-03 -3.660570952644241413e-03 1.308449967004170211e-02 4.219453787860470186e-03 -4.128252616159923394e-02 -7.469946738183623480e-03 -1.291467777819055134e-02 -7.109610919372517934e-02 -1.875556809789222928e-02 -3.280910007376450221e-02 -1.828578031442033153e-02 nan nan -8.105223040737545223e-03 nan nan nan nan nan nan
nan nan nan nan nan nan nan -1.129200058866826513e-02 -1.354849612479680152e-02 -3.037983220697254051e-03 1.629482536752181396e-02 -1.069780780724597855e-02 -3.753725812831357200e-03 2.130217685083510542e-03 1.117540280943199894e-03 -8.482892782629861128e-02 -5.106792704985182313e-02 -3.339047650811086121e-02 6.005756778525704956e-03 -3.409544120708083575e-02 -1.744970361567591693e-02 -1.003888027688781652e-02 -1.356174372356420445e-02 nan nan nan nan nan
nan nan nan nan nan nan nan nan -1.075988501452150060e-02 7.928349522778859598e-03 5.980677845522683984e-04 1.738745873739021633e-02 2.318034886581020471e-03 2.000638329509151631e-03 1.651374481878453357e-02 -1.581644819830021684e-02 -1.124947762593378198e-01 -1.773483332680943908e-02 -3.511304642659328346e-02 -4.043847648263099864e-02 -1.137853881591970040e-02 -6.226314099185298150e-03 7.024340698826441604e-03 1.713577040399318074e-02 nan nan nan nan
nan nan nan nan nan nan nan nan nan -6.848254465075635788e-02 6.604675484623823145e-02 1.532502812439966167e-02 1.114233325724826168e-02 -2.225486012071699587e-03 -2.962394125592683614e-02 -1.909027611380018433e-02 -5.005155941887300813e-02 -8.517846248169125278e-02 2.210282649202464922e-02 -7.234714386859050772e-02 -3.371008603255790104e-02 -7.212754802247314627e-03 2.951537504817563357e-02 5.468129943067274318e-02 nan 1.424320391809601356e-02 6.881695230829898771e-03 nan
nan nan nan nan nan nan nan nan nan nan 3.077344061072782855e-02 4.121725312526676455e-02 8.284529176509113427e-03 4.492455431318050085e-03 -1.644945056912778050e-02 6.563628700059996254e-03 -2.993526222087459360e-02 -8.540894316251558538e-02 -5.174654256561576210e-02 -2.847635399430859665e-02 -2.163035114008774254e-02 -5.109865610899945974e-03 7.939370902085520279e-03 6.913330591011114523e-02 1.338040728008557060e-03 1.151812069992007130e-02 nan nan
nan nan nan nan nan nan nan nan nan nan nan nan 2.703708457088811398e-02 -6.091303268125684151e-03 2.520082662422141670e-02 -3.836402207777891982e-02 -1.275422714718349448e-02 -2.737351454892168745e-02 -4.717509007953066269e-02 6.290432326130831857e-03 -6.608149982648754694e-02 -4.328422712981962878e-02 1.469807322021621926e-02 5.858638082744856146e-02 -2.856405473501317030e-02 -2.443471189246968628e-02 nan nan
nan nan nan nan nan nan nan nan nan nan nan nan nan 5.889482318614871169e-03 -3.257557767086678019e-02 8.486824168139230420e-03 1.382723345919465059e-02 -2.905456468784238522e-02 -7.903977055270065832e-02 -9.203761042919669788e-02 -5.129629362076690985e-02 1.998652943176846067e-02 -1.630761782334964384e-04 -3.311388490138441471e-02 -4.479883734449273403e-02 -2.332258290923153177e-02 nan nan
nan nan nan nan nan nan nan nan nan nan nan nan nan nan nan -3.575510107183180186e-02 -2.895033715340407723e-02 -2.767304865514661188e-03 -4.008595661577328551e-02 1.111333588122337228e-03 -9.614765776901113697e-03 -1.926529515100756929e-02 9.721304132502411877e-03 -1.000354509714591195e-02 -6.591055926345458504e-02 nan nan nan
nan nan nan nan nan nan nan nan nan nan nan nan nan nan nan nan nan 3.106514201192206795e-02 8.643105573579661083e-03 -8.020491128211383602e-03 -1.304079005123149997e-02 -2.204351671967568274e-02 4.426507044488960096e-02 5.918200080544727681e-02 -3.882414420985774023e-02 nan nan nan
nan nan nan nan nan nan nan nan nan nan nan nan nan nan nan nan nan nan nan nan 6.298188342953005107e-03 nan nan 3.042002057961160424e-03 nan nan nan nan
