nan nan nan 1.674558735708713691e-02 -6.595332654839738962e-02 nan nan nan nan nan nan nan nan nan nan nan nan nan nan nan nan nan nan nan nan nan nan nan
nan nan nan -2.123110945032137542e-02 -1.384305775443434548e-02 -9.193631696197618330e-02 -4.715833638905595859e-04 nan nan nan nan nan nan nan nan nan nan nan nan nan nan nan nan nan nan nan nan nan
nan nan 3.056918681896871048e-02 2.632504212055227638e-02 5.031744014403648907e-02 -9.285340233112336639e-02 -5.851179084521845181e-02 -1.080950203933697118e-01 nan nan nan nan nan nan nan nan nan nan nan nan nan nan nan nan nan nan nan nan
nan 1.246875743066926806e-02 7.082147381688341098e-03 9.374982859825244097e-02 -6.099332893033419106e-02 -1.054519980249375710e-02 -5.904642796725037557e-02 -1.207278711269635235e-01 -7.036365572790859169e-02 nan nan nan nan nan nan nan nan nan nan nan nan nan nan nan nan nan nan nan
nan 1.000811193672341282e-01 -2.025214881391591837e-02 -4.969395258811471622e-02 1.191435582673285587e-01 -6.740810612596604377e-03 -1.117007653159744207e-01 -2.162700026890717123e-02 -1.042018165832539478e-02 -8.804653399593538599e-02 nan nan nan nan nan nan nan nan nan nan nan nan nan nan nan nan nan nan
1.857335122384830978e-02 -7.028603114536140228e-02 9.557246348349103179e-03 4.582855635996371801e-02 -6.112298836079606973e-02 9.034672524733639021e-03 -5.560669136011662378e-02 -9.747798244504800314e-02 -1.578853557750939385e-01 nan nan nan nan nan nan nan nan nan nan nan nan nan nan nan nan nan nan nan
3.217709828746308232e-02 1.727602535760048852e-01 1.107147474880745969e-01 -2.656348288550913761e-02 3.910971693325491355e-02 -6.350090638679581345e-02 -9.582699852708190247e-02 -1.918512390866370654e-01 -1.515010906673938951e-01 nan nan nan nan nan nan nan nan nan nan nan nan nan nan nan nan nan nan nan
-2.800574049397598630e-02 3.070759641324085493e-02 -4.938917755174573182e-02 -5.852550956877775740e-02 3.499909121831241976e-02 -1.352012081603098242e-02 -1.541291789329048978e-01 -1.181041049288278633e-01 -8.649651226595611586e-02 nan nan nan nan nan nan nan nan nan nan nan nan nan nan nan nan nan nan nan
nan 2.414341129714699455e-02 1.576417982947596330e-02 2.048552411557569633e-02 -5.484705091273965605e-02 8.261371317825338956e-03 -1.321710516266161664e-02 -6.392771276271777547e-02 -7.803544995748802615e-02 -2.020402277077832098e-01 nan nan nan nan nan nan nan nan nan nan nan nan nan nan nan nan nan nan
nan -4.899880638590051185e-02 2.471656749631418945e-02 8.451981259873666760e-03 -5.788736308374783229e-02 1.192496450339594616e-02 -1.230452727356079121e-02 -4.015180530879802062e-02 -9.331336952296456766e-02 -2.147480689549381358e-02 nan nan nan nan nan nan nan nan nan nan nan nan nan nan nan nan nan nan
nan 7.073409481627940774e-03 -3.834490511933738750e-03 5.630408638744806120e-03 -1.563189451491538498e-02 -1.040923454944961933e-02 -4.131402156474899695e-02 8.266844389312799635e-03 -2.042464568747212258e-02 -8.569602801340003850e-02 nan nan nan nan nan nan nan nan nan nan nan nan nan nan nan nan nan nan
nan nan -5.524104542870156981e-02 4.248985502376803614e-03 -8.294789551169320929e-02 -4.552426976384399589e-03 3.979597320195542992e-02 -5.462001664374093596e-02 -1.178385829563516757e-01 -9.727590769218195932e-02 nan nan nan nan nan nan nan nan nan nan nan nan nan nan nan nan nan nan
nan nan -4.700804533623667569e-02 3.560010025298897957e-02 -8.712566186326993478e-03 nan 3.963614991822127231e-02 -4.678078471232463564e-02 -1.331976644161269596e-01 -7.865045339356666054e-02 nan nan nan nan nan nan nan nan nan nan nan nan nan nan nan nan nan nan
nan nan nan nan nan nan 8.152407024903246535e-02 2.590564174693187061e-02 1.053166078465132480e-02 9.591562456283926966e-03 nan nan 4.405163366766424657e-03 nan nan nan nan nan nan nan nan nan nan nan nan nan nan nan
nan nan nan nan nan 1.065932725339782117e-01 2.609277562208090276e-02 5.314138245556695138e-03 -2.552132544541147949e-02 -1.828293109755239898e-01 nan nan nan nan nan nan nan nan nan nan nan nan nan nan nan nan nan nan
nan nan nan nan nan 9.627657257568679461e-02 4.778525716467100538e-03 -2.503955287830556334e-02 4.665797222481085638e-02 -6.156815362659602553e-02 4.236062960795871496e-02 nan nan nan nan nan nan nan nan nan nan nan nan nan nan nan nan nan
nan nan nan nan nan 4.800387062637876540e-02 6.154554041974453008e-03 -7.817724763809088748e-03 2.534982942600101999e-02 -9.628354702960632838e-02 -7.167813259565343487e-02 8.967971872325942312e-03 nan -2.626053755489220556e-02 nan nan nan nan nan nan nan nan nan nan nan nan nan nan
nan nan nan nan nan 5.227830952086664346e-02 -6.772204774959324561e-03 7.486279181721652680e-03 3.477535603085428473e-02 -1.179429360317653559e-02 4.713616876951270268e-02 -7.306667425256148374e-02 -6.036050037911333543e-02 2.282584494470963482e-02 -2.808230854020971404e-02 nan nan nan nan nan nan nan nan nan nan nan nan nan
nan nan nan nan nan 1.294517812981041127e-01 -8.511496570239068110e-03 1.196077724499089792e-02 3.317755958973382397e-03 1.681159742753100123e-02 7.808534939989918156e-03 1.567843833345193907e-02 -1.040330208693968361e-01 -6.487923136244296007e-02 5.315124663503190128e-02 -1.724552896028300891e-03 -1.381064463347832748e-02 nan nan nan nan nan nan nan nan nan nan nan
nan nan nan nan nan nan -7.348216655021960796e-04 -3.974912967543007235e-03 -6.646072539285991995e-03 -1.279425324725613766e-02 -9.377985750848458202e-03 -4.257490183120863497e-02 -1.301685948870722268e-02 -2.166183318453489617e-02 -1.243876425267161495e-01 -1.323812855552535493e-02 1.579958704978817741e-02 -5.748954126568798541e-03 nan nan nan nan nan nan nan nan nan nan
nan nan nan nan nan nan nan -1.185411508196815983e-02 -1.109108583674773066e-02 -5.285682009155564208e-03 2.047418289966579028e-02 -8.665074443390272455e-03 7.341767609322363310e-03 -1.590886522716305801e-04 -6.194972845005001366e-02 -8.412274212192562273e-02 1.398471284309622982e-02 -2.126150554082010397e-02 -1.782914266021299460e-02 nan nan nan nan nan nan nan nan nan
nan nan nan nan nan nan nan -8.051034137212611380e-03 -1.146646477635279021e-02 -1.096536784038828170e-02 6.139575888317616928e-03 5.772330610169357744e-03 -5.070887850912093008e-03 4.322949148438655007e-03 -4.221363500415459269e-02 -3.654358861577617495e-02 -1.238580953757030673e-01 1.292750406474575198e-03 2.798846595616561080e-03 -3.299040974724261333e-02 -2.701591062698064510e-02 -5.100190487343109549e-03 1.325410447342578952e-03 nan nan nan nan nan
nan nan nan nan nan nan nan nan -1.017786605645683642e-02 -1.213762683042459746e-02 7.777834156165787730e-03 2.003608340800157664e-02 7.667129019073837086e-03 -1.207754422755527232e-02 4.057332584572193035e-02 -6.135711478117146511e-02 -9.461372034823449517e-02 -5.542470149536438823e-02 -3.256916322341324443e-02 -2.617745761110682606e-02 -2.236690795722714661e-02 -1.396937813664046214e-02 5.705653978117256227e-03 9.747496592374652394e-03 nan nan nan nan
nan nan nan nan nan nan nan nan nan 1.465451166164752697e-02 2.313765139154928124e-02 9.467076162597275538e-03 2.438346108506925236e-02 5.141910845267808408e-03 -3.048595813328103948e-02 -4.346835290160081661e-02 -1.560314104110800508e-02 -1.352763093753510115e-01 3.421629720425463372e-02 -5.815622691758894069e-02 -2.391428869927648623e-02 -1.030996402944783959e-02 2.047114129902003615e-02 3.904325947588122708e-02 nan nan nan nan
nan nan nan nan nan nan nan nan nan nan 1.419672837960433281e-02 2.103245248109355398e-02 1.602307404163991894e-02 1.100215414674189304e-02 -3.268836502874358091e-02 1.621447485141456687e-02 -7.237312583750801775e-02 -4.460335230428771197e-02 -8.861424567444582678e-02 -4.217019855919909577e-02 -4.212760173661434654e-02 1.003748611236776438e-02 2.226197746099665628e-02 4.099336237197000188e-02 4.802477101080453344e-03 9.916690945122978718e-03 nan nan
nan nan nan nan nan nan nan nan nan nan nan nan 1.109159099745551935e-02 1.793359956285532630e-02 -1.791666766070979314e-02 -2.273604408354801959e-02 -1.694765994839837059e-02 -3.207815750670939270e-02 -3.559297932466990583e-02 9.935408420058931822e-03 -1.184445228701754005e-01 -7.716167039817383236e-03 1.836646493415801037e-02 5.214674253765051726e-02 -1.129889888756054409e-02 -1.360966740848141426e-02 nan nan
nan nan nan nan nan nan nan nan nan nan nan nan nan 4.740780262957680798e-03 1.855386342820034614e-03 -4.253945091585187993e-02 -2.793084146151317976e-02 -3.740815118433937769e-02 2.947639028201769554e-02 -8.222167859661858036e-03 -2.172836082171903521e-02 -6.364145684259375768e-02 9.421360023714001400e-03 -2.437801495247907471e-02 -3.641094859629322861e-02 -2.517878609308690785e-02 nan nan
nan nan nan nan nan nan nan nan nan nan nan nan nan nan nan 2.032654315294623454e-02 6.034240953924612655e-03 1.347122679286418684e-02 -3.213936622706742297e-02 -5.905841233522991091e-02 -6.373155919432722805e-02 2.465735357219834157e-03 -2.014332289579603627e-02 -4.089857963073836866e-02 -5.904009401014279762e-02 -4.638698625486755572e-02 nan nan
nan nan nan nan nan nan nan nan nan nan nan nan nan nan nan nan nan 2.455193814355421944e-02 5.086222691298333126e-02 -3.906661911357452860e-02 -3.288242948122211545e-02 1.080154074358283603e-02 6.383353198973808207e-02 8.575786302331404876e-02 -6.907849167595156437e-02 -2.913601964385403864e-02 3.167040526407038231e-02 nan
nan nan nan nan nan nan nan nan nan nan nan nan nan nan nan nan nan nan nan nan 2.558046251503135957e-02 nan nan -5.073376438949060707e-02 8.559342813455201801e-03 -1.495186626911187804e-02 nan nan
