nan nan nan -7.386910726057276111e-02 2.970367174625496848e-02 nan nan nan nan nan nan nan nan nan nan nan nan nan nan nan nan nan nan nan nan nan nan nan
nan nan nan 2.234768251353764362e-02 -2.022867774790847173e-02 -1.008138545778189121e-01 -1.756172971716011980e-03 nan nan nan nan nan nan nan nan nan nan nan nan nan nan nan nan nan nan nan nan nan
nan nan -9.605763408671570691e-02 -1.416009519374113353e-02 1.226495444194421192e-02 -1.151827176000580349e-01 2.994287315408722134e-03 -2.190376894060202528e-01 nan nan nan nan nan nan nan nan nan nan nan nan nan nan nan nan nan nan nan nan
nan 3.261351587603729396e-02 -8.497452284971085748e-03 1.096332589831877924e-01 -6.796712682151084817e-02 -3.061557999943993746e-02 -1.339673520884332447e-01 -1.646303244359532958e-01 -1.550428739442731400e-02 nan nan nan nan nan nan nan nan nan nan nan nan nan nan nan nan nan nan nan
nan -2.059060154968284876e-03 -9.469729604612691157e-03 -2.381956706436760135e-02 1.576885941459143722e-02 -3.319436087544798408e-02 -9.195710119696137719e-02 -1.728091866897065246e-02 2.073977324559005825e-03 -8.604680358373054117e-02 nan nan nan nan nan nan nan nan nan nan nan nan nan nan nan nan nan nan
-3.761309560559492927e-03 -4.599872832112852916e-02 3.894580627640346210e-02 5.201754663840130882e-02 -7.592138281929268484e-02 -4.339251022395763935e-02 -6.206039031564498931e-02 -1.024180959271551450e-01 -2.114490620456327408e-01 nan nan nan nan nan nan nan nan nan nan nan nan nan nan nan nan nan nan nan
2.069835527250461771e-02 1.253721815802924244e-01 -8.047962134677714985e-02 9.405818359566840703e-02 -1.209956386726583448e-02 1.202425256337924381e-01 -1.309591082344637447e-01 -1.911574207383199275e-01 -1.160612387237286713e-01 nan nan nan nan nan nan nan nan nan nan nan nan nan nan nan nan nan nan nan
-6.431247680095419916e-02 2.177365587199348029e-02 -1.406010355129177006e-02 -1.413867967931966250e-02 2.039119189138411878e-02 -4.398380638564117900e-02 -5.643390827619098118e-03 -2.502611757777216117e-01 -7.065383537275629622e-02 nan nan nan nan nan nan nan nan nan nan nan nan nan nan nan nan nan nan nan
nan 2.618962884350696171e-02 -1.943609450362178068e-02 1.434660652342862469e-02 -1.523570097805048706e-01 -9.048416809741947897e-02 -8.571380780581072667e-02 -2.967765665452695711e-01 -7.488633700942512982e-03 -1.627397216403237146e-01 nan nan nan nan nan nan nan nan nan nan nan nan nan nan nan nan nan nan
nan 3.718817886960305852e-02 5.126181980790427833e-02 3.353771528457226946e-03 -4.983641514294488706e-02 -2.937544414876870277e-02 -4.179218843561782748e-02 -3.059912325015253301e-02 -8.391654018896591016e-03 -2.454127208576489458e-02 nan nan nan nan nan nan nan nan nan nan nan nan nan nan nan nan nan nan
nan 7.826196816344409279e-02 5.093088641462563577e-03 -2.254845568076536619e-02 -3.537414027172876979e-02 5.644941198225198083e-03 -1.139538778235550491e-02 -1.679423402619895922e-01 2.683591268343950287e-02 -8.959968892271144569e-02 nan nan nan nan nan nan nan nan nan nan nan nan nan nan nan nan nan nan
nan nan -2.835840499375207741e-02 1.475089697697848194e-02 -1.522733663312970595e-02 -1.225811955964242923e-02 5.954757218650171685e-02 -1.555881158713114110e-01 8.389987352991787328e-02 -7.961848235040734634e-02 nan nan nan nan nan nan nan nan nan nan nan nan nan nan nan nan nan nan
nan nan -5.474881373715498670e-03 -1.342595384875400893e-03 -4.418540663363864154e-03 nan 5.096933016469978178e-02 -4.942330232872918505e-02 -5.384701269886500719e-02 -1.374308832423847271e-01 nan nan nan nan nan nan nan nan nan nan nan nan nan nan nan nan nan nan
nan nan nan nan nan nan 5.508869664309165581e-02 7.505349518623490035e-02 -1.134641865531179766e-01 2.027708542874893938e-03 nan nan -9.688014571142031239e-03 nan nan nan nan nan nan nan nan nan nan nan nan nan nan nan
nan nan nan nan nan 7.754525592829294989e-02 2.689827932479771019e-02 1.750207054687211508e-02 -6.619132834284324751e-02 -2.869723635164246958e-02 nan nan nan nan nan nan nan nan nan nan nan nan nan nan nan nan nan nan
nan nan nan nan nan 5.041261232839574363e-02 2.317175471506994697e-02 -1.176890074841999319e-02 1.222319399447906012e-02 -8.341050038742486850e-02 5.045318832274650611e-02 nan nan nan nan nan nan nan nan nan nan nan nan nan nan nan nan nan
nan nan nan nan nan 3.071727238369068372e-02 -1.100059660592430516e-02 1.153639453513261720e-02 2.381742602721263757e-02 -1.260016165256105658e-01 -4.555727748174845729e-03 9.225770369147515831e-03 nan -5.669110979912720186e-03 nan nan nan nan nan nan nan nan nan nan nan nan nan nan
nan nan nan nan nan 3.475805519634862090e-02 -3.674127542847265959e-04 1.573349427732181546e-02 4.275897390424324152e-02 3.302000333419888300e-03 6.508430514545442136e-02 -5.165064646993969971e-02 -1.966481058855621203e-02 -2.274938096523330781e-03 -9.184929022365999340e-03 nan nan nan nan nan nan nan nan nan nan nan nan nan
nan nan nan nan nan 9.917816109921422096e-02 -9.289925867358758693e-03 2.114660802347469865e-02 -7.379661687302262445e-04 2.068965085823886926e-02 8.254280492975567610e-03 -2.368538022670300253e-02 -6.542707687311760667e-02 -5.031623583679476625e-02 6.507360080585853322e-03 5.032778347396113083e-04 -1.449310887213686554e-02 nan nan nan nan nan nan nan nan nan nan nan
nan nan nan nan nan nan -6.213981035107938623e-03 1.144642051725175240e-02 -4.487182322408981607e-03 -6.698949761840757196e-03 -1.760237962537118325e-02 -3.437984586645870949e-02 -1.007575124222151799e-02 -6.276167138636321030e-02 -6.153556990385709163e-02 3.349207508565051061e-03 -1.364092206528795537e-02 -3.311561086932329062e-02 nan nan nan nan nan nan nan nan nan nan
nan nan nan nan nan nan nan -7.323234385903373139e-03 -7.316618440207481354e-04 -8.732914167298489773e-05 -2.038088810154104358e-03 -1.999272006142858299e-02 2.933007281643273262e-02 8.791779847659653840e-03 -4.917118465973928376e-02 -7.384355046442149517e-02 -1.430205036999429406e-02 -4.191482966122727499e-02 -2.160954757735360568e-02 nan nan nan nan nan nan nan nan nan
nan nan nan nan nan nan nan -1.319465408454719053e-02 -9.284256215181653157e-03 -2.266870006529789552e-02 4.178045422856111260e-03 5.999247759681713456e-03 2.002751729027655615e-03 1.474899266128649154e-02 -3.378371332967551599e-02 -7.145118034063079049e-02 -5.153218607776877819e-02 -3.676826901687880317e-02 2.262246024459613300e-04 -2.989426006883955100e-02 nan nan nan nan nan nan nan nan
nan nan nan nan nan nan nan nan -2.377413403149917365e-02 -3.002436838310871062e-02 3.665370994347755956e-02 2.521346164814116525e-02 -1.806467601830419323e-02 1.555720877876805297e-02 2.818044260918723277e-03 -3.113785834160496743e-02 -1.041532772476430335e-01 -2.287637047612534752e-02 -3.957403651329871597e-02 -4.421909503686936860e-02 -2.250663337530239144e-02 nan nan nan nan nan nan nan
nan nan nan nan nan nan nan nan nan -9.465664054548592055e-02 8.763758583083255949e-02 1.642549428571708769e-02 1.349429619759972242e-02 -7.476830259491347094e-03 -5.677547168717312492e-02 -3.166803591287425945e-02 -6.359259201480002566e-02 -9.212128561825770612e-02 2.686700050697268805e-02 -7.840550845770818955e-02 -2.963763772528926060e-02 -1.303375036799499231e-02 -1.895582277138008198e-02 nan nan nan nan nan
nan nan nan nan nan nan nan nan nan nan 4.234682054098162785e-02 1.501969121893397159e-02 1.986204524408068713e-03 1.759444684519416088e-02 -2.369090761981772902e-02 -9.097060601306151267e-03 -5.639259451999419082e-02 -6.288039828348342131e-02 -4.290965835755687630e-02 -1.206342629097204543e-02 -3.329681871908320157e-02 6.015339590965911379e-03 2.590948349144546123e-02 2.822960313353650025e-02 nan nan nan nan
nan nan nan nan nan nan nan nan nan nan nan nan 2.056604172223384583e-02 3.601413910023591454e-04 -5.412621705272568917e-03 -2.173404986672500955e-02 -4.266481374574788293e-02 -2.455437762332838073e-02 -2.252706250961716491e-02 6.819534883091829189e-03 -5.148904684878277682e-02 -5.081171664883993300e-02 1.245620677466205764e-02 4.279970194798626143e-02 -1.254639063496062502e-02 -2.111891000937429069e-02 nan nan
nan nan nan nan nan nan nan nan nan nan nan nan nan 5.376555739429831476e-03 1.109707884397280638e-02 -4.476513431286299749e-02 4.019004809467933287e-02 -1.366893622447416523e-01 6.837321332242284055e-02 -6.567849826994195950e-03 -6.191803618885285271e-02 -3.708849708465661310e-02 6.082131258898912027e-03 -2.856256715686809888e-02 -4.078413736677338752e-02 -2.761976289618882710e-02 nan nan
nan nan nan nan nan nan nan nan nan nan nan nan nan nan nan 1.484867291397950866e-02 -2.490828483221082731e-02 -2.690336183372708106e-02 7.769686387728622469e-04 -1.833799267161027521e-02 -4.295019161273296027e-02 -2.933038289146265576e-02 -2.686430500456943662e-02 3.121746395792986128e-02 -6.027379779566324758e-02 -5.520708627335030316e-02 nan nan
nan nan nan nan nan nan nan nan nan nan nan nan nan nan nan nan nan -6.812842211255121239e-02 2.110853885671852212e-02 2.493620551107074423e-02 -4.456060767871820871e-02 1.339708208085735840e-02 7.590649541998933936e-02 6.822808938785496213e-02 -3.911300946994396288e-02 -3.283014942770145356e-02 2.766095490567984858e-02 nan
nan nan nan nan nan nan nan nan nan nan nan nan nan nan nan nan nan nan nan nan 7.203423687419371890e-02 nan nan -5.379957805476687921e-02 -5.266533415469912965e-02 5.109839526153257816e-03 nan nan
