nan nan nan -3.202829515596758436e-02 -5.879006689922867089e-03 nan nan nan nan nan nan nan nan nan nan nan nan nan nan nan nan nan nan nan nan nan nan nan
nan nan nan 4.605270078320695959e-02 -2.037158531747863474e-02 -9.318724273960550530e-02 1.216205056239541733e-02 nan nan nan nan nan nan nan nan nan nan nan nan nan nan nan nan nan nan nan nan nan
nan nan 3.382768287096676874e-02 -5.680454971041169060e-02 6.428149963037710357e-02 -1.058560856814746293e-01 -2.193320234632568227e-02 -1.078874523369953015e-01 nan nan nan nan nan nan nan nan nan nan nan nan nan nan nan nan nan nan nan nan
nan -3.204475606800386012e-02 1.770416361659323673e-02 2.576053169314271307e-01 1.064110235144679825e-02 -2.954535064112068232e-02 -7.632558608588323190e-02 -5.532533511112022045e-02 -4.534923312453915251e-02 nan nan nan nan nan nan nan nan nan nan nan nan nan nan nan nan nan nan nan
nan 2.176229412873400063e-02 1.013080394820510821e-01 -3.228440171956389881e-02 -4.102790588423824159e-02 -4.200388604974275575e-02 -6.417554634365020549e-02 7.888937540551566778e-04 8.453412147017325823e-03 -6.182510552550082861e-02 nan nan nan nan nan nan nan nan nan nan nan nan nan nan nan nan nan nan
1.006997153759598695e-01 -3.306396610974667721e-02 5.842389014873087399e-02 1.677665599934536067e-01 -3.909908856277341527e-02 -1.392013538985756027e-01 2.813284940386036066e-03 -7.180709627857226329e-02 -1.330519263367022920e-01 nan nan nan nan nan nan nan nan nan nan nan nan nan nan nan nan nan nan nan
3.578666528182894435e-02 4.471422837872883471e-02 -7.091439295412916080e-03 -1.279564989138515631e-03 1.556631713705743658e-01 -1.005394013166381745e-01 -5.349344910628285599e-02 -1.410303509783072673e-01 -7.928483275725464741e-02 nan nan nan nan nan nan nan nan nan nan nan nan nan nan nan nan nan nan nan
-9.440654148163396195e-03 -3.197595201243690565e-04 -2.841086011276805837e-02 -9.315687255707262235e-03 9.754052534028744004e-03 -8.369513886681291537e-02 7.313169730127751234e-02 -1.468084417818260878e-01 -6.641972172869044233e-02 nan nan nan nan nan nan nan nan nan nan nan nan nan nan nan nan nan nan nan
nan 5.457838850854618978e-03 2.352115540670549412e-02 2.671456179888163224e-02 -4.348003688519442439e-02 -2.110972366991068980e-02 -1.246106615165687992e-01 -9.126341923060973804e-02 -6.219862330639504971e-02 -1.479082051946823684e-01 nan nan nan nan nan nan nan nan nan nan nan nan nan nan nan nan nan nan
nan -2.830511537000620498e-02 3.059451556870558531e-02 -2.225274656112321073e-02 -6.554602871735397407e-02 -4.184508480024795064e-03 -1.663668505075995702e-02 3.685577997949535285e-03 -6.012356482650740852e-02 1.816038455633473686e-02 nan nan nan nan nan nan nan nan nan nan nan nan nan nan nan nan nan nan
nan 7.417961689871881148e-02 -1.030564019387366151e-02 1.376778442762761727e-04 -8.230653914944846550e-03 -1.489591780802933772e-02 -5.248321563326378836e-03 -5.297492982065629685e-02 -3.026533751699404112e-02 -1.011905136995846499e-01 nan nan nan nan nan nan nan nan nan nan nan nan nan nan nan nan nan nan
nan nan -7.716739880425169638e-03 5.729507909930261350e-03 -3.912081337782206958e-02 1.072641280666206988e-02 7.517300641512152104e-02 -2.060132979152592622e-02 -1.214877951816648038e-02 -1.005754722320878897e-01 nan nan nan nan nan nan nan nan nan nan nan nan nan nan nan nan nan nan
nan nan -2.270534805076092691e-02 7.167590536235706605e-03 -2.675338066738016524e-02 nan 5.007602173340968549e-02 -3.663058590863920577e-02 -9.640765359198988360e-02 -1.395920660418457360e-01 nan nan nan nan nan nan nan nan nan nan nan nan nan nan nan nan nan nan
nan nan nan nan nan nan 5.999647359320051804e-02 7.304570605810978279e-02 -8.376541587039071368e-02 8.855924552365291788e-03 nan nan -3.113462814687547459e-02 nan nan nan nan nan nan nan nan nan nan nan nan nan nan nan
nan nan nan nan nan 1.063009974216176379e-01 7.015935775677889508e-02 2.187620418085685012e-02 -3.930855285161240220e-02 -5.481589345472537289e-02 nan nan nan nan nan nan nan nan nan nan nan nan nan nan nan nan nan nan
nan nan nan nan nan 1.101391225411070263e-01 2.666505568071076554e-02 -5.277995229060975652e-02 -1.839059672998574063e-02 -6.449441444508581534e-02 -4.615907067864109987e-03 nan nan nan nan nan nan nan nan nan nan nan nan nan nan nan nan nan
nan nan nan nan nan 5.576879214157531156e-02 3.955621535755225737e-02 -3.027025831518814422e-02 -1.080607718563991043e-02 -7.634274828817796954e-02 1.414204899962384198e-03 -3.707237819607236626e-03 nan -3.560256670565886683e-02 nan nan nan nan nan nan nan nan nan nan nan nan nan nan
nan nan nan nan nan 5.109895858239546507e-02 -2.472766354329324068e-03 -1.773885833715594176e-02 -8.832687936593786558e-04 8.372307477913659007e-03 6.503311741640452337e-02 -5.145357298379636679e-02 -3.267414742293741486e-02 -5.024847135205789744e-04 -3.158059892724934814e-02 nan nan nan nan nan nan nan nan nan nan nan nan nan
nan nan nan nan nan 1.189637954499953854e-01 -1.139296652478209411e-03 1.379644501314310906e-02 -1.172254289302308849e-03 1.326256221611264545e-02 2.499592558810623602e-02 -2.154792441449870249e-04 -8.307568822485394966e-02 -5.396278458562732416e-02 5.606669159893563556e-03 -1.873325390419183431e-02 -1.970234854084191786e-02 nan nan nan nan nan nan nan nan nan nan nan
nan nan nan nan nan nan -4.427144661496489574e-03 3.843452152687182582e-03 1.718891609140031553e-03 -1.722169912382150170e-02 -1.776258930361919799e-02 -3.725467943560217821e-02 -2.887027387297546460e-02 -4.676115919538343518e-02 -7.331498546223211288e-02 -3.102940597829980177e-03 -1.941379311530862933e-02 -1.058215311823316844e-02 nan nan nan nan nan nan nan nan nan nan
nan nan nan nan nan nan nan 5.880884388796449314e-04 -3.899123636814969245e-03 -1.098890942954756055e-02 -1.462605639852812903e-02 -8.268393663576520738e-03 1.172368934570031627e-02 7.062128165174609215e-03 -4.711793606738313295e-02 -6.630790736359376547e-02 -1.640987048778385152e-02 -3.752449273641196570e-02 -2.265671772955984292e-02 nan nan nan nan nan nan nan nan nan
nan nan nan nan nan nan nan -1.546455514730264366e-02 -2.257422506642105600e-02 -2.817674260074497575e-03 -2.431085697089153258e-03 -5.123421240923811681e-03 -2.011328511115395828e-03 1.771983007908421726e-02 -8.268806310117353744e-03 -8.280956004527242897e-02 -4.698831586781213737e-02 -3.628260848336156696e-02 3.382825869501675416e-03 -1.420073921505089244e-02 8.935884353973279565e-04 -3.543073993625696361e-03 nan nan nan nan nan nan
nan nan nan nan nan nan nan nan 2.763710172984328028e-02 -1.229102821990737601e-02 -1.017941082752235604e-02 2.358533637708363356e-02 -1.236092870987922678e-02 3.161557410057946882e-02 5.038282147707170110e-03 -4.656816026783946322e-02 -1.154421845678098996e-01 -1.005388768201832643e-02 -3.126592671341496543e-02 -4.266865613168682042e-02 -2.261608507208193175e-02 -6.383834819896909603e-03 1.043361627304138783e-02 -1.152073109234256348e-02 nan nan nan nan
nan nan nan nan nan nan nan nan nan -4.571937077190154491e-02 2.858308999470463366e-02 3.154861709342712123e-02 -5.722705205404317493e-03 3.206400544667101921e-02 -9.756223460002397263e-02 1.498045160235297185e-02 -1.007720697085108807e-01 -5.478624018989797229e-02 2.477316480325875842e-02 -8.010544933731597594e-02 -4.257664915190326888e-02 -1.715913643988520310e-02 1.468544431569572713e-02 3.334520092675172243e-02 nan nan nan nan
nan nan nan nan nan nan nan nan nan nan 7.754807650450783185e-02 2.270313894961183826e-02 3.597931456313870925e-05 2.593549206218779754e-02 -4.809765805972464336e-02 1.415911745757601065e-02 -5.790684324299183450e-02 -8.490046602459319636e-02 -3.806195900025326900e-02 -4.383575019153073543e-02 -3.945693836022010764e-02 1.497502204426500588e-02 2.059025389663746847e-02 3.219971634111395281e-02 1.559210660436277478e-02 nan nan nan
nan nan nan nan nan nan nan nan nan nan nan nan 3.903250750201013586e-02 -6.794002997949418789e-03 1.116076117043657626e-02 -5.754515109668643241e-02 2.592003575977487248e-02 -2.177063899584746887e-02 -2.588795121000648028e-02 -6.151190247095170843e-02 -5.101878147929293089e-02 -4.446227836590397470e-02 1.554111086512107408e-02 5.460521755958868545e-02 2.186596276628757947e-03 nan nan nan
nan nan nan nan nan nan nan nan nan nan nan nan nan 1.277998107069527531e-02 -2.790580823883595865e-02 -4.285645481191748159e-03 -2.191198432419768846e-02 -8.639628902915499897e-02 1.243189516237487025e-01 -3.405866313432480419e-02 -4.027093985068413984e-02 1.745260639526312330e-03 2.126794797060565546e-03 -1.722838724930156329e-02 -3.388236602096615646e-02 -2.753152978522912728e-02 nan nan
nan nan nan nan nan nan nan nan nan nan nan nan nan nan nan 9.142490831198047535e-03 -1.838580667491933676e-02 -5.917935480756600364e-02 3.270056258959486845e-02 -2.323850763857975704e-02 -8.820684831719305050e-03 6.793656537487165366e-03 -2.968797223495714399e-02 -1.143815447670282421e-03 -5.068096712250009378e-02 -5.513468139556806230e-02 nan nan
nan nan nan nan nan nan nan nan nan nan nan nan nan nan nan nan nan -7.314310909820932738e-02 7.483689561471541796e-02 -7.729980123570355521e-02 -7.533958176574948561e-03 -1.375151858023177269e-03 6.569914762751170867e-02 4.046139391685857345e-02 -2.784559873845689898e-02 -3.724083853282857126e-02 nan nan
nan nan nan nan nan nan nan nan nan nan nan nan nan nan nan nan nan nan nan nan 4.050440107521949447e-03 nan nan -2.205950964322598087e-02 2.546892778523255230e-03 -1.083873905500155194e-02 nan nan
