nan nan nan 7.663667893066600581e-03 3.013727568510870224e-03 nan nan nan nan nan nan nan nan nan nan nan nan nan nan nan nan nan nan nan nan nan nan nan
nan nan nan 7.323614801176836671e-03 1.803786180518216842e-03 7.630791820185474708e-03 6.760956995790202290e-03 nan nan nan nan nan nan nan nan nan nan nan nan nan nan nan nan nan nan nan nan nan
nan nan 1.280523046261329394e-03 6.535184787864232493e-03 6.335492094613931783e-04 1.908457965683961737e-03 1.515082720371653232e-03 2.231276681043523058e-02 nan nan nan nan nan nan nan nan nan nan nan nan nan nan nan nan nan nan nan nan
nan 1.382422185031341802e-02 2.561894050370380066e-03 7.941838958242368809e-03 2.606212898737285660e-03 5.073552252232526151e-04 4.367068283562170264e-03 9.932445433794288500e-03 6.723218049002380702e-03 nan nan nan nan nan nan nan nan nan nan nan nan nan nan nan nan nan nan nan
nan 2.737958891529865095e-03 7.107165886121891499e-03 9.969708519899422861e-03 3.078663579030761419e-02 1.841275943477872507e-03 5.335903448870754281e-03 8.340762443582686037e-03 3.689352337928212665e-03 2.620446949950231558e-02 nan nan nan nan nan nan nan nan nan nan nan nan nan nan nan nan nan nan
3.265515861721022747e-03 1.679326929145159766e-03 3.652306038733048473e-04 1.085577959634572223e-02 1.036974602692915248e-02 3.848802842666550162e-04 1.739148843605122646e-03 6.753782891405680881e-03 1.445200191964061964e-02 nan nan nan nan nan nan nan nan nan nan nan nan nan nan nan nan nan nan nan
3.852885481220777431e-04 1.793940752625552970e-03 6.141610100577681204e-03 2.550452174582176334e-03 6.041679970373734811e-03 1.420611768517313382e-03 1.683670640731721110e-03 1.552826633646509774e-02 1.143621883475756489e-02 nan nan nan nan nan nan nan nan nan nan nan nan nan nan nan nan nan nan nan
6.565876121514993384e-03 6.505847587325830697e-03 3.362272926338749114e-03 3.628013045189811773e-03 3.626377713271290194e-03 4.050559114901238281e-03 1.189948252523997723e-03 1.837904890909528716e-02 4.763682905160514236e-03 nan nan nan nan nan nan nan nan nan nan nan nan nan nan nan nan nan nan nan
nan 7.250793501057163377e-04 3.656809395238002497e-03 3.957176673600328910e-03 2.730225639804087501e-03 3.750539821863903972e-03 1.465611335950629422e-03 2.003815643058361184e-02 7.238963752764952320e-04 2.331341539568601920e-02 nan nan nan nan nan nan nan nan nan nan nan nan nan nan nan nan nan nan
nan 6.991832926328705490e-04 2.843916119777338374e-04 4.209645970573999349e-03 7.695515523573790220e-03 4.651537401216550294e-03 2.763883334216293060e-03 6.909354950509619293e-03 1.377488999324740816e-02 9.012468180855473868e-03 nan nan nan nan nan nan nan nan nan nan nan nan nan nan nan nan nan nan
nan 1.865813298481570643e-03 2.512093076439505840e-04 5.348542892132027290e-04 7.311434231029254331e-05 2.408770775336536475e-03 3.562606028009528570e-03 2.872579925122204642e-03 3.884379058900474862e-04 6.665122888447108304e-03 nan nan nan nan nan nan nan nan nan nan nan nan nan nan nan nan nan nan
nan nan 3.139425129387362419e-04 1.591787825931555459e-03 2.183241052479892655e-03 1.615012791502960267e-03 9.010345530707394163e-03 1.215338765351478036e-02 2.828411928762750160e-03 9.031185698858582717e-03 nan nan nan nan nan nan nan nan nan nan nan nan nan nan nan nan nan nan
nan nan 3.027583279303024642e-04 8.162309507698592556e-04 1.046927947166921948e-03 nan 6.742248727502177588e-04 1.128605226841250531e-02 7.655022698751937429e-04 2.067841570812207347e-02 nan nan nan nan nan nan nan nan nan nan nan nan nan nan nan nan nan nan
nan nan nan nan nan nan 1.821997471112918971e-03 1.611799916231890402e-03 6.201279316715883200e-03 9.971321190931927390e-04 nan nan 9.326817849855648795e-03 nan nan nan nan nan nan nan nan nan nan nan nan nan nan nan
nan nan nan nan nan 5.522982351953828993e-03 2.506926316409385271e-03 3.501650385938432286e-04 8.255845061023617953e-03 1.311969795804534752e-03 nan nan nan nan nan nan nan nan nan nan nan nan nan nan nan nan nan nan
nan nan nan nan nan 3.809251905380512358e-03 4.079970333199065165e-04 7.287177668577624404e-04 2.085386202587640023e-04 4.839970119200017774e-03 3.069755915661656490e-04 nan nan nan nan nan nan nan nan nan nan nan nan nan nan nan nan nan
nan nan nan nan nan 1.354306288899524095e-03 8.698070500667140145e-04 8.552529865322017720e-04 1.480028321619995975e-04 7.617756861476058725e-03 1.835077921312572519e-04 3.336571277945450816e-04 nan 2.268273599100557262e-04 nan nan nan nan nan nan nan nan nan nan nan nan nan nan
nan nan nan nan nan 3.355746562720600748e-04 1.888604475969428583e-04 1.007932564078140546e-03 5.596688819580924231e-04 1.170846093576559822e-03 6.773854907106354600e-03 2.116247125197778800e-02 1.828175043018858900e-04 2.815861084715430649e-04 4.549071180347169291e-04 nan nan nan nan nan nan nan nan nan nan nan nan nan
nan nan nan nan nan 6.407788219616683545e-03 5.498706058582686568e-04 2.150505160177814518e-04 1.379432653242278022e-04 1.218189772702225421e-04 3.312876242585833988e-04 1.410749648340495807e-04 1.558839532182406014e-02 6.102847827441282812e-03 1.813063689513626274e-04 3.717749846509144065e-06 4.986086851382193728e-04 nan nan nan nan nan nan nan nan nan nan nan
nan nan nan nan nan nan 4.834156431447044096e-05 1.946680729823691447e-04 3.186466400211773980e-05 1.862556361606328235e-04 2.803246959415320858e-04 2.408930054816776109e-04 5.240709581562099338e-04 3.680853602960203023e-03 2.904011258134952395e-03 4.249680303424804959e-04 3.534806894878581756e-04 5.593815933326992326e-04 nan nan nan nan nan nan nan nan nan nan
nan nan nan nan nan nan nan 4.763908824015615257e-04 1.371349376654856669e-04 1.784092926045292892e-04 2.154496485070932715e-05 2.434258177114567820e-04 2.715007951374806376e-04 7.226616350620173896e-04 7.492540618455178353e-03 9.377262437360030928e-03 8.098097403309743793e-05 5.517110999554842958e-04 7.399311555777316743e-04 nan nan nan nan nan nan nan nan nan
nan nan nan nan nan nan nan 1.971556850540087105e-04 3.097939974083384232e-04 4.799663343524392003e-05 8.317113094117239503e-05 5.570727883829387208e-04 1.258241083804929796e-03 4.144545762475213523e-04 4.570696370000576795e-04 8.550978958314584683e-03 1.065598789648570383e-02 1.069950168429812179e-02 1.062449529660194642e-03 1.647843561837249431e-04 6.739016249401240345e-04 1.141170287772664367e-04 nan nan nan nan nan nan
nan nan nan nan nan nan nan nan 4.266681314411232325e-04 3.483869192493973540e-05 1.352683844235224404e-04 4.869103533782373017e-05 8.100057964265215823e-05 7.940002679864310072e-04 1.770344529469863220e-03 8.604717536918016999e-04 8.054452896618264149e-03 8.312525598608531963e-04 6.610826474037646144e-04 3.171925544589511425e-03 1.214529330972925932e-03 7.817800911154884581e-04 1.218330186130169544e-04 1.775035329799089841e-03 nan nan nan nan
nan nan nan nan nan nan nan nan nan 1.041943589476842374e-04 3.844394566825206131e-04 1.425281130349579143e-04 9.808803984451295655e-05 7.651693896606350355e-04 1.051299545417283716e-03 6.774630728072163124e-04 4.291158887813437128e-03 1.172909138654072009e-02 3.985744378861674937e-04 2.943297928761095476e-03 2.199793405839650315e-03 1.398952175216460446e-03 2.236208827184533489e-03 3.825447253343431785e-03 nan nan nan nan
nan nan nan nan nan nan nan nan nan nan 3.928174002891680373e-03 9.219166419160512932e-05 2.262396299068767270e-04 1.104267707221592463e-04 7.384473354915651244e-04 1.065668359532446867e-03 5.683077158277129604e-04 2.915643176176422723e-03 1.156021260345890464e-02 1.311530638476297687e-02 5.124423798349517917e-03 1.345793550107148495e-04 2.432538113942500115e-03 1.858552800389682777e-03 3.794253770760229330e-04 nan nan nan
nan nan nan nan nan nan nan nan nan nan nan nan 4.409336987919677191e-04 1.804046460563157341e-04 4.107584060670993790e-04 1.733619800588123618e-03 5.935022361976842247e-04 2.081239608076973458e-04 1.939827451022723597e-03 7.592614555683240658e-05 2.385460011116605737e-03 2.775418329517654898e-03 6.902365359350009100e-04 2.379251124625877088e-03 6.008593497605709032e-04 6.567155878570988452e-05 nan nan
nan nan nan nan nan nan nan nan nan nan nan nan nan 2.604413674275308198e-04 4.250083663137664775e-04 3.129122093563440222e-03 1.881974586928897969e-04 3.284205202667395129e-03 2.149914090359316982e-03 4.904751700511233818e-03 9.202015377393343160e-03 1.605816990651512139e-03 7.567680206226691563e-04 5.134227218807395701e-04 6.507181240701381689e-04 3.544543743912881317e-04 nan nan
nan nan nan nan nan nan nan nan nan nan nan nan nan nan nan 1.740954189369511027e-03 9.794969850987415676e-04 3.468482363580093061e-04 2.089531087787853750e-03 2.829020031729230587e-03 1.306253002282402407e-03 1.772190220390964469e-03 2.065746421989128785e-03 1.067484601525723790e-04 1.561585378157863847e-03 1.533150532598760501e-03 nan nan
nan nan nan nan nan nan nan nan nan nan nan nan nan nan nan nan nan 1.665655812481397352e-02 5.425691826110452462e-03 1.378035829771847437e-02 4.084662567654391563e-03 7.626501926940112714e-04 1.170429036090796324e-03 9.897823304665775285e-04 5.588429668319690180e-04 7.525672518408107851e-04 3.348552993149174744e-04 nan
nan nan nan nan nan nan nan nan nan nan nan nan nan nan nan nan nan nan nan nan 2.350887971493449344e-03 nan nan 2.131862089463699463e-03 1.436527446507416487e-04 1.457993375571272200e-04 nan nan
