nan nan nan 1.287605953021281726e-03 2.821588873479540308e-04 nan nan nan nan nan nan nan nan nan nan nan nan nan nan nan nan nan nan nan nan nan nan nan
nan nan nan 3.491987469403246957e-03 1.240021541145996942e-03 4.012819226740652230e-03 7.868104640496966992e-03 nan nan nan nan nan nan nan nan nan nan nan nan nan nan nan nan nan nan nan nan nan
nan nan 4.582747977367681441e-03 2.232956074011676045e-03 3.151084187691472350e-03 7.998624351365210333e-04 6.329786668700815864e-04 2.398823388961338066e-02 nan nan nan nan nan nan nan nan nan nan nan nan nan nan nan nan nan nan nan nan
nan 1.004016310016971406e-02 2.719540981112085129e-02 4.379749068760663451e-03 2.995541203726125815e-03 1.867996511039085204e-03 1.077043605467545642e-03 2.645545332498365834e-02 6.490469852270215785e-03 nan nan nan nan nan nan nan nan nan nan nan nan nan nan nan nan nan nan nan
nan 1.438304554992618500e-02 4.513421757082471467e-03 2.956735893766115637e-03 1.482555456186453353e-02 2.318711783384079603e-03 1.187103458155115525e-03 1.585084191129485995e-02 4.707990093167510604e-03 1.943345989344420419e-02 nan nan nan nan nan nan nan nan nan nan nan nan nan nan nan nan nan nan
1.918888429377254082e-02 4.864250386550810108e-03 4.643367365013824528e-03 3.388570111455725328e-03 9.818284960257099570e-03 3.932323463193381809e-03 4.090926306467857214e-04 1.237456346932465368e-02 1.496845153777115640e-02 nan nan nan nan nan nan nan nan nan nan nan nan nan nan nan nan nan nan nan
3.902144770264024624e-03 2.900458221434915832e-03 2.277358246040233920e-03 6.038031583259921391e-03 2.938925001457108957e-03 1.148616654357230253e-02 1.202402862579921754e-03 1.917327661048004450e-02 1.838599664179513260e-02 nan nan nan nan nan nan nan nan nan nan nan nan nan nan nan nan nan nan nan
2.525707545545619395e-03 9.416753200281390360e-03 3.587118301528713273e-03 5.774872617885570955e-04 5.010028960140134636e-03 4.463309110778453624e-03 2.428117996241022005e-03 2.251636489545849606e-02 5.721533108668387657e-03 nan nan nan nan nan nan nan nan nan nan nan nan nan nan nan nan nan nan nan
nan 6.388025777274622787e-04 1.299925956158320874e-03 5.710133310449339028e-03 2.747154931957407429e-03 1.794355469612105144e-03 2.538994045972361915e-03 2.637598911256122669e-02 1.437981534579522644e-03 2.212741369998407273e-02 nan nan nan nan nan nan nan nan nan nan nan nan nan nan nan nan nan nan
nan 9.830460716926919373e-04 8.275024372639555462e-04 1.052597717863644998e-03 1.993286670797045010e-03 3.047390676667503361e-03 4.037287178083978634e-03 4.563547126463876093e-03 1.433484481074528277e-02 7.250728544859493148e-03 nan nan nan nan nan nan nan nan nan nan nan nan nan nan nan nan nan nan
nan 2.287602324860475451e-03 6.559919261618936794e-04 6.646466810445393050e-04 3.672666660520819133e-04 1.960827256863634585e-03 5.870329439876917528e-03 3.453162028282693533e-03 2.936742003310639088e-03 4.071901100722931897e-03 nan nan nan nan nan nan nan nan nan nan nan nan nan nan nan nan nan nan
nan nan 3.622787289126899214e-04 1.150432199397727123e-03 9.688457788137247451e-04 2.097857806701586888e-03 5.275485776671133553e-03 1.307678468255641518e-02 2.814040198607238152e-03 8.100578147588972933e-03 nan nan nan nan nan nan nan nan nan nan nan nan nan nan nan nan nan nan
nan nan 6.910646464070808797e-04 2.533703115431708459e-03 2.967078302777556662e-03 nan 1.387005685207744893e-03 1.104081780026858889e-02 1.579272766103782463e-03 1.382465730929113845e-02 nan nan nan nan nan nan nan nan nan nan nan nan nan nan nan nan nan nan
nan nan nan nan nan nan 5.211885126357638197e-03 1.048589541063090326e-03 7.829594024177091369e-03 1.912212728074416668e-03 nan nan 6.344971594387870985e-03 nan nan nan nan nan nan nan nan nan nan nan nan nan nan nan
nan nan nan nan nan 4.521842694759890986e-03 2.973641368629532673e-03 9.953934949651183865e-04 3.738234371836346003e-03 5.529045046308553356e-04 nan nan nan nan nan nan nan nan nan nan nan nan nan nan nan nan nan nan
nan nan nan nan nan 4.492733274424546945e-03 1.889752516978800666e-04 9.222340997007924014e-04 4.087967229515421176e-04 5.631088956285852827e-03 7.900499621666152864e-04 nan nan nan nan nan nan nan nan nan nan nan nan nan nan nan nan nan
nan nan nan nan nan 2.433531789940887504e-03 2.978931097999603316e-04 3.787137603914552363e-04 1.245115423241816845e-04 7.261098004379819108e-03 2.347574837893112807e-04 7.287282961512033799e-04 nan 2.760788601082133525e-04 nan nan nan nan nan nan nan nan nan nan nan nan nan nan
nan nan nan nan nan 1.127843600240846077e-03 6.314576452753590608e-04 6.238505237601084299e-04 5.276725797353676480e-04 1.563042941432593938e-03 1.093369262775434510e-02 2.623391564588608768e-02 2.157999058314412669e-04 5.113989568765149119e-04 8.966343166601444166e-05 nan nan nan nan nan nan nan nan nan nan nan nan nan
nan nan nan nan nan 1.227624157993063847e-02 1.009272956543897553e-03 9.230182786805185807e-05 7.175284959434517979e-05 3.912428310327066040e-04 1.510821955847609533e-04 7.391307698854669077e-05 1.890514231871296899e-02 7.358243116037411873e-03 8.628990508918467058e-05 5.755719018565717853e-05 6.818570102464687269e-04 nan nan nan nan nan nan nan nan nan nan nan
nan nan nan nan nan nan 2.465173939366827245e-04 1.675857867507151832e-04 1.185523852034227880e-04 1.412150478311053508e-04 1.121446213912179836e-04 2.973812978873089405e-04 5.056441410711990736e-04 4.215948284024470354e-03 3.643034192910702893e-03 2.343876086650716767e-04 4.122057129515693786e-04 6.157635143818233426e-04 nan nan nan nan nan nan nan nan nan nan
nan nan nan nan nan nan nan 1.778578475821568187e-04 1.734722318699319008e-04 2.733182763146909506e-05 1.161364430226394348e-04 6.873517945372411208e-04 1.422105226302470367e-03 4.734924793749989511e-04 5.543541912388798981e-03 8.547008240602727014e-03 9.357161251171700804e-05 6.097599248616778845e-04 5.531331558257671435e-04 nan nan nan nan nan nan nan nan nan
nan nan nan nan nan nan nan 5.510343755610004265e-04 3.022946900472185195e-04 2.011149884373286624e-04 7.635752442366928615e-05 6.061818631044780950e-04 1.779416578101621288e-03 1.254582626157417979e-03 2.783287409040250630e-03 8.792349200951067936e-03 7.351962438457382461e-03 1.061550772650106216e-02 1.178088390284582308e-03 8.562418280999604470e-04 5.853188437773753717e-04 nan nan nan nan nan nan nan
nan nan nan nan nan nan nan nan 4.784774767292916155e-04 1.893334480797125192e-04 2.080577291820492859e-04 2.415588816972948528e-04 2.198108556216250354e-04 2.565327722749059011e-03 1.516597314577228803e-03 2.498117564169852114e-03 1.447968576175050204e-02 6.790171007598267729e-04 8.579292889690873789e-04 3.367619230422896990e-03 8.857009976276216875e-04 3.470117694215438817e-04 nan nan nan nan nan nan
nan nan nan nan nan nan nan nan nan 1.801882024840440995e-03 7.039253611831319530e-05 9.197753078926634678e-04 5.695761584534956819e-04 6.487179901989149856e-04 1.726674636639985395e-03 8.954882797262151209e-04 4.778222257277722936e-03 1.048538477070964405e-02 3.534961428902348192e-04 2.694028697544354964e-03 3.008237643214162899e-03 2.794552508996074949e-03 7.787052976119744315e-04 2.765061079322978497e-04 nan nan nan nan
nan nan nan nan nan nan nan nan nan nan 6.489558975193559240e-04 4.848246555618572051e-04 1.781970826137548687e-04 7.961822087617854071e-04 6.288024825737366418e-04 1.032670971970318539e-03 3.360774766157943586e-04 6.848514683203565760e-03 4.710438269284189516e-03 1.437984088584495258e-02 2.793011325684971371e-03 1.674116594730679379e-04 2.021877951942925144e-03 1.296913970374054346e-03 3.888345691643784537e-04 3.881797856942110787e-04 nan nan
nan nan nan nan nan nan nan nan nan nan nan nan 1.294486973342225903e-03 1.657442045062483115e-04 1.180809400685893865e-04 3.412763899036897960e-04 4.888592295262133734e-04 9.923630438043167402e-04 4.422094614950075782e-03 1.566864070002029841e-03 1.005537146220847160e-02 3.055035370826247095e-03 5.010384156339642943e-04 1.016590943212057228e-03 2.812042286648511733e-04 3.415043158453244109e-04 nan nan
nan nan nan nan nan nan nan nan nan nan nan nan nan 3.958830528102222639e-04 2.300344318766876512e-04 1.826677051204990626e-03 3.228058355663815035e-04 3.134138293774243935e-03 5.976596899781687344e-03 1.661099195732835621e-03 6.434536541569190783e-03 4.404285296238488246e-04 2.366779893811225399e-03 4.153768290551445382e-04 9.951611794799337853e-04 4.765387766940321524e-04 nan nan
nan nan nan nan nan nan nan nan nan nan nan nan nan nan nan 1.118917303883798205e-03 3.037685573542709457e-03 2.741587157407892141e-04 3.842388263923276863e-04 1.147502364691071509e-02 1.150398983870881643e-03 5.965021838460808634e-03 2.310609606354169059e-03 7.003188267994943329e-04 1.834018432736962126e-03 1.828341714476714374e-03 nan nan
nan nan nan nan nan nan nan nan nan nan nan nan nan nan nan nan nan 2.196011106812761557e-02 8.957240895721637480e-03 3.560494153552452423e-03 3.786674202484310858e-02 1.029944818233210222e-03 6.314040252871512722e-03 2.107571478192734899e-03 1.840347165056332958e-03 7.241684954614506986e-04 4.749648670934153265e-04 nan
nan nan nan nan nan nan nan nan nan nan nan nan nan nan nan nan nan nan nan nan 1.837587484427964006e-03 nan nan 1.285044323240295367e-03 3.434920242456579822e-04 3.211069524837409524e-04 nan nan
