nan nan nan 8.085298934772680579e-03 5.914832380323744795e-04 nan nan nan nan nan nan nan nan nan nan nan nan nan nan nan nan nan nan nan nan nan nan nan
nan nan nan 2.961522106127361092e-03 7.296705382686600842e-04 1.929146147419987314e-03 1.640395426295581521e-02 nan nan nan nan nan nan nan nan nan nan nan nan nan nan nan nan nan nan nan nan nan
nan nan 3.802298328851062229e-03 1.015305088772726176e-02 5.004455890279491071e-04 1.226113884888119406e-03 7.505068810889839589e-04 3.627212431647636875e-02 nan nan nan nan nan nan nan nan nan nan nan nan nan nan nan nan nan nan nan nan
nan 1.318407362097155297e-02 4.881347187076150000e-03 5.781568946462143851e-03 2.797689459240115459e-03 2.435340768542421303e-04 3.272070858903635467e-03 1.666237427952919209e-02 1.775471652387216465e-02 nan nan nan nan nan nan nan nan nan nan nan nan nan nan nan nan nan nan nan
nan 2.323784149422432506e-03 1.740282560884809197e-03 1.864474713855791181e-03 3.021649065437645920e-04 1.236115597484683561e-03 5.071156897410838624e-03 7.290794249841262009e-03 5.692916314808691390e-03 2.708657916381516928e-02 nan nan nan nan nan nan nan nan nan nan nan nan nan nan nan nan nan nan
1.029699971624525694e-02 1.388510378549682317e-02 7.389512206946876292e-04 2.962413532218697177e-03 1.237279576347981476e-03 1.010331189307138271e-03 3.036682262262640607e-03 7.119197500266573678e-03 2.967498716061196806e-02 nan nan nan nan nan nan nan nan nan nan nan nan nan nan nan nan nan nan nan
1.042909171912401178e-02 2.917297883077118060e-03 1.551992093499707584e-02 6.253910540685918458e-03 3.099322754286732741e-03 2.698609611427822252e-03 1.530373847869730391e-03 3.817636234341370560e-02 1.909623848671797297e-02 nan nan nan nan nan nan nan nan nan nan nan nan nan nan nan nan nan nan nan
1.813934956774844367e-03 7.828932659080446721e-03 1.035895230154779655e-02 4.370668759183647667e-03 1.998572161324940061e-03 2.382502093013317418e-03 2.207704407033206622e-03 1.955119931436997971e-02 1.063920394401684025e-02 nan nan nan nan nan nan nan nan nan nan nan nan nan nan nan nan nan nan nan
nan 6.742552071234572675e-03 1.833559778962879673e-03 3.116996926193265488e-02 1.148314324363115292e-02 5.690117948670630511e-03 5.790343795637952970e-03 1.752578008669625209e-02 4.396385123905758967e-03 2.225074263781146727e-02 nan nan nan nan nan nan nan nan nan nan nan nan nan nan nan nan nan nan
nan 5.677478833886652346e-04 6.698804735517010838e-04 6.583359491194817024e-03 1.138235851301972953e-02 1.129682589443090253e-02 1.275647681876750789e-02 7.773961225929115933e-03 8.039719012746871993e-03 7.797857466567244093e-03 nan nan nan nan nan nan nan nan nan nan nan nan nan nan nan nan nan nan
nan 1.419747926456704171e-03 4.716137269288767520e-04 2.888268950350986099e-04 2.859513022031644029e-03 8.701990766868438268e-03 4.375124276654303833e-03 1.526954039300720649e-02 6.895936507159773675e-04 5.787718725216906349e-03 nan nan nan nan nan nan nan nan nan nan nan nan nan nan nan nan nan nan
nan nan 1.055661350916719783e-03 2.458563812704913330e-03 1.067530703637666924e-03 5.433254967418478434e-04 1.980390405344464519e-02 1.326024552953884543e-02 9.782127865487161376e-04 8.822748425602842948e-03 nan nan nan nan nan nan nan nan nan nan nan nan nan nan nan nan nan nan
nan nan 1.619633233660334478e-05 8.095051409318456976e-05 1.099008598123858878e-03 nan 6.595483342451101405e-03 5.139498379534632178e-03 3.494383142154924328e-03 1.626347914599724637e-02 nan nan nan nan nan nan nan nan nan nan nan nan nan nan nan nan nan nan
nan nan nan nan nan nan 2.258136754702079474e-03 3.222054764173121286e-03 1.020601330056256431e-02 1.621671384272681043e-03 nan nan 4.145379712011246220e-03 nan nan nan nan nan nan nan nan nan nan nan nan nan nan nan
nan nan nan nan nan 5.520810245359305049e-03 1.692108322092831466e-03 2.254927507260108370e-03 5.595467300404478872e-03 9.566783312028768419e-04 nan nan nan nan nan nan nan nan nan nan nan nan nan nan nan nan nan nan
nan nan nan nan nan 3.536058086336061473e-03 4.890557489710223131e-04 5.430619490852945774e-04 5.078961645617755872e-05 6.193879252115095518e-03 2.497406132953024216e-03 nan nan nan nan nan nan nan nan nan nan nan nan nan nan nan nan nan
nan nan nan nan nan 1.268940885397701855e-03 1.289597151401374042e-03 4.697229912917569587e-04 4.056231313554552968e-04 9.288484222963452885e-03 1.841411850499614358e-04 1.510086040730725977e-04 nan 6.518314241508963857e-05 nan nan nan nan nan nan nan nan nan nan nan nan nan nan
nan nan nan nan nan 2.119411623641105202e-03 1.088839507948872879e-04 1.905912286829331177e-03 1.416537076086608633e-03 2.321375379501029648e-03 1.137524603414095947e-02 2.358693734469375150e-02 4.426862755718649926e-04 2.790993587793812506e-04 1.106634842145660339e-04 nan nan nan nan nan nan nan nan nan nan nan nan nan
nan nan nan nan nan 1.297806865300886979e-02 1.430870945907756738e-03 3.879650355816266103e-04 1.377995668823576514e-04 3.231024584516833248e-04 3.667930650367635416e-04 2.087474875470439820e-04 1.351943510782213989e-02 6.074394958186990143e-03 2.120304703334059985e-04 1.072411804337882298e-04 nan nan nan nan nan nan nan nan nan nan nan nan
nan nan nan nan nan nan 2.256773200805826181e-04 2.271467250214746975e-04 2.052274843432297130e-04 6.058009446141144477e-04 2.315842711619889782e-04 6.873985982712457841e-04 2.573306758998541565e-04 3.140377836988115720e-03 3.893082539755439962e-03 7.500318541281349345e-04 2.484678541802754393e-04 nan nan nan nan nan nan nan nan nan nan nan
nan nan nan nan nan nan nan 8.820897785537511627e-05 1.476197471712175941e-04 1.415783803326057741e-04 1.851344647835778288e-04 6.308368209126144315e-04 4.834371687602370942e-04 3.763186090890469917e-04 7.323747065300270642e-03 9.107143471954480540e-03 6.854641599374900049e-05 5.966253520107145641e-04 nan nan nan nan nan nan nan nan nan nan
nan nan nan nan nan nan nan 1.981687669333521973e-04 3.080901187236667615e-04 2.532346597653226377e-04 9.525578574301247928e-05 3.474986736062073383e-04 1.432855252727100771e-03 1.038169296582551514e-03 1.191440252105250945e-03 8.547205721823944793e-03 1.063853182961914390e-02 1.221770032865258752e-02 8.711215810056415843e-04 nan nan nan nan nan nan nan nan nan
nan nan nan nan nan nan nan nan 3.310502856531268002e-04 2.101646226192869268e-04 2.924649784925850097e-04 4.377482028162841231e-04 3.295192207392901962e-04 4.217494608515446599e-04 4.852290900517235639e-04 6.570933374545590662e-04 1.003030337018860282e-02 1.314987674498472366e-03 5.818408133593886561e-04 2.282945527616444224e-03 nan nan nan nan nan nan nan nan
nan nan nan nan nan nan nan nan nan 1.155616353392358063e-03 4.432638517156615413e-04 3.832253977980986650e-04 1.634736324704886320e-04 1.883467660028582459e-04 3.743045412536238426e-04 9.977013810808766335e-04 2.957968822987429997e-03 1.259089835527510068e-02 3.117474670459796041e-04 2.858675562799814322e-03 2.080663883621176186e-03 1.676062140715228722e-04 nan nan nan nan nan nan
nan nan nan nan nan nan nan nan nan nan 5.460577785311093377e-03 2.358855595106579338e-04 6.393097618870299879e-05 2.130201812076582164e-04 5.542337570376226980e-04 3.989530579390400812e-04 2.391370539293824688e-04 4.368548045114862242e-03 8.620488253314045890e-03 1.347596220370494285e-02 4.526641073222275116e-03 6.566140576579042743e-05 7.049253378409291865e-04 9.090761951705831538e-05 nan nan nan nan
nan nan nan nan nan nan nan nan nan nan nan nan 6.189219600120543681e-04 1.201274509800346311e-04 2.375644285854004907e-04 2.634266072096436585e-04 1.848321946561872549e-04 7.724163871923995063e-04 2.475502890366549670e-03 3.964484616559311851e-04 5.501494833226142599e-03 2.447820812193216185e-03 2.230235304641111499e-04 1.121254324974147332e-03 3.420637022589592983e-04 2.823393717075849542e-04 nan nan
nan nan nan nan nan nan nan nan nan nan nan nan nan 2.188781983194258642e-04 1.410661674125470084e-04 5.689485047756915161e-04 2.071330039703127095e-04 1.922785109921348271e-03 1.688843513393593844e-04 1.240951939254572242e-03 1.772560349250136037e-03 4.690440570264933946e-04 3.410008415652163258e-04 1.191268634149938391e-03 8.606313022565292067e-04 2.652895961054489520e-04 nan nan
nan nan nan nan nan nan nan nan nan nan nan nan nan nan nan 1.941149760624661432e-03 5.808187842631498459e-04 3.144456374954489016e-04 3.416360045945235693e-03 2.764641826966957559e-03 8.226932188874807239e-04 4.356828268305579233e-03 9.213991040658375906e-04 3.142149050036497086e-04 1.777897375911582315e-03 1.952571576080918379e-03 nan nan
nan nan nan nan nan nan nan nan nan nan nan nan nan nan nan nan nan 1.625120610565855550e-02 1.348464652408225620e-02 6.117817730032348161e-03 1.946209353881617893e-02 1.180159127154010480e-03 2.844242380445821412e-03 2.452908166253514599e-03 8.672006357005659092e-04 6.315290962081067253e-04 5.228065673451535045e-04 nan
nan nan nan nan nan nan nan nan nan nan nan nan nan nan nan nan nan nan nan nan 8.565170920372450116e-04 nan nan 1.058287638212373778e-03 3.999388071486122348e-04 1.029230192599868790e-04 nan nan
