nan nan nan 2.905870388816702860e-03 2.294989133599814688e-03 nan nan nan nan nan nan nan nan nan nan nan nan nan nan nan nan nan nan nan nan nan nan nan
nan nan nan 9.508762336562236227e-04 1.899280461082043195e-04 6.674778704682993516e-03 6.657687185214323719e-03 nan nan nan nan nan nan nan nan nan nan nan nan nan nan nan nan nan nan nan nan nan
nan nan 4.946950781096360206e-04 4.033771949292902330e-03 3.566546400278986038e-04 1.282400891529271794e-03 1.815020022880680511e-03 1.429438305699041838e-02 nan nan nan nan nan nan nan nan nan nan nan nan nan nan nan nan nan nan nan nan
nan 2.593223487970087917e-03 5.759318340432795919e-03 3.728427461612238321e-03 1.400297005960716079e-03 2.438913453922833801e-03 3.929616817728908383e-03 2.023843126877565308e-03 1.972091869290362037e-02 nan nan nan nan nan nan nan nan nan nan nan nan nan nan nan nan nan nan nan
nan 5.026491868042794881e-03 5.089283854393760170e-04 1.445906110425957715e-03 4.498673894474215958e-03 4.424250449291598948e-03 1.190804706013640296e-03 2.236641322838304850e-03 2.860742599050957596e-03 4.385026966237261237e-02 nan nan nan nan nan nan nan nan nan nan nan nan nan nan nan nan nan nan
7.590677628074616289e-03 2.781714441224819589e-02 1.010202925927656571e-03 7.915485701938836799e-03 1.337893718751094474e-02 2.179062461856905424e-03 2.808055197659306730e-04 5.823639935251725269e-03 2.520080073180898730e-02 nan nan nan nan nan nan nan nan nan nan nan nan nan nan nan nan nan nan nan
6.827824060260072672e-03 3.893275305484346339e-04 1.698554314294928097e-03 2.989061956522570782e-04 4.760544659443451468e-03 1.416137924230030437e-03 1.295997151198719031e-03 3.274266902959190040e-02 1.581106007113398590e-02 nan nan nan nan nan nan nan nan nan nan nan nan nan nan nan nan nan nan nan
2.924345130688763266e-03 8.913939536141420386e-03 2.641502915864552600e-03 7.529818103065456965e-03 8.661726173613746010e-04 4.076560474716065842e-03 4.034805467067088813e-03 2.471094284446673228e-02 2.441581919986460236e-03 nan nan nan nan nan nan nan nan nan nan nan nan nan nan nan nan nan nan nan
nan 4.822881814236953902e-05 6.808000084547749693e-03 7.171123721813935613e-03 2.013659983379235789e-03 3.349781432422244739e-03 6.064146921017807453e-03 2.519905317018085802e-02 1.912206048938037929e-03 2.711932801032154380e-02 nan nan nan nan nan nan nan nan nan nan nan nan nan nan nan nan nan nan
nan 1.032224077642223369e-03 8.128825758487232120e-05 3.983471365646620442e-04 7.436265329109666665e-03 5.118982822683155326e-03 1.543906964664622976e-03 4.954813355474931361e-03 4.133267684848026743e-03 1.932551740375446081e-02 nan nan nan nan nan nan nan nan nan nan nan nan nan nan nan nan nan nan
nan 3.752396478337294977e-03 1.324529580093283321e-04 2.803520645524385782e-04 3.310520083925907819e-05 1.802687783832629853e-04 1.314313239534958876e-04 2.861849189636882663e-03 6.731812156630214660e-06 2.546032071906808442e-02 nan nan nan nan nan nan nan nan nan nan nan nan nan nan nan nan nan nan
nan nan 5.360609206643272601e-05 8.832060537911367876e-04 2.346726139398742916e-03 3.057018852558662878e-03 3.524511630421097406e-03 1.025186663438704300e-02 1.238992418869127102e-02 1.153306556880746674e-02 nan nan nan nan nan nan nan nan nan nan nan nan nan nan nan nan nan nan
nan nan 1.549671530668442427e-04 9.230466197452852134e-04 1.843710386570459160e-03 nan 1.340895347387786873e-03 2.644090111813708014e-03 3.415333994853802201e-03 2.121918634060110734e-02 nan nan nan nan nan nan nan nan nan nan nan nan nan nan nan nan nan nan
nan nan nan nan nan nan 8.638974969047008573e-06 5.019360358177543668e-03 1.033372467671942255e-02 1.404788277321336078e-02 nan nan 6.836090388238460006e-03 nan nan nan nan nan nan nan nan nan nan nan nan nan nan nan
nan nan nan nan nan 6.460953059389333043e-03 1.175283963731016488e-03 2.033978636545355143e-03 5.185645183228577287e-03 8.304973420038885834e-03 nan nan nan nan nan nan nan nan nan nan nan nan nan nan nan nan nan nan
nan nan nan nan nan 4.789502425856182952e-03 5.404361096060355521e-04 2.574166510305095617e-04 5.802748731739691045e-05 1.963447924847099360e-02 1.609751809017284565e-03 nan nan nan nan nan nan nan nan nan nan nan nan nan nan nan nan nan
nan nan nan nan nan 2.894329483175562233e-03 3.015212263340243028e-03 1.314266737001543043e-03 6.091731097306467323e-04 6.588754407410241445e-03 6.401438499680263058e-03 7.764037454345583183e-04 nan 7.062326625984759751e-04 nan nan nan nan nan nan nan nan nan nan nan nan nan nan
nan nan nan nan nan 3.827315165111665196e-03 1.660332427369092684e-04 1.568156123799727217e-03 7.563072371867547283e-04 8.492286893372265636e-04 8.368386862002785351e-03 3.179207659145934228e-02 1.345841708146127205e-02 9.920753691351599703e-04 1.201754120294905304e-03 nan nan nan nan nan nan nan nan nan nan nan nan nan
nan nan nan nan nan 1.697551123712745177e-02 2.503328349642343267e-03 4.986104622595223523e-04 3.849612132293577302e-06 2.040436813634103794e-04 3.244229411569668900e-06 1.768099943602976327e-03 1.929260432403231279e-02 2.639254979129702222e-02 8.988559048254412967e-04 5.621234654342602364e-04 1.713156568427420768e-03 nan nan nan nan nan nan nan nan nan nan nan
nan nan nan nan nan nan 8.185304009399125484e-05 1.473362950056690090e-04 2.719708477358499018e-04 5.204853610689563108e-04 3.498035471590741101e-04 8.263583796820782226e-04 4.652118012424757303e-04 4.824614573539962557e-03 3.810044978055727831e-03 8.693368663755534839e-03 9.078650678814003663e-04 8.531019506684899369e-05 nan nan nan nan nan nan nan nan nan nan
nan nan nan nan nan nan nan 3.902880691129572202e-05 3.774524250029193226e-04 2.437048215822393236e-05 8.276779023340603055e-05 8.903806211026195003e-04 6.285116749568432377e-04 4.462948248928061000e-04 5.706601133903118142e-03 9.618710529095859940e-03 8.747496001385402647e-03 2.401641665710669248e-03 6.297011979443923029e-04 nan nan 1.882561925503016933e-04 nan nan nan nan nan nan
nan nan nan nan nan nan nan 1.911949591197095700e-04 4.252026486722588778e-04 6.881468683470206389e-05 9.893131045804256650e-05 3.325766144858592860e-04 1.690326778297953237e-03 2.409187903513999808e-04 1.256249633449388727e-03 1.162175003948919504e-02 2.122795489131553207e-03 1.521377070216023246e-02 3.857837540479044144e-04 4.767903507452387279e-04 9.615601391684261076e-04 4.084171464324082485e-04 2.274486862124216514e-04 nan nan nan nan nan
nan nan nan nan nan nan nan nan 3.956812151128993307e-05 4.020198575310726685e-04 8.392634269754738890e-04 7.465323217233491070e-05 1.818127569714883907e-06 1.530782990930265423e-03 1.280330477461999071e-03 2.190192770436883221e-03 1.360297775447485112e-02 1.999986215188963475e-03 1.146407706016184212e-03 1.976182795099169602e-03 5.750431641846581819e-04 2.060490733217320463e-04 1.698831392899810653e-04 1.908604879294118796e-04 nan nan nan nan
nan nan nan nan nan nan nan nan nan 1.594567428232788119e-04 5.037645898396579073e-05 1.998466688908296849e-04 5.173000864478204163e-04 2.115161381239061647e-04 3.097462849346037557e-04 8.409432926691075109e-04 2.268524779912465834e-03 1.744052707572852495e-02 2.499592486021699582e-03 2.193804427708629084e-03 3.688882950776021380e-03 1.882040968243816259e-03 7.817308635988914119e-04 9.429302242297448247e-04 nan 2.547492592925321847e-04 nan nan
nan nan nan nan nan nan nan nan nan nan 1.516212714881468113e-03 1.596283809684612967e-04 6.089287567858495446e-05 6.582794125434498177e-04 8.434198891014940171e-04 5.005685466337728151e-04 2.622979314285558448e-05 3.288109546785613312e-03 7.424439266580790120e-03 1.046048949239440987e-02 1.605684632596774027e-03 8.593111765917684159e-04 3.069850057846624895e-03 1.802045694719727007e-03 8.157746655834816800e-04 3.224261066421662408e-04 nan nan
nan nan nan nan nan nan nan nan nan nan nan nan 2.425235335831248638e-04 2.922753754716163528e-04 1.025123591728082051e-04 4.016503858472245917e-05 8.074356366117897699e-04 8.798647998494533301e-04 3.327899910566712791e-03 6.908386695149266142e-04 2.093763945784003072e-02 2.787549641759119647e-03 2.031932666224619600e-05 8.266266139712429972e-04 1.520798949759537581e-04 1.177962553900810942e-04 nan nan
nan nan nan nan nan nan nan nan nan nan nan nan nan 4.776871642094904154e-05 8.495446087091760104e-05 8.097514016022131205e-04 1.322439808221408867e-04 3.842888460052056379e-03 4.379967568309749322e-03 4.663523521883974335e-05 2.598465990512502637e-03 7.757202042211470798e-04 7.378301575721942646e-03 4.674911406592803173e-03 1.594660076516216454e-03 3.008285346449814449e-04 nan nan
nan nan nan nan nan nan nan nan nan nan nan nan nan nan nan 1.438478874887716289e-03 1.489023409958842824e-03 2.820650008838571868e-04 1.143897888586758484e-03 4.687341886980760791e-03 3.423354718123400461e-04 7.630004087188732922e-03 9.061489267598511754e-03 1.106152818166562931e-03 2.561629749313046236e-03 2.507194393861862745e-03 nan nan
nan nan nan nan nan nan nan nan nan nan nan nan nan nan nan nan nan 1.005683717397735065e-02 8.664267909265192455e-03 1.120346943476430851e-02 4.447880121970421846e-02 7.041805158397643465e-04 3.298446834080769312e-03 9.167498682394106119e-03 2.017593832649787478e-03 7.150395251063308092e-04 7.192719906254458825e-04 nan
nan nan nan nan nan nan nan nan nan nan nan nan nan nan nan nan nan nan nan nan 6.260319085951950501e-04 nan nan 8.798376289515198658e-05 7.540994293903286773e-04 3.462550187794771029e-05 nan nan
