nan nan nan 1.790635993290535383e-03 4.249641527271667482e-04 nan nan nan nan nan nan nan nan nan nan nan nan nan nan nan nan nan nan nan nan nan nan nan
nan nan nan 1.607612160811704681e-03 1.453702582327073573e-03 2.448030390405952703e-03 1.437148748361253593e-02 nan nan nan nan nan nan nan nan nan nan nan nan nan nan nan nan nan nan nan nan nan
nan nan 8.631324321515978018e-03 1.238870595909817053e-02 9.265911986919734026e-04 3.084975756380946808e-03 1.281101761751977019e-03 3.818387987431664382e-02 nan nan nan nan nan nan nan nan nan nan nan nan nan nan nan nan nan nan nan nan
nan 5.563876743351878901e-03 1.277918939089281794e-02 1.288368566987393646e-02 2.970001713571500824e-03 1.249698652473331265e-03 2.421154757084856193e-03 4.019620448208469088e-02 2.568203417723630665e-03 nan nan nan nan nan nan nan nan nan nan nan nan nan nan nan nan nan nan nan
nan 3.436227607463844449e-03 8.182187350199727344e-04 7.990861231165760289e-03 4.065101919500412227e-03 2.281850052362524237e-03 2.843284658851238933e-03 1.359706481295289843e-02 5.730321328700643986e-03 2.226449192055094534e-02 nan nan nan nan nan nan nan nan nan nan nan nan nan nan nan nan nan nan
2.806878728322266927e-04 1.194445952405164338e-02 1.123836735026964052e-02 3.451034813700439019e-03 9.538594399657295822e-04 1.915097735630650298e-04 1.260324701407448782e-03 1.054224288530405257e-02 2.105571967627075519e-02 nan nan nan nan nan nan nan nan nan nan nan nan nan nan nan nan nan nan nan
1.430222347802393747e-03 6.538983727899403027e-03 2.690945708519903480e-04 1.463670053785735229e-03 8.463311754784517277e-03 4.898174537791516979e-03 1.754133097831969473e-03 5.603481672939918806e-02 7.228766404938516063e-03 nan nan nan nan nan nan nan nan nan nan nan nan nan nan nan nan nan nan nan
2.285163179926229346e-04 2.444893040036378445e-02 5.230073884725572331e-03 5.452669828378792043e-03 1.314885424324644878e-03 3.232426447836648457e-03 4.344715616959575304e-03 2.978941878528058862e-02 1.756431463287828161e-03 nan nan nan nan nan nan nan nan nan nan nan nan nan nan nan nan nan nan nan
nan 1.356955602285545622e-03 1.282146833492053871e-03 2.021657415824663212e-02 1.250684401953157387e-02 7.645496323691704406e-03 1.417939919216719066e-02 3.693716000919070042e-02 1.903406834945619219e-03 2.094789380107362625e-02 nan nan nan nan nan nan nan nan nan nan nan nan nan nan nan nan nan nan
nan 2.807311363954498318e-04 1.621021356864673117e-05 1.292070186820678483e-03 2.531764383927025304e-03 5.873623486987927106e-03 3.170649713981171488e-04 1.331833511824071642e-02 9.376946010260622799e-03 8.189139823014730812e-03 nan nan nan nan nan nan nan nan nan nan nan nan nan nan nan nan nan nan
nan 2.987442621325558261e-04 1.157389479756580506e-04 8.837232138597552042e-04 3.053845470099944993e-04 4.718135719564258909e-03 9.784483912133525030e-03 1.142916142957224601e-02 1.332532011167600686e-03 6.177207630549656422e-03 nan nan nan nan nan nan nan nan nan nan nan nan nan nan nan nan nan nan
nan nan 6.105256544459178140e-04 3.514506481853168184e-03 1.316538357137634913e-03 2.224248287435111912e-04 5.200396532132758355e-03 7.207934133759291880e-03 5.651017125112817825e-04 8.500572105444071519e-03 nan nan nan nan nan nan nan nan nan nan nan nan nan nan nan nan nan nan
nan nan 2.650330032023657492e-04 3.516783875971965967e-04 1.721503088370685214e-03 nan 3.359872953700247973e-03 1.768302865014860763e-03 1.561789729435726940e-03 1.559841729957427842e-02 nan nan nan nan nan nan nan nan nan nan nan nan nan nan nan nan nan nan
nan nan nan nan nan nan 2.758223675367242785e-03 2.234870919288713207e-03 4.809362790442367128e-03 2.458123237271252984e-03 nan nan 1.603694621117423950e-05 nan nan nan nan nan nan nan nan nan nan nan nan nan nan nan
nan nan nan nan nan 2.063478368065468829e-03 4.142133633399976015e-04 1.872331762734549213e-03 5.107115602548141335e-03 3.039570325031809746e-03 nan nan nan nan nan nan nan nan nan nan nan nan nan nan nan nan nan nan
nan nan nan nan nan 2.956521922136702216e-03 1.740954937971363518e-04 4.861428268802553561e-04 2.145656361783044837e-04 5.408807460838527779e-03 1.055842886386957301e-03 nan nan nan nan nan nan nan nan nan nan nan nan nan nan nan nan nan
nan nan nan nan nan 4.902563616746887908e-04 4.269679715290331055e-04 9.339053757601455032e-04 2.488937974933719895e-04 5.777149240012829576e-03 6.959857218040866461e-04 8.679598595211402448e-06 nan 1.501225889604063070e-04 nan nan nan nan nan nan nan nan nan nan nan nan nan nan
nan nan nan nan nan 1.321560875960133420e-04 1.230670033468709364e-04 2.438943312596086009e-03 1.124738891662091945e-03 7.085171222320771952e-04 2.553198484486117470e-03 2.560560597498848234e-02 3.169874192686680889e-04 3.811312427901078904e-04 1.839743738435816855e-04 nan nan nan nan nan nan nan nan nan nan nan nan nan
nan nan nan nan nan 1.097965416405345326e-02 1.108017624549171697e-03 1.464448842230310535e-04 2.749945384853231211e-05 2.751246089078300452e-04 1.727658561076528309e-04 4.319889390131172981e-06 1.461848243731558687e-02 5.708372311832105896e-03 2.933430218181282367e-05 1.036545161034602012e-04 nan nan nan nan nan nan nan nan nan nan nan nan
nan nan nan nan nan nan 8.837084742190434586e-06 1.556544263616939133e-04 4.350673266393542096e-05 2.673861918395273275e-04 1.080055908711854962e-04 1.579572569682945573e-03 1.796423782302556402e-03 1.006448128884020058e-03 4.049978448467290298e-03 1.503438226632782589e-04 6.366736380008251655e-04 nan nan nan nan nan nan nan nan nan nan nan
nan nan nan nan nan nan nan 2.449032198908565367e-04 8.626303696013358304e-06 8.322740495288596994e-05 1.594174455401660759e-05 8.275602135506694148e-04 1.723843595705062612e-03 3.083838117784326333e-04 4.071458499853311541e-03 9.759628312044214479e-03 5.233166135814487538e-05 4.837883694390997789e-04 nan nan nan nan nan nan nan nan nan nan
nan nan nan nan nan nan nan 3.241657826914611331e-04 1.429038700698334792e-04 1.001402280299415817e-04 2.416895408404586435e-05 3.041413355752899551e-04 2.044306449095288809e-03 1.730044607562973048e-04 6.924617819384449929e-04 6.970056731210218758e-03 1.029913155869551823e-02 1.045568154907047971e-02 1.010687671600866630e-03 nan nan nan nan nan nan nan nan nan
nan nan nan nan nan nan nan nan 4.647801766170396023e-04 1.880238962437841288e-04 4.286141479687239297e-04 2.484975753873571477e-04 9.755757632861616620e-05 2.229072144458183607e-03 1.818106657486198621e-03 6.108689289931919231e-04 9.043146881542044394e-03 8.168684827008034811e-04 5.321153171280301047e-04 2.915183759732719454e-03 3.317098846498038969e-04 nan nan nan nan nan nan nan
nan nan nan nan nan nan nan nan nan 5.006804093557712149e-05 1.214725347531967934e-04 2.215247904925699636e-04 1.236193285124070256e-04 9.074833090231928297e-04 1.438216878258800511e-03 9.972590670531895126e-04 4.517959307660218693e-03 1.250157238685629252e-02 2.968016452929167232e-04 2.796730782159994634e-03 2.545181502244641368e-03 1.362281371425935923e-03 nan nan nan nan nan nan
nan nan nan nan nan nan nan nan nan nan 2.964238958607687269e-03 4.140301785720713196e-04 6.934906576803122856e-05 2.865869516591333568e-04 3.477716306233587370e-04 1.886032779611592674e-03 2.842603545214346080e-04 3.580590946322120306e-03 4.727431160236592045e-03 1.224987661143930873e-02 4.706886249131619383e-03 2.283180219763544436e-04 3.792297135710507097e-03 1.612211978301881675e-03 nan nan nan nan
nan nan nan nan nan nan nan nan nan nan nan nan 4.440365863891009880e-04 4.418848420968829335e-05 1.104117953359927373e-05 1.182362656168324002e-04 2.485164136337461279e-04 3.723192948528068541e-04 9.263824469097136499e-03 2.700722716431613706e-03 3.287104998003767195e-03 2.892763819343719626e-03 3.013953251475249358e-04 1.230317134509156286e-03 3.433973435537025277e-04 1.474317512337354344e-04 nan nan
nan nan nan nan nan nan nan nan nan nan nan nan nan 1.381246778144131286e-05 3.694482158836974244e-05 5.398640967014316184e-04 6.212682414275596003e-05 8.342759735170448762e-03 1.804485246802634089e-03 7.715620247416524625e-04 1.516285190771389600e-03 8.952363432627194560e-04 4.614056948015035539e-05 7.132864201377065675e-04 7.712029604559267251e-04 2.503907386537861600e-04 nan nan
nan nan nan nan nan nan nan nan nan nan nan nan nan nan nan 1.807940409593693665e-03 1.410566813441630277e-03 3.875606234796092589e-04 2.921253541499215867e-04 1.679799643048410576e-02 6.878427735874050389e-03 8.158344995351072063e-03 2.490418668887673433e-03 7.521896199684395459e-04 1.554362209720925843e-03 1.105603321111737602e-03 nan nan
nan nan nan nan nan nan nan nan nan nan nan nan nan nan nan nan nan 2.472539433058824551e-02 1.512049866707429469e-02 3.848004109354740462e-04 2.498076969520578519e-02 6.496625137445720725e-05 2.525225496879556896e-03 3.551573518251812701e-03 1.022113777311225894e-05 9.308722035778988022e-04 5.494779376570670462e-04 nan
nan nan nan nan nan nan nan nan nan nan nan nan nan nan nan nan nan nan nan nan 4.041068085369419307e-04 nan nan 7.783210095927456016e-05 5.987133040026180672e-04 4.008928942257871373e-04 nan nan
