nan nan nan 1.303251166834436779e-02 1.984753040717513687e-03 nan nan nan nan nan nan nan nan nan nan nan nan nan nan nan nan nan nan nan nan nan nan nan
nan nan nan 8.957521986677232512e-03 5.757626001384114241e-03 5.318115414817907449e-03 5.757252713372776678e-03 nan nan nan nan nan nan nan nan nan nan nan nan nan nan nan nan nan nan nan nan nan
nan nan 4.999236472754527150e-03 6.855775278533217908e-03 1.497026336410238250e-03 4.783307286269780981e-03 1.010490293161241332e-03 1.534487743601083490e-02 nan nan nan nan nan nan nan nan nan nan nan nan nan nan nan nan nan nan nan nan
nan 9.199158158519947850e-03 9.521408991788212189e-04 5.872981466523604678e-03 4.012527214606077808e-03 1.636458817318616789e-03 4.498022324873317442e-03 1.849683536498696350e-03 3.611944472543773387e-03 nan nan nan nan nan nan nan nan nan nan nan nan nan nan nan nan nan nan nan
nan 9.688483271587864515e-03 4.392879430176753301e-03 1.007317279952573688e-03 2.548661876004723863e-03 2.135669166136782912e-03 2.487711951173309042e-03 3.037067473245275498e-03 3.000481238655396815e-03 2.006033639803176880e-02 nan nan nan nan nan nan nan nan nan nan nan nan nan nan nan nan nan nan
9.930631630770854479e-03 5.265389766317538599e-03 8.414638018711855308e-03 8.082834840332595722e-03 6.181505992883991503e-03 7.482387888405056401e-04 1.476698947991946041e-03 6.166181468011636135e-03 4.742977500790241524e-03 nan nan nan nan nan nan nan nan nan nan nan nan nan nan nan nan nan nan nan
6.799329772834946002e-03 5.044625500368020952e-03 2.119565433147352525e-03 4.071980216337117708e-03 3.550177337081471957e-03 1.351761068008025535e-02 9.958903517817295405e-04 1.971497187654270081e-02 4.022859587609194099e-03 nan nan nan nan nan nan nan nan nan nan nan nan nan nan nan nan nan nan nan
4.876387892418243834e-04 7.425723612214866869e-03 4.562997671030700683e-03 8.170106897339482997e-04 2.720705772493289300e-03 3.632649979755263412e-03 4.381440508973625733e-03 1.384862134838170042e-02 4.655716268033226538e-03 nan nan nan nan nan nan nan nan nan nan nan nan nan nan nan nan nan nan nan
nan 3.579180445904698096e-04 1.424111992274193191e-03 8.080856254877569547e-03 3.758276109991640426e-03 1.000270208364323517e-02 8.660681905065272662e-03 7.905694909854365030e-03 4.026475401290949968e-03 2.721420145288342557e-02 nan nan nan nan nan nan nan nan nan nan nan nan nan nan nan nan nan nan
nan 1.730846045948687423e-04 4.122008445945055111e-03 2.187797223100975200e-03 4.094876647574552907e-03 1.314171787375881988e-03 2.734344315262147215e-03 5.772780047693989308e-03 9.071520590513313179e-03 7.776835966706621174e-03 nan nan nan nan nan nan nan nan nan nan nan nan nan nan nan nan nan nan
nan 1.074889283502238925e-03 2.394692553612041269e-04 1.593472288935877360e-04 7.887402150027014204e-05 9.688541091580253964e-04 3.358924643748718505e-03 4.337009657573480219e-03 8.286846987604467446e-04 9.245567560618755953e-03 nan nan nan nan nan nan nan nan nan nan nan nan nan nan nan nan nan nan
nan nan 1.147713457864251796e-03 2.848234296037570161e-03 2.119756916949208821e-03 7.526589780028832303e-04 8.641475671226021837e-03 3.930756097610668340e-03 3.399131651051367012e-03 1.279005941115358286e-02 nan nan nan nan nan nan nan nan nan nan nan nan nan nan nan nan nan nan
nan nan 5.790620130412659633e-04 6.590146553206544877e-04 1.121522327930680020e-03 nan 1.528340382030577522e-03 3.127597245885380822e-03 1.636227995905821866e-03 1.965423209265420093e-02 nan nan nan nan nan nan nan nan nan nan nan nan nan nan nan nan nan nan
nan nan nan nan nan nan 4.703983584522901558e-03 4.150752749902680491e-03 7.239134082623987013e-03 2.013393138575813191e-03 nan nan 2.240585931162490663e-03 nan nan nan nan nan nan nan nan nan nan nan nan nan nan nan
nan nan nan nan nan 2.539876841650642349e-03 2.182413586323654793e-03 3.528735242654558631e-03 1.967054415703755124e-02 6.993181516811056847e-03 nan nan nan nan nan nan nan nan nan nan nan nan nan nan nan nan nan nan
nan nan nan nan nan 3.001376023412299920e-03 3.718307761450724428e-04 5.745484577944487544e-04 7.208699166726035320e-05 9.119654390200211160e-04 4.500364315242822051e-03 nan nan nan nan nan nan nan nan nan nan nan nan nan nan nan nan nan
nan nan nan nan nan 1.254861684660996861e-03 7.986316185802141282e-04 6.297472697679882755e-04 1.033521551534369011e-04 7.699126447345055677e-03 2.243603116681391375e-03 1.472353448001209293e-03 nan 9.570486835871769380e-04 nan nan nan nan nan nan nan nan nan nan nan nan nan nan
nan nan nan nan nan 5.220148070949663871e-04 6.371629884237154165e-04 8.512396954850991442e-04 5.581696796930190599e-04 1.549220146896351661e-03 1.055658909511454462e-02 2.587448213844263656e-02 3.858930266762894325e-04 9.639842003907596281e-04 8.115448735014171746e-05 nan nan nan nan nan nan nan nan nan nan nan nan nan
nan nan nan nan nan 8.324522716881676415e-03 1.518151605035236240e-03 3.353159025271485946e-04 4.442336798391807463e-05 3.600840923598400351e-04 4.014310795938914270e-04 9.462795819137654490e-05 1.964350757455917557e-02 9.180483314063403455e-03 8.063972066431055515e-04 4.586675655113785612e-04 3.903525323303969237e-03 nan nan nan nan nan nan nan nan nan nan nan
nan nan nan nan nan nan 6.006520932344637504e-05 1.283690918161773048e-04 4.579362359521652103e-05 1.209674604989746010e-04 1.377374148447764229e-04 3.026030209364707945e-04 2.994962775584203082e-03 3.170861721412415127e-03 3.470890099412056191e-03 3.935828700069123921e-04 1.129195773323894876e-03 3.551432753609916424e-04 nan nan nan nan nan nan nan nan nan nan
nan nan nan nan nan nan nan 2.081537759581621292e-04 4.400426904754306827e-05 7.337937966561623704e-05 1.395301172593140350e-04 6.956968873469849407e-04 8.356380102734901590e-04 4.681750565146300348e-04 3.466877474070141803e-03 6.862402580198482226e-03 3.125461576634575109e-04 6.883022361094358332e-04 6.330822576326315719e-04 nan nan 2.501238985930499489e-04 nan nan nan nan nan nan
nan nan nan nan nan nan nan 1.186071963438894549e-04 1.100353532446493105e-04 1.678256626859648865e-04 3.398325828864209148e-05 7.991144473705405352e-04 1.469638709157190543e-03 2.041731233602715268e-04 1.394524117859413485e-03 4.542443026296900596e-03 1.155750170674954211e-02 1.162768509838736468e-02 7.637312561233442366e-04 6.365788679573039597e-04 5.566186969385102015e-04 1.884974507067927775e-04 2.121813262677576097e-04 nan nan nan nan nan
nan nan nan nan nan nan nan nan 7.444633756984412199e-04 7.721155108390365205e-04 3.598345564444342150e-04 2.796895560144762937e-05 3.908664445491278911e-04 1.711495909623141076e-03 2.216298853872152030e-03 8.976057435103567935e-04 9.502310955153681765e-03 6.081395005050303781e-04 7.299271056527233386e-04 3.008695905258062988e-03 8.468518201045002877e-04 6.172569997810447911e-04 2.238756059492609898e-04 2.887770537912353447e-04 nan nan nan nan
nan nan nan nan nan nan nan nan nan 3.842427087965269222e-04 4.603103505316792198e-04 6.830188448747541679e-05 6.304255771531178283e-05 1.461386426695047470e-04 8.252174796930505235e-04 1.143561966143623407e-03 2.132955183318279574e-03 1.242703134282750754e-02 3.415580970306862727e-04 2.599106035637938246e-03 2.033718005027586751e-03 6.618584354174249663e-04 5.348032094742691299e-04 6.867295397471624013e-04 nan nan nan nan
nan nan nan nan nan nan nan nan nan nan 1.585898923270861972e-03 1.476262472150146395e-04 2.128743663562076541e-04 4.511272074775332609e-04 1.154227540593056071e-03 6.668331853123004747e-04 3.662753670093903255e-04 8.611094663362086742e-04 9.495432548673698320e-03 1.253610705581257104e-02 3.121968435432114983e-03 1.058437654966474031e-04 2.429996203822904106e-03 1.627437892594322914e-03 1.621573639789859397e-03 2.223211666852534783e-04 nan nan
nan nan nan nan nan nan nan nan nan nan nan nan 2.568295933056698697e-04 1.595519043284473223e-04 2.613223490244997072e-04 5.184918404971875210e-04 1.080535596944064581e-03 3.371583212057204957e-04 3.747978750827449159e-03 4.537886595736163723e-04 5.002282943796475256e-03 3.134998853823350515e-03 7.372954186453050621e-04 2.313140873175768657e-03 7.520313126985805809e-04 2.795120591141197846e-04 nan nan
nan nan nan nan nan nan nan nan nan nan nan nan nan 7.289484509359648527e-05 1.236145384410869364e-04 2.975223707255238354e-04 3.281910300310224033e-04 4.146289777953560997e-03 1.262954132401551037e-03 3.202898497607079703e-03 1.246517359717427224e-03 7.384133577000814071e-04 1.274602042902998487e-04 5.330882483846545623e-04 1.058437479324968785e-03 4.261527296564885043e-04 nan nan
nan nan nan nan nan nan nan nan nan nan nan nan nan nan nan 1.605402207217461637e-03 5.446591930304397946e-04 1.556070135193610756e-03 2.212232533569748780e-04 2.646326046687093488e-03 6.371724437045317522e-04 9.693317984418688615e-04 4.036559398995181840e-04 1.413297908493582112e-04 2.168398203761831827e-03 1.663354919247368030e-03 nan nan
nan nan nan nan nan nan nan nan nan nan nan nan nan nan nan nan nan 1.086542875823915885e-02 4.703364204488852743e-03 8.380079909846942492e-04 9.977634767533044916e-03 6.271156067536862774e-04 1.078605249829773247e-03 3.272731437954253669e-03 1.082476701400946623e-03 9.907329664597054782e-04 3.894433010093175740e-04 nan
nan nan nan nan nan nan nan nan nan nan nan nan nan nan nan nan nan nan nan nan 1.845281725444900597e-03 nan nan 6.430736232152789444e-04 1.068677279385364263e-04 2.099172845307987730e-04 nan nan
