nan nan nan 1.472940912908067774e-03 1.637596745270329234e-03 nan nan nan nan nan nan nan nan nan nan nan nan nan nan nan nan nan nan nan nan nan nan nan
nan nan nan 3.000670055377178524e-03 8.939245633002740679e-03 4.303810399804467129e-04 1.395155905909078835e-02 nan nan nan nan nan nan nan nan nan nan nan nan nan nan nan nan nan nan nan nan nan
nan nan 3.432675555245450795e-03 6.016866575339457608e-05 1.532208639451438596e-04 1.139738704607327078e-03 5.271333009782383679e-04 2.437486118567767923e-02 nan nan nan nan nan nan nan nan nan nan nan nan nan nan nan nan nan nan nan nan
nan 7.020536573807811126e-03 9.444171877398049517e-03 4.211201796404581525e-03 3.840788148566583442e-03 8.708078495642532560e-05 3.347606329786778113e-03 1.672305498214589348e-02 5.068842985921074434e-03 nan nan nan nan nan nan nan nan nan nan nan nan nan nan nan nan nan nan nan
nan 4.583824986367498328e-03 8.262635380105409766e-03 4.695206527518787712e-04 4.821726330074795758e-03 5.818124060975177203e-04 3.496196302917834614e-04 1.852080408694264588e-02 3.979451756404338639e-03 2.633086793670311176e-02 nan nan nan nan nan nan nan nan nan nan nan nan nan nan nan nan nan nan
1.930013016039919260e-02 6.205381085861494991e-05 1.724652948894308743e-03 3.781854416517999203e-03 1.849518880686868349e-03 9.093600275850905780e-04 1.333021966453281542e-03 8.327048379516074905e-03 3.118926659105818178e-02 nan nan nan nan nan nan nan nan nan nan nan nan nan nan nan nan nan nan nan
9.747016505038088230e-04 6.116052461800135752e-03 1.401464831898107310e-03 3.564956273898640515e-03 1.947095844802015701e-03 1.665591160257932695e-03 2.165900228329945779e-03 1.593445016683999252e-02 1.696557835726327651e-02 nan nan nan nan nan nan nan nan nan nan nan nan nan nan nan nan nan nan nan
4.345260755610596756e-03 1.105451812069975850e-03 1.071223517858058485e-02 3.204523590632571417e-03 1.278402724140041431e-03 1.021855685960442947e-02 1.690835334642821607e-03 2.410066190756197241e-02 1.227246200290597672e-03 nan nan nan nan nan nan nan nan nan nan nan nan nan nan nan nan nan nan nan
nan 3.113902829205695416e-03 3.897851371026929586e-03 2.809832968915102185e-03 1.248155995256670404e-02 1.953697687730644901e-03 1.047646173385813524e-04 5.694752277692115283e-02 1.872461481457397998e-03 2.258657420438397317e-02 nan nan nan nan nan nan nan nan nan nan nan nan nan nan nan nan nan nan
nan 1.007783836120513480e-03 1.913772322519446804e-04 2.858853606989541270e-03 6.233659385878467102e-03 5.990552663919755660e-04 6.775543441340932090e-04 3.053286950027059299e-02 9.035392170248176397e-03 7.117534302826442755e-03 nan nan nan nan nan nan nan nan nan nan nan nan nan nan nan nan nan nan
nan 6.579706744288863450e-04 4.665362189150916412e-05 3.856836021334062326e-04 5.648997149515185608e-04 3.286753353036384311e-03 2.285488415218993319e-02 2.530165713087474677e-02 2.717414618236328044e-03 4.710197866810547987e-03 nan nan nan nan nan nan nan nan nan nan nan nan nan nan nan nan nan nan
nan nan 5.511451060171573563e-05 8.661421941370973238e-04 7.025373284877838888e-04 4.832113501644268519e-04 7.581548560205946322e-03 3.043785650080058774e-02 1.551908400477081031e-03 8.023963642559845885e-03 nan nan nan nan nan nan nan nan nan nan nan nan nan nan nan nan nan nan
nan nan 4.083573356575422681e-04 8.577398168416099176e-04 4.548310584723952161e-04 nan 6.475760747356618541e-04 4.659736427492670863e-03 1.392536324707863496e-02 2.288185504117630845e-02 nan nan nan nan nan nan nan nan nan nan nan nan nan nan nan nan nan nan
nan nan nan nan nan nan 6.252139666745125564e-03 5.003132379348949367e-03 4.222897874876648319e-03 3.618962327762803750e-03 nan nan 1.296175186778391469e-02 nan nan nan nan nan nan nan nan nan nan nan nan nan nan nan
nan nan nan nan nan 4.614776313529427368e-03 8.976372371112725226e-04 1.804622325806127820e-03 3.871429898213269837e-03 1.453446662117081596e-03 nan nan nan nan nan nan nan nan nan nan nan nan nan nan nan nan nan nan
nan nan nan nan nan 1.919752686783063409e-03 1.781758959425614678e-04 1.073954173988963276e-04 3.864578259455743480e-04 7.139906153751799170e-03 4.574484453107808190e-04 nan nan nan nan nan nan nan nan nan nan nan nan nan nan nan nan nan
nan nan nan nan nan 1.247404557208427103e-03 5.916736348936717325e-04 1.065063010499730850e-03 1.205859606462834259e-04 4.153777588121038838e-03 9.274456596273681838e-04 1.049608661894272299e-04 nan 2.744918756308335457e-04 nan nan nan nan nan nan nan nan nan nan nan nan nan nan
nan nan nan nan nan 3.439062969207048795e-06 2.300058776525604133e-04 3.679934092125242704e-04 4.236296433249209150e-04 1.069346668456328149e-03 7.021651043691273103e-03 2.817817041024272065e-02 1.010764619718262236e-04 6.882124461568474728e-04 3.155753887437859817e-04 nan nan nan nan nan nan nan nan nan nan nan nan nan
nan nan nan nan nan 7.209419075011004249e-03 2.493717892655116820e-03 3.944135441741587842e-04 6.039704447245802880e-05 8.495714324334112649e-04 2.166147266501780070e-05 1.105696932465292107e-04 2.164087248381641598e-02 6.334323237804678070e-03 1.961703766452550920e-04 1.055792302404449820e-04 8.025905872190452789e-05 nan nan nan nan nan nan nan nan nan nan nan
nan nan nan nan nan nan 1.806988266502172150e-04 1.418798216680790909e-04 2.487545548175879332e-04 4.313340476098640906e-04 5.712856431917813732e-05 3.623140408359650086e-04 1.255531944370910299e-03 2.915839403714288926e-03 1.920290244041512320e-03 2.833750304621968823e-04 4.801650383775268047e-04 5.184675785339999980e-04 nan nan nan nan nan nan nan nan nan nan
nan nan nan nan nan nan nan 1.924074864150301646e-05 5.040237901056464180e-04 6.108095909376780222e-05 5.514259889438593529e-05 2.121463716705987012e-04 5.463154847166292643e-04 1.297337043758799071e-03 7.081067816808362184e-03 8.418727096773891833e-03 3.480057554361961822e-05 6.291079733972896985e-04 4.613492575164262642e-04 nan nan nan nan nan nan nan nan nan
nan nan nan nan nan nan nan 6.355282579245802440e-04 1.786070548166364522e-04 4.894936864233526445e-04 4.149006557315433933e-05 1.767740890043100648e-04 1.151115738521987352e-03 6.778248664709298843e-04 2.048229401433617619e-03 8.024194423571651830e-03 5.402690333287945776e-03 9.530279322605481399e-03 9.481931595272109466e-04 9.881516651369950076e-04 nan nan nan nan nan nan nan nan
nan nan nan nan nan nan nan nan 4.412416529712143024e-04 3.019658286546890967e-04 6.185648370597397142e-04 1.747145523742827018e-04 2.895623535405204168e-04 1.552559615053469540e-03 1.285933874510333894e-03 2.864553992710131697e-03 1.766615770431416085e-02 2.517931848030002069e-04 8.386347051204112724e-04 3.544633894081391547e-03 9.589805075823809762e-04 3.454684248551678988e-04 nan nan nan nan nan nan
nan nan nan nan nan nan nan nan nan 2.382993336172760553e-03 8.562655424430459274e-04 1.147441015468427016e-03 3.273948226678118057e-04 8.260740288902142150e-04 7.176252608030085850e-04 1.097434468861907628e-03 3.757162696610263919e-03 1.247275651312433620e-02 8.708786578907604841e-04 3.108222453657774869e-03 3.312411001130374354e-03 1.979019306472938004e-03 5.778224829247042118e-04 nan nan nan nan nan
nan nan nan nan nan nan nan nan nan nan 6.193671757922407980e-04 9.498266774668966779e-04 8.681447449112588712e-05 3.686403463255088467e-04 6.442642113207422330e-04 1.388628324211902158e-03 3.373555313355601970e-04 7.164677841951500210e-03 2.202783379983924358e-03 8.062995652288266688e-03 3.405828148845743523e-03 1.500270957809240723e-06 1.434754757909150911e-03 1.333823046785814845e-03 8.813046912285113499e-04 nan nan nan
nan nan nan nan nan nan nan nan nan nan nan nan 8.941349361682110822e-04 3.489553913945851130e-04 4.143010199315365133e-04 1.927862012388293050e-04 1.203182690401733275e-04 8.405769695502063928e-04 1.237090108705196255e-03 2.094947726725044507e-03 1.193474725211348796e-03 5.325896382789581385e-03 7.849173716555466363e-05 1.382335410216714491e-03 2.503949219687845494e-04 2.304928945066186258e-04 nan nan
nan nan nan nan nan nan nan nan nan nan nan nan nan 1.531989788690617683e-04 9.181124429926704677e-05 1.513146306174934733e-03 1.581498234945307108e-04 4.912959828403899026e-03 3.422425187822156797e-04 1.391701912772463044e-03 1.168576290771466963e-02 8.971090093839759021e-04 6.597979756690255937e-03 7.679079019439986192e-04 6.193797624352295143e-04 2.187219467469271204e-04 nan nan
nan nan nan nan nan nan nan nan nan nan nan nan nan nan nan 1.753087960375219632e-03 1.445861262296390662e-03 3.839951626069210665e-03 8.657428612925572057e-04 9.805928268467014458e-03 3.835065525773195512e-04 1.322176618786386057e-03 1.815573252732244759e-04 2.948263185686654107e-04 1.636880599485065818e-03 1.381176939023438669e-03 nan nan
nan nan nan nan nan nan nan nan nan nan nan nan nan nan nan nan nan 1.291705807585308632e-02 2.977432773143967159e-03 1.113717282129723929e-02 1.696475313329083578e-02 1.851896690716439784e-03 2.553003862349782598e-03 3.296070102782483816e-03 1.095617031286048306e-03 6.237400714430466975e-04 5.952688585696576775e-04 nan
nan nan nan nan nan nan nan nan nan nan nan nan nan nan nan nan nan nan nan nan 5.633258137523334663e-04 nan nan 2.756760041804953622e-03 3.767490988517630999e-04 5.279369998796500053e-04 nan nan
