nan nan nan 1.068828643884068858e-03 1.689788569091788461e-03 nan nan nan nan nan nan nan nan nan nan nan nan nan nan nan nan nan nan nan nan nan nan nan
nan nan nan 1.892645216785874716e-03 2.820534492366855162e-03 4.420990372913833136e-03 1.113246844651264063e-02 nan nan nan nan nan nan nan nan nan nan nan nan nan nan nan nan nan nan nan nan nan
nan nan 3.574006025984731959e-03 3.903934471543115715e-04 2.674983214705824001e-03 2.494035876812259866e-03 8.429498471530310569e-04 1.225619485426968774e-02 nan nan nan nan nan nan nan nan nan nan nan nan nan nan nan nan nan nan nan nan
nan 8.110237418858556521e-03 5.686182781054141197e-03 5.561662714031767075e-03 6.946828366760272704e-03 4.098419720054457746e-03 2.605558654478186929e-03 1.447304473023750763e-03 2.395693397794077147e-03 nan nan nan nan nan nan nan nan nan nan nan nan nan nan nan nan nan nan nan
nan 4.032666644537450176e-03 2.096109481469261675e-03 8.522029656474339058e-04 9.902319865751456340e-03 2.016828147431102072e-03 3.245012130391569313e-03 2.288804542344702320e-03 1.889731487234080519e-03 1.702651501233400783e-02 nan nan nan nan nan nan nan nan nan nan nan nan nan nan nan nan nan nan
1.228216718444529246e-02 4.584372644455136795e-04 1.621265636040955874e-02 7.414025002556539484e-03 2.652259219339139860e-03 4.830054325481919486e-03 2.392611732047776781e-03 7.186771527917528053e-03 4.901814437243603301e-03 nan nan nan nan nan nan nan nan nan nan nan nan nan nan nan nan nan nan nan
8.312494739863431070e-03 7.489687546570675952e-03 3.918196355239121631e-03 7.446249929215213725e-03 2.344072546565555831e-03 3.142164012851563371e-03 3.267839125021808257e-03 3.561296602887574492e-02 6.716583597681842098e-04 nan nan nan nan nan nan nan nan nan nan nan nan nan nan nan nan nan nan nan
1.470485388589217986e-03 8.842035222851072490e-03 4.523391021096991212e-03 2.778279638086375222e-03 8.835201268892754409e-03 2.684878801660942841e-03 1.042602610158434523e-03 2.356705312242227471e-02 1.339602968736768821e-03 nan nan nan nan nan nan nan nan nan nan nan nan nan nan nan nan nan nan nan
nan 8.118281114510952131e-04 3.662502900200047956e-03 1.785411704838738359e-03 7.554248710025730437e-03 4.679377100194086724e-03 7.340703133224524800e-03 1.508515169086130370e-02 2.765572987615280785e-03 2.127011077897733235e-02 nan nan nan nan nan nan nan nan nan nan nan nan nan nan nan nan nan nan
nan 4.175527882282135104e-04 7.454263368605155982e-04 5.309121536611689091e-03 7.356152242647070322e-03 2.921852433107682487e-03 7.693324727870603716e-03 3.487858611423639080e-03 3.029750343061783299e-03 4.343305038971759409e-03 nan nan nan nan nan nan nan nan nan nan nan nan nan nan nan nan nan nan
nan 6.310844411743464760e-04 3.763799451355490707e-04 3.901752767739311229e-04 1.919800053188088851e-04 7.717677560150880151e-04 8.230783186849062460e-03 4.162226478428339253e-03 3.518052685946797655e-04 3.308005540770243835e-03 nan nan nan nan nan nan nan nan nan nan nan nan nan nan nan nan nan nan
nan nan 3.253345062242888729e-04 1.844472879587114294e-03 2.038980515109583159e-03 2.396728612333568712e-03 2.931082243777317561e-03 1.076870382112852208e-02 5.484347879466478469e-03 1.025576037085038951e-02 nan nan nan nan nan nan nan nan nan nan nan nan nan nan nan nan nan nan
nan nan 3.587051502370273699e-04 1.607876510388089674e-05 1.299469687752155718e-03 nan 4.194165635224923793e-04 3.395150963212622067e-03 4.060389794134295401e-04 1.746367176133768392e-02 nan nan nan nan nan nan nan nan nan nan nan nan nan nan nan nan nan nan
nan nan nan nan nan nan 7.575330727414307302e-04 2.319571892274304228e-03 1.141959009517990896e-03 2.943532649734721326e-03 nan nan 3.339325078435089454e-04 nan nan nan nan nan nan nan nan nan nan nan nan nan nan nan
nan nan nan nan nan 6.085621466143043695e-03 7.432087224455494320e-04 1.397265115147792742e-03 4.087054802905313970e-03 3.551199063837317052e-03 nan nan nan nan nan nan nan nan nan nan nan nan nan nan nan nan nan nan
nan nan nan nan nan 2.970367268516337436e-03 7.283659702514092959e-04 2.906032437633649171e-04 3.636625042060781770e-05 1.315166112850028575e-03 7.993850444643966872e-04 nan nan nan nan nan nan nan nan nan nan nan nan nan nan nan nan nan
nan nan nan nan nan 8.429094268583062731e-04 1.300723660018172651e-03 9.433420836410465714e-04 8.088944052427385605e-05 9.571242305331476019e-03 1.334790923497133561e-03 4.429949274180862775e-03 nan 2.090794958141545257e-03 nan nan nan nan nan nan nan nan nan nan nan nan nan nan
nan nan nan nan nan 5.360161862681398545e-04 1.116349499465534213e-04 9.317487148738838685e-04 4.081382576363826609e-04 1.324228030555894397e-03 4.471073325091588085e-03 2.557792217101137466e-02 2.366651893495494928e-04 1.684782808420087503e-03 9.066406944622641770e-04 nan nan nan nan nan nan nan nan nan nan nan nan nan
nan nan nan nan nan 4.263325391363674208e-03 2.750245474823272292e-04 8.526015144890804122e-05 6.621767217656459182e-05 2.530751714292612609e-04 1.130691471466156554e-03 1.825868760055057542e-04 1.236421649558336680e-02 8.682348933765597285e-03 3.425054216298200997e-03 4.570520624769624607e-04 1.640510568628411256e-03 nan nan nan nan nan nan nan nan nan nan nan
nan nan nan nan nan nan 1.481599035506530823e-04 3.805467903933503366e-05 5.976726423657040109e-05 1.157318181760632974e-04 2.442084043780320263e-04 6.630277128368109070e-04 1.204781338978548068e-04 5.528849629421062756e-03 8.260723038291669512e-03 1.596268309047288165e-04 1.577173954657424637e-04 1.176953330938652518e-04 nan nan nan nan nan nan nan nan nan nan
nan nan nan nan nan nan nan 1.746728623784387713e-04 9.025885240542338853e-05 3.133771710325045296e-05 6.671690795224443835e-05 6.284505584258999380e-04 9.609193358606495875e-04 2.992453502528164678e-05 3.242773644903008609e-03 1.276440574495004560e-02 3.651336200713333656e-05 6.766495959066765216e-04 7.863808824472068217e-04 nan nan nan nan nan nan nan nan nan
nan nan nan nan nan nan nan 5.082836456984128409e-05 2.585050528772129359e-04 2.898441113542342493e-04 3.218504556383793382e-04 4.368437151167579293e-04 2.738242584099861467e-03 2.424940959884776368e-04 7.367210476600092629e-04 4.804883613628578749e-03 1.352199957839798211e-02 1.007608505514328602e-02 1.015303063697469126e-03 7.428618333108527637e-04 5.890545635930706384e-04 1.594222188792872460e-04 nan nan nan nan nan nan
nan nan nan nan nan nan nan nan 7.382303486443359333e-04 1.389665876089581087e-03 3.961535651588409500e-04 2.914658113491767834e-04 4.472861164628986509e-04 8.462403487744193410e-04 6.252291414027317954e-04 1.529836143749305558e-03 1.189462416580998674e-02 9.275284909232969690e-04 1.075084923994458659e-03 2.811794043044778951e-03 5.542978624036775867e-04 1.278517730010806047e-04 7.549491679223046267e-04 2.992606265787785312e-04 nan nan nan nan
nan nan nan nan nan nan nan nan nan 4.271772621659598868e-03 3.439729020060850427e-03 3.856499936225071964e-04 7.173432273551867667e-05 1.831314986123620976e-04 1.092013263543866169e-03 1.405467489150397575e-03 1.143490854154924352e-03 1.528887650405406223e-02 4.316591541053977493e-04 2.599416273745681731e-03 1.615008791160924342e-03 8.342620693882038443e-04 7.477654306386311532e-04 1.011716106192458000e-03 nan nan nan nan
nan nan nan nan nan nan nan nan nan nan 1.322765677744586546e-02 4.687382291790084501e-05 1.783451158621950222e-05 5.995680991833180287e-05 8.258942815807203061e-04 3.958776615700316040e-04 7.566014986314093579e-04 2.866610843519316366e-03 1.126114295889734697e-02 1.030622187184189117e-02 4.102322973967719236e-03 1.015130683634322945e-04 3.355428813324889785e-03 2.350302884649259089e-03 1.903302295273580271e-03 6.370096699896763814e-04 nan nan
nan nan nan nan nan nan nan nan nan nan nan nan 6.106442325195808769e-04 5.840947869793653944e-06 2.170080436747418083e-04 2.955562570464044937e-04 2.806521513460272319e-04 9.951059992105854013e-04 1.697007547177191520e-03 7.833536422795084201e-04 9.727958325886106386e-03 4.678004974394664277e-03 8.426757626218794699e-04 2.654122767649627970e-03 3.388474936129462836e-04 2.801361488146237124e-04 nan nan
nan nan nan nan nan nan nan nan nan nan nan nan nan 1.378410937896330801e-04 1.789176009231996909e-04 1.855694240016350941e-03 2.827868995161004258e-04 3.945258352585816544e-03 5.034296443460629933e-03 1.008612831852627673e-03 2.773569430179053438e-03 1.912383060248563221e-03 5.334369439763847779e-04 5.744042823947516103e-04 6.165355295523621167e-04 1.339628533789668325e-04 nan nan
nan nan nan nan nan nan nan nan nan nan nan nan nan nan nan 2.075036412997613260e-03 1.139622241522388318e-03 8.072567677471528640e-04 3.310813292082345223e-05 6.424010851357504423e-03 4.164895806343202334e-03 4.265589545451180936e-03 6.249633402378144574e-04 2.130257247740073719e-04 1.317653937200026796e-03 1.017622688977916964e-03 nan nan
nan nan nan nan nan nan nan nan nan nan nan nan nan nan nan nan nan 4.117535758721760190e-03 2.639310755319224881e-03 4.475110100291328978e-04 1.286643270281312250e-02 1.136899526576254848e-03 4.319492603129407825e-03 1.522161961797740583e-03 5.658506451162164264e-04 2.417980048128303555e-04 3.980915504988094544e-04 nan
nan nan nan nan nan nan nan nan nan nan nan nan nan nan nan nan nan nan nan nan 2.902528808382250167e-03 nan nan 3.095424982673623295e-03 1.698845400958970495e-03 2.001902144597606523e-04 nan nan
