nan nan nan 2.159920678484592742e-04 3.583776569548612263e-04 nan nan nan nan nan nan nan nan nan nan nan nan nan nan nan nan nan nan nan nan nan nan nan
nan nan nan 4.585546662624101662e-03 2.210053445665851463e-03 3.620890207590883158e-03 9.768366390205784899e-03 nan nan nan nan nan nan nan nan nan nan nan nan nan nan nan nan nan nan nan nan nan
nan nan 3.380592195301112060e-03 6.372092223633108767e-03 4.588249945471101232e-04 2.173610641683042070e-03 1.157718252210285497e-03 1.218753844246545266e-02 nan nan nan nan nan nan nan nan nan nan nan nan nan nan nan nan nan nan nan nan
nan 3.181620916872504915e-04 4.349766393936752712e-03 3.109913461062376386e-03 1.325838653709109170e-04 1.937741688517926903e-03 4.320315432104585539e-03 1.309214988875185030e-03 2.983855027552332478e-03 nan nan nan nan nan nan nan nan nan nan nan nan nan nan nan nan nan nan nan
nan 1.289507907239986588e-02 4.809959463587734976e-03 1.440036721153970314e-03 1.288999152057397103e-02 1.823844833505263970e-03 4.593551002231410774e-03 1.606304955339217478e-03 2.242570815426446137e-03 2.016120449932160691e-02 nan nan nan nan nan nan nan nan nan nan nan nan nan nan nan nan nan nan
2.094432407115052325e-02 1.544544805870096257e-03 4.760892373778184694e-03 4.023416078675822079e-03 3.464602916674748047e-03 7.007236391038262771e-04 1.713218251250744895e-03 5.643259066719643127e-03 5.147659768361024721e-03 nan nan nan nan nan nan nan nan nan nan nan nan nan nan nan nan nan nan nan
3.286283319756577205e-03 1.345754764497370838e-02 4.941418427506825452e-03 4.384036449865287392e-03 4.732797951282572205e-03 3.663581085006104542e-03 4.007983299270681705e-03 2.546652246684944637e-02 2.747675840382412735e-03 nan nan nan nan nan nan nan nan nan nan nan nan nan nan nan nan nan nan nan
2.891984534613919219e-04 7.688818650969033927e-03 2.150045879164029505e-03 3.586622509647023182e-03 5.225742002372170403e-03 2.660292069635642603e-03 1.367183605957159780e-03 2.182617523119721042e-02 2.220329735447483781e-03 nan nan nan nan nan nan nan nan nan nan nan nan nan nan nan nan nan nan nan
nan 1.124554447773867729e-03 2.345574434590486004e-03 5.140145187157328308e-03 4.554914894654907634e-03 3.793032814372043326e-03 6.685401255290879252e-03 1.674657960768632589e-02 8.335180833465435316e-04 2.357660940389436077e-02 nan nan nan nan nan nan nan nan nan nan nan nan nan nan nan nan nan nan
nan 8.603536970452799020e-04 8.274616902544855521e-04 2.128508283719842201e-03 4.681349789915615137e-03 1.560502484879652558e-03 6.089664245851686072e-03 2.785517366232652652e-03 3.200293749479484005e-03 5.266864481022231169e-03 nan nan nan nan nan nan nan nan nan nan nan nan nan nan nan nan nan nan
nan 1.554195274666299656e-03 2.479844640938372834e-04 5.770506834675359978e-04 2.106928826114683217e-04 3.385837883545336118e-04 7.621842105589657227e-04 5.962594789877882599e-04 1.570545835654523403e-04 4.301476477911228211e-03 nan nan nan nan nan nan nan nan nan nan nan nan nan nan nan nan nan nan
nan nan 4.065435507807663596e-04 1.108687428904970695e-03 1.365762147315307705e-03 1.930142276707265750e-03 1.528403433530301728e-03 6.675683401962278531e-03 2.019585370081871788e-03 7.551272362179324224e-03 nan nan nan nan nan nan nan nan nan nan nan nan nan nan nan nan nan nan
nan nan 4.814720346379511859e-04 1.025326902305105431e-03 5.525302959669441735e-04 nan 2.148160555779050906e-03 1.556814200480734732e-02 2.368030623729464046e-03 1.769786035845787725e-02 nan nan nan nan nan nan nan nan nan nan nan nan nan nan nan nan nan nan
nan nan nan nan nan nan 2.758303550353349842e-03 1.131394244112864447e-03 2.758062219566237080e-03 1.954374403257949644e-03 nan nan 4.576957303253803566e-03 nan nan nan nan nan nan nan nan nan nan nan nan nan nan nan
nan nan nan nan nan 3.911615922986140872e-03 2.333653832039930321e-04 9.327093464187188963e-04 6.655853721216225399e-03 2.533175815297597153e-03 nan nan nan nan nan nan nan nan nan nan nan nan nan nan nan nan nan nan
nan nan nan nan nan 1.641779261054087963e-03 6.618602570701050125e-04 4.467338862896389493e-04 2.060363263449454694e-05 1.657678795478402869e-03 3.940639951715088803e-03 nan nan nan nan nan nan nan nan nan nan nan nan nan nan nan nan nan
nan nan nan nan nan 1.569305735526785263e-04 8.987753978885133560e-04 5.594101284401425131e-04 1.188204643057381754e-04 4.845265206201449654e-03 6.896352299908435016e-04 3.098313806605880612e-04 nan 1.791956494885143213e-03 nan nan nan nan nan nan nan nan nan nan nan nan nan nan
nan nan nan nan nan 6.650230373588054402e-05 5.549463277433201768e-05 8.152239096320905822e-04 4.708098593549273720e-04 8.976873793277820616e-04 4.057043136443793524e-03 2.017543125195353851e-02 6.572395162856634184e-04 5.080773876047491944e-04 3.362016445454375324e-04 nan nan nan nan nan nan nan nan nan nan nan nan nan
nan nan nan nan nan 4.043182583767184098e-03 1.671075544298021966e-04 3.534539552732537075e-05 5.937699309790714759e-05 2.262616317683966382e-04 6.289182828859553407e-04 7.462948820904348414e-05 1.584266982246485683e-02 4.863593396781473385e-03 6.746193665911918644e-04 7.056315592182782048e-04 3.764832783142207299e-04 nan nan nan nan nan nan nan nan nan nan nan
nan nan nan nan nan nan 7.787732828741386832e-05 7.503652659899554737e-05 1.816243456952243710e-06 1.232911973805739714e-04 2.034939389343644062e-04 3.102919382697589537e-04 1.617524671394972129e-03 3.361515282520776554e-03 3.780726848403386051e-03 2.984098302871511748e-04 8.675225406047470771e-04 6.733165059192870163e-04 nan nan nan nan nan nan nan nan nan nan
nan nan nan nan nan nan nan 2.248227207376349757e-04 6.595563941372573080e-05 3.501965463842438583e-05 4.110248443483918094e-05 3.925462690425377248e-04 7.799024138154028035e-04 1.874437223423676164e-04 2.955231033967855442e-03 7.751316786957806494e-03 1.784604503442306796e-04 6.706293652999405306e-04 6.761337558764103856e-04 nan nan nan nan nan nan nan nan nan
nan nan nan nan nan nan nan 1.059295031515348356e-04 2.116642495528853803e-04 2.753593336844803062e-04 9.001914650268741597e-05 4.765576849099680532e-04 1.164235500368243159e-03 7.529410764569922400e-04 1.570418536907542805e-03 4.950857434435859163e-03 1.013998079917943773e-02 9.728928931331617264e-03 8.711776175747104438e-04 6.519617271692617093e-04 4.554997922580249149e-04 3.034595868314338791e-04 3.579411693599148393e-04 nan nan nan nan nan
nan nan nan nan nan nan nan nan 4.848439557650239748e-04 3.414408554417098021e-04 1.765549890460485288e-04 1.067240166952350281e-04 7.391774582540640770e-04 1.581984387351006126e-03 1.724671612839648489e-03 1.678768174254806518e-03 1.018384872564845681e-02 1.473828439648145524e-03 8.576232207550703226e-04 3.590026167487272383e-03 1.098266128151403637e-03 3.628446544986062695e-04 4.679938869190120726e-04 3.544057730048569754e-04 nan nan nan nan
nan nan nan nan nan nan nan nan nan 3.099034536387896416e-03 5.867605889046704007e-03 3.803857247574776767e-04 9.462736889936575353e-05 2.244367854200881836e-04 1.999094179605148333e-03 1.337585616245854118e-03 7.177692197503403662e-03 1.113195974136556472e-02 1.599514094661050388e-04 2.424611274540235291e-03 1.283083194680753906e-03 6.683218702361935857e-04 1.991560290274152934e-04 1.577966665551484675e-03 nan 8.942039395982264707e-04 nan nan
nan nan nan nan nan nan nan nan nan nan 1.094815350705342222e-02 6.422767912979872058e-04 4.518658008393285113e-05 2.895306251893692154e-04 5.049125234541973527e-04 5.897647712141440872e-04 6.453407114171181387e-04 3.937369472882766390e-03 8.409472472160908763e-03 1.258301932212879670e-02 3.215601681783441558e-03 2.448557928342309786e-04 3.109071397360983237e-03 2.701386728834761705e-03 1.581226605756608748e-03 1.155872066031775162e-03 nan nan
nan nan nan nan nan nan nan nan nan nan nan nan 8.141929400965811341e-04 9.909108596665465647e-05 1.010754697462631181e-04 1.363029345232000299e-03 4.578564532287261171e-04 3.551753739255434153e-04 1.033357787624594824e-03 3.070592022921516057e-04 4.838287863785078330e-03 4.247209475721913305e-03 5.176701510389775714e-04 3.282514453906805636e-03 5.767086729532796847e-04 2.032567648385763634e-04 nan nan
nan nan nan nan nan nan nan nan nan nan nan nan nan 1.155208352451132586e-04 2.624582788806106349e-04 7.813839936652130147e-05 9.205817446419014855e-04 8.260929403938317012e-03 5.213653475730356535e-03 3.362497114141165260e-04 7.849184650829494833e-03 1.108689844944096836e-03 2.203049786765378108e-04 8.035123458579778236e-04 5.139651343899337681e-04 2.649945486883923599e-04 nan nan
nan nan nan nan nan nan nan nan nan nan nan nan nan nan nan 1.533743371536899509e-03 1.455265074536954157e-03 3.973698238415752102e-04 6.125947219225324385e-04 4.932489686036760357e-03 2.652381204002678778e-04 1.012885030436192022e-03 3.479649910249927864e-04 1.641392656458772251e-04 1.319067512428552871e-03 8.781419583890033922e-04 nan nan
nan nan nan nan nan nan nan nan nan nan nan nan nan nan nan nan nan 7.861934167746813945e-03 6.614962321794341446e-03 2.240513680806501418e-03 4.873542710587810620e-03 1.316753125083569087e-03 2.564303823817375844e-03 1.700104223094047818e-03 2.102251479236789218e-04 4.463493489665800980e-04 3.317136904357581269e-04 nan
nan nan nan nan nan nan nan nan nan nan nan nan nan nan nan nan nan nan nan nan 3.142904235801704735e-03 nan nan 3.155243795418271897e-03 7.531125164487400105e-04 1.177174613698022510e-04 nan nan
