nan nan nan 1.971759953105355068e-03 5.092455581827973676e-04 nan nan nan nan nan nan nan nan nan nan nan nan nan nan nan nan nan nan nan nan nan nan nan
nan nan nan 5.531023243318295562e-03 1.621297078849269187e-03 4.756297510730133141e-03 8.827446733968659365e-03 nan nan nan nan nan nan nan nan nan nan nan nan nan nan nan nan nan nan nan nan nan
nan nan 2.155780565015102349e-03 3.897867601828209402e-03 7.511540939909540967e-04 1.509872493091744729e-03 1.353405014389868436e-03 2.424288155644827719e-02 nan nan nan nan nan nan nan nan nan nan nan nan nan nan nan nan nan nan nan nan
nan 3.031613866188029999e-03 8.489128939599806462e-04 2.886102164254286152e-03 2.659130433951170896e-04 1.154098024088593202e-03 3.194833786975753015e-03 5.872888729338600518e-03 7.337048150616254372e-03 nan nan nan nan nan nan nan nan nan nan nan nan nan nan nan nan nan nan nan
nan 2.528425449925506517e-03 5.666494094334983619e-03 3.826958663477956699e-03 2.787041995476967435e-03 3.115374975039291242e-03 5.751847533575969902e-03 3.004809962244926747e-03 4.532986566444513823e-03 2.636288617791772426e-02 nan nan nan nan nan nan nan nan nan nan nan nan nan nan nan nan nan nan
2.150200981739278788e-02 9.295926376522302415e-03 7.485108531011148980e-03 3.026192205739431599e-03 2.535630716939617571e-03 9.132895840443362723e-03 4.048798717778124417e-03 4.451610521534208990e-03 1.366019683871465967e-02 nan nan nan nan nan nan nan nan nan nan nan nan nan nan nan nan nan nan nan
4.793354959067594977e-03 1.806455176951760749e-02 3.173130984563951769e-03 7.483755973220674977e-03 3.939643567221940042e-03 5.004724762048030906e-03 5.663760611988647581e-03 1.908080821657663628e-02 1.218978119344559657e-02 nan nan nan nan nan nan nan nan nan nan nan nan nan nan nan nan nan nan nan
3.328659650136538443e-04 4.400004166298533866e-03 1.406937827069727840e-03 5.003758291816713666e-03 4.300753307350588597e-03 2.688182395176566715e-03 1.044722100792373895e-03 2.081683282764725321e-02 2.404419912796623530e-03 nan nan nan nan nan nan nan nan nan nan nan nan nan nan nan nan nan nan nan
nan 8.228467264955708575e-04 1.302260526212327364e-03 5.609661904486669751e-03 7.971217549057361268e-03 4.285410075266248009e-03 1.139262020161700521e-02 7.458095333490965401e-03 2.649335452311217618e-03 2.872736258602846815e-02 nan nan nan nan nan nan nan nan nan nan nan nan nan nan nan nan nan nan
nan 3.107253058692127472e-04 1.947555529395120309e-03 7.093212616877661580e-03 7.794049929719422051e-03 4.756224765238280597e-03 9.065067205310741935e-03 2.560902210611196335e-03 1.130743367761211614e-02 8.846139845433122206e-03 nan nan nan nan nan nan nan nan nan nan nan nan nan nan nan nan nan nan
nan 1.181193214892707231e-03 2.319733437557578912e-04 7.882571192420078949e-05 3.457131262073814614e-05 1.207011661492342043e-03 6.555349327796968417e-04 2.380504372609274465e-03 1.017580091817068839e-03 7.182748351905164814e-03 nan nan nan nan nan nan nan nan nan nan nan nan nan nan nan nan nan nan
nan nan 6.089264044452072280e-04 1.391757466899583209e-03 2.314719046969538306e-03 4.583117667388207465e-03 6.055087002128351110e-03 4.777964504437222024e-03 1.760685514917290344e-03 9.253018656055066182e-03 nan nan nan nan nan nan nan nan nan nan nan nan nan nan nan nan nan nan
nan nan 1.774601466403232007e-04 7.562922112512355686e-04 2.492315658127714807e-03 nan 3.207944850056552825e-03 3.407474641770771688e-03 4.599142340416336253e-03 1.603242063257583755e-02 nan nan nan nan nan nan nan nan nan nan nan nan nan nan nan nan nan nan
nan nan nan nan nan nan 2.695118189081394458e-03 1.957845000610562540e-03 6.754077701830443412e-03 3.116322035610767302e-03 nan nan 9.115441044831066111e-03 nan nan nan nan nan nan nan nan nan nan nan nan nan nan nan
nan nan nan nan nan 5.203369368307984161e-03 2.334048265222537534e-03 2.114860094591032580e-03 5.150435930279088220e-03 1.848033019936286140e-03 nan nan nan nan nan nan nan nan nan nan nan nan nan nan nan nan nan nan
nan nan nan nan nan 6.383014293023951680e-03 1.979831625629543002e-04 1.522149379866168345e-04 9.211126728322826997e-04 7.341390317294684172e-03 1.074759237462646986e-04 nan nan nan nan nan nan nan nan nan nan nan nan nan nan nan nan nan
nan nan nan nan nan 1.990883523178674577e-03 2.556674375585460401e-04 9.127034375429853019e-04 4.316090627759103454e-04 6.613235832972528053e-03 2.137123591371855290e-04 2.350278604623565431e-04 nan 1.880823974165192415e-04 nan nan nan nan nan nan nan nan nan nan nan nan nan nan
nan nan nan nan nan 8.226037510444415748e-04 2.003334431415305450e-04 4.529929247338872179e-04 3.791713331363532257e-04 4.127762210014419147e-03 4.489341671114931848e-03 1.840744290764152052e-02 2.815431247998577153e-04 4.804812021652143071e-04 1.244078770004148249e-04 nan nan nan nan nan nan nan nan nan nan nan nan nan
nan nan nan nan nan 8.407130851840942040e-03 6.380026984321865782e-04 1.474119066669321945e-04 6.299163235004078627e-05 1.239658305469042241e-04 1.475082399339115334e-03 2.280578863102703901e-04 1.205229974886822507e-02 4.307803191066477549e-03 7.275542529370490662e-05 1.510860692485150675e-05 1.931240261396043728e-04 nan nan nan nan nan nan nan nan nan nan nan
nan nan nan nan nan nan 1.371475202654736265e-05 2.059833512850090529e-04 8.543723224395833324e-05 8.194042767141632513e-05 1.763512787055854854e-04 5.014832970708868205e-04 4.001785643990304550e-03 1.085723277874518127e-03 2.155881591960178041e-03 5.333191764513219859e-05 8.339212538982743129e-04 4.896212481076754434e-04 nan nan nan nan nan nan nan nan nan nan
nan nan nan nan nan nan nan 8.553664973121098778e-05 1.215647509680468116e-04 1.318460187112572050e-05 2.174355041455333247e-04 2.278292769227939496e-03 1.587272809369381877e-03 1.746423452077252355e-03 3.535163303798220108e-03 7.627403389571488397e-03 2.125771602674594136e-04 8.076652281688505124e-04 1.031160937251185232e-03 nan nan 4.356407473518460546e-05 nan nan nan nan nan nan
nan nan nan nan nan nan nan 6.343956900394171535e-05 2.692878833447737369e-04 3.895258675936026410e-04 1.037082516663660682e-04 6.893146053904373322e-04 2.627595881877720085e-03 4.004834610024888219e-04 1.995409944111288351e-03 4.146748862338775488e-03 8.305754640636578770e-03 1.142584858381762505e-02 1.192405641631222443e-03 8.226985759770938898e-04 5.989952365852728097e-04 3.178464199175177964e-04 6.930610833942682947e-05 nan nan nan nan nan
nan nan nan nan nan nan nan nan 1.251469902042906578e-03 7.036590623885155028e-04 4.288814726402994998e-04 1.108874151725906397e-04 4.961321215208121162e-04 1.474048678051384075e-03 1.099383925108578068e-03 3.085152245664286082e-03 8.275961827324655046e-03 7.502386476311535346e-04 9.829583065673829466e-04 3.391979704331812319e-03 4.986402214735473565e-04 3.185921042081940233e-04 4.675558727099796727e-05 5.375532966094449805e-04 nan nan nan nan
nan nan nan nan nan nan nan nan nan 2.863728791330510080e-03 2.865061076380675999e-03 2.438013783421429668e-04 1.572513925920786270e-04 5.362594923252728650e-04 2.065983128073285019e-03 2.498997714465360336e-03 1.413977477224214862e-03 1.140880376904790036e-02 2.425683592718534502e-04 3.399335660748239833e-03 1.891439263184861675e-03 5.099682131609953317e-04 5.741242252115857838e-04 1.072038239297695142e-03 nan 3.595443580012188918e-04 5.474023826021486949e-05 nan
nan nan nan nan nan nan nan nan nan nan 9.877769335871768551e-04 7.825528959530555053e-04 7.970267607504448936e-05 1.542995771853228801e-05 3.905553506686594784e-04 6.852618352919582654e-04 2.042094306281330533e-03 4.602576880323327839e-03 6.215016428040428913e-03 1.287542785110473015e-02 3.428731653390344400e-03 8.220329684468369313e-05 5.276661588418917956e-03 2.824348616075825734e-03 1.083437645165748111e-03 1.043423759558785363e-03 nan nan
nan nan nan nan nan nan nan nan nan nan nan nan 7.399254810548531796e-04 1.539732060859110973e-04 3.074124785759474975e-04 3.207288740848548286e-03 1.506447375785758581e-03 1.280839124530957140e-03 1.670998970630374180e-03 9.552048661240252272e-04 4.001119934095005368e-03 3.085261073332116154e-03 4.168486162832516894e-04 1.716056483655845717e-03 2.954020376396000432e-04 3.751203424623761112e-04 nan nan
nan nan nan nan nan nan nan nan nan nan nan nan nan 1.416750298079054535e-04 2.306425321880615283e-04 6.590681562448203173e-04 4.866042576204021889e-04 2.461743330624302853e-03 1.311826020226388367e-03 1.544253113503940610e-03 1.581233915555867262e-03 4.174401252780312092e-04 2.853618695196480501e-04 6.781646386787589485e-04 1.210841645933093298e-03 5.566892327005021736e-04 nan nan
nan nan nan nan nan nan nan nan nan nan nan nan nan nan nan 3.397934542475221451e-03 8.965547157348235496e-04 5.925755228785723871e-04 2.436338264974662569e-03 2.278200230725517007e-03 1.164308562685133913e-03 2.796104239562017570e-03 1.392573776963980164e-03 1.016237932478529960e-04 2.107340951052863280e-03 1.770310422145222624e-03 nan nan
nan nan nan nan nan nan nan nan nan nan nan nan nan nan nan nan nan 2.130839493825507219e-02 2.445778454524396781e-02 4.435990136747676449e-03 9.489365537962953304e-03 2.098310852446098451e-03 1.838909771463154109e-03 2.251532803392236951e-03 1.227979750347924556e-03 8.703695738225959537e-04 3.562240996257631884e-04 nan
nan nan nan nan nan nan nan nan nan nan nan nan nan nan nan nan nan nan nan nan 1.828420330792433464e-03 nan nan 5.843785268949125552e-04 3.216602630414155061e-04 8.826446256173634442e-05 nan nan
