nan nan nan 2.793994786324503071e-03 7.009043783152806018e-04 nan nan nan nan nan nan nan nan nan nan nan nan nan nan nan nan nan nan nan nan nan nan nan
nan nan nan 5.788072075903239215e-04 6.697009211683493946e-03 2.225230519998418807e-03 1.199087440412842549e-02 nan nan nan nan nan nan nan nan nan nan nan nan nan nan nan nan nan nan nan nan nan
nan nan 4.745381330736968099e-03 1.042804558471407267e-02 2.827281354325650049e-03 1.264195368845772360e-03 2.693312639241588705e-03 2.275840485973648977e-02 nan nan nan nan nan nan nan nan nan nan nan nan nan nan nan nan nan nan nan nan
nan 3.385296669576053769e-03 2.531569003161641528e-03 3.785395808309761998e-03 1.972140920989861462e-03 8.354381161271689496e-04 8.204409866725605530e-03 1.080737476272033981e-02 7.630037734711603292e-03 nan nan nan nan nan nan nan nan nan nan nan nan nan nan nan nan nan nan nan
nan 5.744393776614333154e-03 2.861484232210107989e-03 2.456773485665207906e-03 5.645927942872066251e-03 4.645108490454721330e-03 3.047616432879786657e-03 6.395189961340682315e-03 6.029280562090078184e-03 2.033426877811228897e-02 nan nan nan nan nan nan nan nan nan nan nan nan nan nan nan nan nan nan
6.173853439412364981e-03 3.969602161350193649e-03 1.656526113200684248e-03 2.074915246714936334e-03 2.354403055825228259e-03 2.078259838213354031e-03 1.794659656006763115e-03 4.916596017163239220e-03 1.936059963172073392e-02 nan nan nan nan nan nan nan nan nan nan nan nan nan nan nan nan nan nan nan
4.598728340131466238e-03 1.583830341418699175e-02 9.864267655566699364e-03 5.606736386393995110e-03 4.098286871266613139e-03 3.926962378330203958e-03 5.424695003325178018e-03 2.955759741895642653e-02 8.668973254160772246e-03 nan nan nan nan nan nan nan nan nan nan nan nan nan nan nan nan nan nan nan
2.277368012552283098e-03 9.484367203484462411e-03 2.203564924325135746e-02 5.153945720956096092e-03 1.582441442231237927e-03 1.583822416075189631e-03 5.799365695808535691e-03 1.895147701266061344e-02 4.053316936099437065e-03 nan nan nan nan nan nan nan nan nan nan nan nan nan nan nan nan nan nan nan
nan 4.402892753167852134e-03 5.899020175237921874e-03 5.916470754542383498e-03 6.283483374974747730e-03 3.375694333512289664e-03 1.417469144384842818e-02 1.286740633005594402e-02 4.171725549494017388e-03 2.187515707369125373e-02 nan nan nan nan nan nan nan nan nan nan nan nan nan nan nan nan nan nan
nan 8.918640051115123667e-04 1.548259464829328204e-03 5.679556731599301640e-03 7.608667030787065987e-03 5.385499397086050861e-03 2.417333215556426249e-03 4.139167191706327915e-03 1.918212408279094949e-02 7.633725824957852957e-03 nan nan nan nan nan nan nan nan nan nan nan nan nan nan nan nan nan nan
nan 1.480188750054950994e-03 2.605498123983924293e-04 1.228488734714564814e-03 5.241577018358723264e-04 2.843504135862477689e-03 1.616240763488678003e-03 2.385477882109833525e-03 3.508249561590796178e-03 5.912783942903490110e-03 nan nan nan nan nan nan nan nan nan nan nan nan nan nan nan nan nan nan
nan nan 7.342718107585456851e-04 2.202016698237700080e-03 3.048202697099210243e-03 2.160951821895156898e-03 7.915944063392200622e-03 1.142132037320450896e-03 7.061425830056938628e-03 8.919124775771362576e-03 nan nan nan nan nan nan nan nan nan nan nan nan nan nan nan nan nan nan
nan nan 5.156360780095308903e-04 2.197740649172796954e-04 7.860666933156857652e-04 nan 2.435637703401623885e-03 1.937779431431110172e-03 3.163753867843181050e-03 1.903771753635083788e-02 nan nan nan nan nan nan nan nan nan nan nan nan nan nan nan nan nan nan
nan nan nan nan nan nan 2.192782514268033865e-03 3.837436963849067458e-03 9.220972650811414331e-03 1.448888935434801623e-03 nan nan 8.055697638950358452e-03 nan nan nan nan nan nan nan nan nan nan nan nan nan nan nan
nan nan nan nan nan 5.527489218839398873e-03 1.235486747540836356e-03 2.882850533482178308e-03 6.128968811802568140e-03 3.860674556363340084e-03 nan nan nan nan nan nan nan nan nan nan nan nan nan nan nan nan nan nan
nan nan nan nan nan 3.066527721686286567e-03 1.042820723203304853e-04 2.144173535576789601e-04 5.798921078604193100e-04 4.919108766586329298e-03 5.034146754008024397e-04 nan nan nan nan nan nan nan nan nan nan nan nan nan nan nan nan nan
nan nan nan nan nan 1.939666483697683299e-03 4.537625845800017797e-04 1.727198082221151213e-03 2.392449850069929918e-04 8.660567404639779240e-03 1.509857026713308514e-03 3.375682745647408747e-05 nan 2.266818939490519160e-04 nan nan nan nan nan nan nan nan nan nan nan nan nan nan
nan nan nan nan nan 1.068439533295609300e-03 1.772895473639980290e-04 7.817506038041132635e-04 2.738147278848237489e-04 3.252994745276886583e-04 5.255993700591488939e-03 2.577827978538622944e-02 4.230687442421724701e-04 7.962266043595433431e-04 7.229696948526676556e-05 nan nan nan nan nan nan nan nan nan nan nan nan nan
nan nan nan nan nan 1.254718478845027498e-02 1.832950835600653415e-03 4.266715078924686907e-04 4.524726821291736624e-05 2.290585670039175603e-04 3.394801406155542167e-05 2.607798003042435483e-04 2.010214603416979329e-02 5.917979147484919537e-03 1.629050439711717012e-04 1.983385081573233193e-05 1.166132889944960886e-04 nan nan nan nan nan nan nan nan nan nan nan
nan nan nan nan nan nan 4.473239821555177216e-05 6.603948796746412012e-05 1.612667157881776962e-04 9.270390454301173763e-05 1.691332402408213720e-04 2.906761810302430625e-04 9.538387602759512826e-04 4.216667061338635891e-03 4.340609593268991706e-03 1.545011829550097069e-04 7.239533480626579587e-04 7.156760883882673507e-04 nan nan nan nan nan nan nan nan nan nan
nan nan nan nan nan nan nan 1.980779430539090060e-04 1.658667176754571491e-04 7.798269280653749407e-05 2.827983771582264557e-05 5.398849349002653002e-04 6.346149092391207679e-04 2.460482547655525802e-04 4.102954130354222011e-03 6.877875068184945845e-03 2.797277804364561968e-04 7.188808339593754900e-04 7.846142464345574321e-04 nan nan nan nan nan nan nan nan nan
nan nan nan nan nan nan nan 7.498932040406892767e-05 5.530294188424387256e-04 1.526668489321907443e-04 8.596124871686288652e-05 3.754724454800898955e-04 1.552218427130497595e-03 2.139970428843636265e-04 5.535280788087768499e-04 7.345528768354511566e-03 9.777615908170353073e-03 1.094111185420851111e-02 1.225590552539947099e-03 7.767165290763917420e-04 8.066261874456240842e-04 5.320469531325838124e-04 nan nan nan nan nan nan
nan nan nan nan nan nan nan nan 1.111247196509130251e-03 8.574327667587582243e-05 1.076255610302707569e-04 2.497398264648465534e-04 9.973430554204372369e-05 1.235740196450524396e-03 1.554371804402151364e-03 1.256157374149324303e-03 7.571631221057767251e-03 4.762459730756613669e-04 8.841005184395748758e-04 3.440363369405697539e-03 7.942973831093692221e-04 2.908412509126707024e-04 5.562312205451139854e-04 8.384785355215126912e-04 nan nan nan nan
nan nan nan nan nan nan nan nan nan 1.218535298370920393e-03 2.447820654759953144e-04 2.691171956319747907e-04 9.954603055907427199e-05 4.418443869325852495e-04 6.358778534757327655e-04 1.142982744676882510e-03 2.276078920319723597e-03 9.064881645230130069e-03 2.944075485387714821e-04 3.054101047723984958e-03 1.833728247143237263e-03 1.489888109437389682e-03 7.551943431805032683e-04 3.580998604670668087e-04 nan nan nan nan
nan nan nan nan nan nan nan nan nan nan 3.734980002967529591e-03 4.192391412604452514e-05 1.147460667408364111e-04 3.622001227479942453e-04 1.021463252868823335e-03 4.133631375761480983e-04 1.613915311046957559e-03 5.183063937157836700e-04 6.681817280033028501e-03 1.130773297175770818e-02 4.138644520619649304e-03 8.876633394397490020e-05 2.971366084313319805e-03 2.135939558295014279e-03 1.304117597723719298e-03 5.699125502844832377e-04 nan nan
nan nan nan nan nan nan nan nan nan nan nan nan 2.868355443963929697e-04 2.501187299444370543e-04 1.763371316617906982e-04 1.657638258820024130e-03 7.699458392084933484e-04 3.142646958674427411e-04 7.009776959831307865e-03 6.252342306798138035e-04 5.916489882413687729e-03 4.882541619051551131e-03 3.311068503834660210e-04 1.792693518811067825e-03 2.704845978546904848e-04 1.490378212143007202e-04 nan nan
nan nan nan nan nan nan nan nan nan nan nan nan nan 2.663968792881036608e-04 6.566113353002451484e-05 6.651119782642749478e-04 2.305981388470780579e-04 2.303781833276497253e-03 1.994502257660212604e-03 5.624135373391480003e-04 6.846145950669961684e-03 3.086455079150351305e-03 5.614655124816582714e-04 1.129437990875903309e-03 5.222738329845135787e-04 2.812077250125858351e-04 nan nan
nan nan nan nan nan nan nan nan nan nan nan nan nan nan nan 1.762547808068664875e-03 1.183343808399535358e-03 3.384509600004853157e-04 2.741374081453872708e-03 1.079892187037166142e-02 2.030179293049386418e-03 3.575696600985535812e-03 1.187312739524632767e-03 3.925510425355359552e-04 1.995804541979033595e-03 1.378712362629481601e-03 nan nan
nan nan nan nan nan nan nan nan nan nan nan nan nan nan nan nan nan 1.818705531555192198e-02 1.583504956332472055e-02 3.700343907123094991e-03 6.476743146086313269e-03 1.636622849714605655e-04 3.924024457374006639e-03 6.909587403147051353e-03 4.335753522947212793e-03 1.432547588852627627e-03 5.752904268608774853e-04 nan
nan nan nan nan nan nan nan nan nan nan nan nan nan nan nan nan nan nan nan nan 1.719900141494718837e-03 nan nan 1.626126251902077413e-03 1.800119826286614199e-03 6.691715947757361296e-04 nan nan
