nan nan nan 1.191030082950952571e-03 6.105251848651056454e-04 nan nan nan nan nan nan nan nan nan nan nan nan nan nan nan nan nan nan nan nan nan nan nan
nan nan nan 1.309768340238438768e-03 1.700281031547177949e-03 5.344599766630951654e-03 1.584632680963227874e-02 nan nan nan nan nan nan nan nan nan nan nan nan nan nan nan nan nan nan nan nan nan
nan nan 1.194630079192893907e-02 1.657624450018253684e-03 8.238862320413995691e-04 1.490887976335424601e-03 2.660313897975451029e-03 3.708961324203562809e-02 nan nan nan nan nan nan nan nan nan nan nan nan nan nan nan nan nan nan nan nan
nan 1.677661201756110859e-02 6.552204214609993246e-04 6.961755848175407539e-03 1.541183029399436450e-03 5.175418004731954834e-04 6.398687479090120131e-03 1.265703930745682923e-02 2.327210882802711878e-02 nan nan nan nan nan nan nan nan nan nan nan nan nan nan nan nan nan nan nan
nan 1.537768183054193105e-02 4.551012766673777528e-03 4.104900943290863691e-03 2.330493658253947331e-03 1.378580361162066526e-03 7.385537757411061999e-03 7.311044793661029308e-03 8.712719466303890312e-03 2.553671876282920250e-02 nan nan nan nan nan nan nan nan nan nan nan nan nan nan nan nan nan nan
1.378411814760952848e-02 7.619644894698796890e-03 3.507622724481893918e-03 2.305233547539198291e-02 6.487370863709214508e-03 1.026610487439062270e-03 4.895638886650946139e-03 4.434806898973206110e-03 3.032611331359625489e-02 nan nan nan nan nan nan nan nan nan nan nan nan nan nan nan nan nan nan nan
4.246492391324612620e-04 2.617222505060849691e-02 8.717505990787279002e-03 7.863938590558635852e-03 8.549599876861895334e-03 5.148734196137722680e-03 2.791811971480864015e-03 3.340220111948023762e-02 1.865541474197286026e-02 nan nan nan nan nan nan nan nan nan nan nan nan nan nan nan nan nan nan nan
3.647169055408771557e-04 3.867982066624069820e-03 5.281434546787951503e-03 4.835663714355110249e-03 5.961416463155996825e-03 1.764710987879248086e-03 2.000720329678138190e-03 3.006290771832755004e-02 8.825929886629411969e-03 nan nan nan nan nan nan nan nan nan nan nan nan nan nan nan nan nan nan nan
nan 5.903163638796963576e-04 1.948875393683976781e-03 1.056314844168856210e-02 8.693715984801638971e-03 4.144465532449593918e-03 1.603326503856861152e-02 2.410111108883403186e-02 2.609689580507648134e-03 1.465839716359837799e-02 nan nan nan nan nan nan nan nan nan nan nan nan nan nan nan nan nan nan
nan 2.109943354080950082e-04 6.149948938150659071e-04 2.337210343595064015e-03 6.458118718114377529e-03 5.934711620262407908e-03 1.490654877139992044e-03 4.847064992710728611e-03 1.991427097598972087e-02 5.050220981816181537e-03 nan nan nan nan nan nan nan nan nan nan nan nan nan nan nan nan nan nan
nan 6.125184341336648280e-04 5.178854440987838356e-04 1.440662952419589698e-03 3.828434286384055927e-04 6.845786327527636494e-03 8.596363630748390244e-03 1.779720129892238545e-02 1.109418984817246365e-02 1.577194824949998582e-03 nan nan nan nan nan nan nan nan nan nan nan nan nan nan nan nan nan nan
nan nan 5.512806076856845627e-04 2.755230717109726640e-03 4.918205839821351497e-03 1.049127729879961116e-03 5.650693310826621421e-03 1.552245491436474861e-02 3.266703647554422552e-03 4.415647554706240985e-03 nan nan nan nan nan nan nan nan nan nan nan nan nan nan nan nan nan nan
nan nan 6.316147721642231469e-04 1.060673940852599213e-03 6.069312950529135321e-04 nan 2.126205171781241510e-03 2.919966515814613538e-04 1.955846860183919900e-02 1.801296984644757543e-02 nan nan nan nan nan nan nan nan nan nan nan nan nan nan nan nan nan nan
nan nan nan nan nan nan 9.953828213590605774e-04 7.822529726435597380e-03 6.508750852385950664e-03 2.777153708086534806e-03 nan nan 1.696582333759385705e-02 nan nan nan nan nan nan nan nan nan nan nan nan nan nan nan
nan nan nan nan nan 3.195725428087519814e-03 2.404433862533644425e-03 4.074059389766580656e-03 1.884396231504777142e-02 8.680357173417507441e-04 nan nan nan nan nan nan nan nan nan nan nan nan nan nan nan nan nan nan
nan nan nan nan nan 4.290196205802752905e-03 4.902869618195120982e-04 3.255590610273534228e-04 7.750852979571591455e-05 9.191946023041096259e-03 3.412444187908616339e-03 nan nan nan nan nan nan nan nan nan nan nan nan nan nan nan nan nan
nan nan nan nan nan 3.082753303041314841e-03 6.246039734139731750e-04 2.499182756174580383e-03 7.926061309343440490e-04 9.453952763091934969e-03 1.113543936257998471e-03 1.934703583532555466e-04 nan 2.319652046631251170e-04 nan nan nan nan nan nan nan nan nan nan nan nan nan nan
nan nan nan nan nan 3.032650374730030442e-03 1.593836111919042452e-04 1.156887822180393752e-03 1.419053769467773713e-04 8.932604579239741263e-04 9.364383907498838658e-03 2.521973149288193883e-02 3.103488354273241118e-04 7.406045286639645602e-04 1.133977388421931407e-04 nan nan nan nan nan nan nan nan nan nan nan nan nan
nan nan nan nan nan 1.944734991813799885e-02 1.267312525459624853e-03 6.375846168902052184e-04 1.384937827173228714e-04 7.271224473506663526e-04 1.413273183767674518e-04 1.210143634131760209e-04 2.193164189621070806e-02 5.290280661295426907e-03 2.280513596911566091e-04 4.566104936045832941e-05 8.559912421905906186e-05 nan nan nan nan nan nan nan nan nan nan nan
nan nan nan nan nan nan 1.717901730185779601e-04 1.457038596260294954e-04 1.439095348447663020e-04 5.759738323732601983e-05 1.593459705725558102e-04 1.973203104884897513e-04 7.690605438149624752e-04 5.897692335701480021e-03 3.217554659659754845e-03 5.792553613947193630e-04 2.480415407835631723e-04 3.082393961146142280e-04 nan nan nan nan nan nan nan nan nan nan
nan nan nan nan nan nan nan 3.185117411457138114e-04 2.211840660048252239e-04 1.172413842815692912e-04 1.392011728270478501e-04 4.398820107402372052e-04 3.180800941827616776e-04 5.250647737047753772e-04 7.152735182152304867e-03 7.179608421018758568e-03 1.104027275067316464e-04 1.084535359617119690e-03 4.714729734470876556e-04 nan nan nan nan nan nan nan nan nan
nan nan nan nan nan nan nan 2.605426611586664980e-04 5.435838157574449277e-04 1.387322315833451375e-04 1.031604797581927083e-04 1.790358172399647433e-04 1.135034521483376272e-03 2.243759187006200465e-04 2.480738513176540018e-03 8.556630511086474322e-03 7.824303160122246525e-03 1.160848953790361016e-02 1.369722429422467070e-03 1.016909305888122643e-03 5.269687852927695598e-04 7.143602192850955455e-04 nan nan nan nan nan nan
nan nan nan nan nan nan nan nan 2.951334398180999576e-04 6.280534716462853398e-04 1.085375088952042776e-04 5.232855007148792424e-04 2.898815161204863810e-04 5.074013124586817473e-04 7.181877681548495297e-04 1.773508069106188682e-03 7.739905909536002986e-03 1.801088725017807677e-03 7.286663155383265797e-04 3.276126956075342891e-03 8.834301760667916158e-04 2.715350901498850018e-04 4.058652923354840987e-04 9.475014160349090045e-04 nan nan nan nan
nan nan nan nan nan nan nan nan nan 5.427256338713984038e-03 8.106412570273351451e-04 2.527894730592481409e-04 2.277876521581769279e-04 1.471039094382673600e-04 1.076181223674818090e-03 5.310227417987987367e-04 3.521852639185556709e-03 1.101453229225363151e-02 6.761606900050245571e-04 3.247657166183414400e-03 2.200124503628410159e-03 1.634414051050840470e-03 9.570039142703064879e-04 2.142859107784397289e-03 nan 8.996521443054331883e-05 nan nan
nan nan nan nan nan nan nan nan nan nan 1.445164674402851356e-03 4.042071019872193029e-04 1.309026179881288927e-04 1.548435696259064967e-04 6.304567049954858679e-04 1.524812627945214608e-04 1.604677214084818549e-03 1.391262268792387968e-03 6.232456276674120180e-03 1.166475292615415556e-02 3.399167884996246239e-03 1.620389960678097585e-05 2.054704059127165049e-03 1.067304515104707408e-03 4.331596835203378954e-04 2.369847633810684342e-04 nan nan
nan nan nan nan nan nan nan nan nan nan nan nan 8.771459544975385896e-04 8.163984754356128884e-05 1.972325174454239160e-05 8.461964843265101181e-04 1.808088726509602491e-04 5.556799199997335169e-04 1.600516603612271022e-03 6.383048956383012822e-04 2.617093532128244270e-03 7.144889637727167703e-03 6.407746107816484444e-04 1.053442289275215464e-03 2.524258487371456921e-04 2.312872988927349403e-04 nan nan
nan nan nan nan nan nan nan nan nan nan nan nan nan 2.273995253958608059e-04 6.919953829471903878e-04 6.069629000054946712e-04 7.489027575053963746e-04 3.888904731951183576e-03 2.527331116248574851e-03 1.256871895474130293e-03 4.602158336872020153e-03 1.786258543636790302e-03 3.653783616162913084e-03 5.769501089202685399e-04 9.280564758692398664e-04 2.886631846457476773e-04 nan nan
nan nan nan nan nan nan nan nan nan nan nan nan nan nan nan 3.480549216862654886e-03 2.824214640493269337e-03 1.807438870320882823e-03 2.561124166182888757e-04 1.042937420917626565e-03 1.595538721231206129e-03 5.575157486867628534e-03 2.793219269833335360e-03 2.005061879036859184e-03 3.058919077636510289e-03 1.389122596994604806e-03 nan nan
nan nan nan nan nan nan nan nan nan nan nan nan nan nan nan nan nan 1.748043658565733363e-02 7.862291651930655711e-03 1.046484009746905322e-02 1.053661946539387675e-02 2.248032642170402860e-03 6.885969452446239793e-04 8.808392869864161562e-03 1.757017044139716445e-03 8.509310757929458959e-04 7.348990754109097339e-04 nan
nan nan nan nan nan nan nan nan nan nan nan nan nan nan nan nan nan nan nan nan 1.931027052235088849e-04 nan nan 4.216266642185440006e-03 7.828442529154552767e-04 3.369180499420311578e-04 nan nan
