nan nan nan 4.344267984318942941e-03 6.266021784277197313e-04 nan nan nan nan nan nan nan nan nan nan nan nan nan nan nan nan nan nan nan nan nan nan nan
nan nan nan 6.949393549185935875e-05 2.208625281817866437e-03 6.014878706347264944e-03 5.087327861053705762e-03 nan nan nan nan nan nan nan nan nan nan nan nan nan nan nan nan nan nan nan nan nan
nan nan 1.486701592069954343e-02 1.727556786923764316e-03 6.540567329240023001e-03 5.063425121628708711e-03 2.160883653534368168e-04 2.713475637567002580e-02 nan nan nan nan nan nan nan nan nan nan nan nan nan nan nan nan nan nan nan nan
nan 5.348412636823484008e-03 1.408295104838495904e-03 1.073486907132784746e-02 1.861763279880255390e-02 1.495800322732557296e-03 4.986433235425059840e-03 1.896618567563771937e-02 9.518318479342299798e-03 nan nan nan nan nan nan nan nan nan nan nan nan nan nan nan nan nan nan nan
nan 1.364353760108929147e-03 2.343556822182403868e-03 2.088667762444644180e-02 1.352087001525510528e-02 3.552891044420415124e-03 3.809505567312315103e-03 5.222793207277282024e-03 9.134224890177547809e-03 1.482422498623037731e-02 nan nan nan nan nan nan nan nan nan nan nan nan nan nan nan nan nan nan
1.022430396566004901e-02 6.378868831047987582e-03 3.468563571791846104e-03 6.726399638810509791e-03 5.055272455360476300e-05 7.624109223645782023e-03 6.295447310590390451e-04 9.760278463992142287e-03 2.678750808203722925e-02 nan nan nan nan nan nan nan nan nan nan nan nan nan nan nan nan nan nan nan
1.866253008558911618e-03 2.626211031647985097e-02 7.920022579221884518e-03 5.851874354947959878e-03 3.262784209752624901e-03 5.667864489484648015e-03 2.021867256452941023e-03 2.855010809555174472e-02 1.423799255254594789e-02 nan nan nan nan nan nan nan nan nan nan nan nan nan nan nan nan nan nan nan
3.865317272402921025e-03 7.407354078930016711e-03 3.243434869907731687e-04 2.005573076878106389e-03 3.320932684826225639e-03 1.545263303718983142e-02 8.478078195498955569e-03 4.239191655899780808e-02 1.453016160524874759e-03 nan nan nan nan nan nan nan nan nan nan nan nan nan nan nan nan nan nan nan
nan 6.521036836151353905e-03 1.333130640795408134e-03 2.938791580849945892e-03 1.930541741890533236e-02 4.755560615796523838e-03 8.048476956182215591e-03 3.003206940321566723e-02 3.752357868895118617e-03 1.932177764823111293e-02 nan nan nan nan nan nan nan nan nan nan nan nan nan nan nan nan nan nan
nan 1.758603325264424411e-03 6.877917637655016781e-04 3.968619840333519402e-03 7.508032049584287618e-03 4.560261662201948139e-03 4.462302073579125887e-03 4.412548416467283914e-03 1.304039027953544233e-02 5.196233101651003342e-03 nan nan nan nan nan nan nan nan nan nan nan nan nan nan nan nan nan nan
nan 1.060695045885811814e-04 9.792238811725994998e-04 1.893480912151432034e-04 4.374044538470006323e-04 2.373042205819780176e-03 1.093297164659045445e-02 4.863450143461057334e-03 1.476808087799167269e-03 2.847593980272009658e-03 nan nan nan nan nan nan nan nan nan nan nan nan nan nan nan nan nan nan
nan nan 4.580680411282404406e-05 5.046501867656281136e-03 1.357321041593980955e-03 5.349995450962867575e-05 1.484222689206331387e-02 6.655235494652686663e-03 2.864732850681981930e-04 6.898729563923145305e-03 nan nan nan nan nan nan nan nan nan nan nan nan nan nan nan nan nan nan
nan nan 6.195787935735090667e-04 3.159980815673322537e-05 5.612138042365744399e-04 nan 8.133785003591501809e-04 1.283145480743138570e-04 5.863292917792795739e-03 2.104537443811774558e-02 nan nan nan nan nan nan nan nan nan nan nan nan nan nan nan nan nan nan
nan nan nan nan nan nan 2.405660794653419025e-03 3.657903156804387292e-03 8.211480535463314481e-03 9.073226932886297499e-04 nan nan 1.083498517823124584e-02 nan nan nan nan nan nan nan nan nan nan nan nan nan nan nan
nan nan nan nan nan 3.841220636107630770e-03 6.080716480165958542e-04 1.093000311430824059e-03 3.413892944229349191e-03 9.854467247773267616e-04 nan nan nan nan nan nan nan nan nan nan nan nan nan nan nan nan nan nan
nan nan nan nan nan 2.771343818404018063e-03 1.069202782248748334e-05 9.605141791459197642e-05 2.016272075780444742e-04 1.056824714096946810e-02 1.631737257957785415e-03 nan nan nan nan nan nan nan nan nan nan nan nan nan nan nan nan nan
nan nan nan nan nan 1.479427228570824116e-03 1.036423357772783913e-03 1.069285156486521121e-03 5.728907879124483377e-04 1.231292579539121704e-02 3.185260620193195499e-04 4.648313065273659579e-04 nan 1.927809402519295456e-04 nan nan nan nan nan nan nan nan nan nan nan nan nan nan
nan nan nan nan nan 1.566438821185934215e-03 1.206358421490173776e-04 2.116928088981192332e-03 7.400414555937036981e-04 2.684707094550556773e-03 1.567278758544052297e-02 2.604524157290595554e-02 3.263149037240162687e-04 2.877072076920823385e-04 1.187809664253536410e-04 nan nan nan nan nan nan nan nan nan nan nan nan nan
nan nan nan nan nan 1.495203249353288695e-02 3.362053427326839108e-03 6.462751048335004704e-04 5.371943296006363283e-05 7.627471373933414215e-04 6.230717085438722269e-05 2.978029644988639400e-05 1.794034171774266245e-02 5.388835657030979776e-03 8.265740559582482121e-05 2.802818592166024980e-04 1.352033782096564367e-04 nan nan nan nan nan nan nan nan nan nan nan
nan nan nan nan nan nan 4.290850287279222516e-05 1.247907335814504436e-04 5.273576491141270320e-04 1.471263383074897430e-04 2.076753035609299122e-04 3.226623689579091823e-04 1.478887076053100793e-03 2.059673114613792561e-03 2.661859391601517199e-03 2.095771164022541171e-04 5.410161007827263063e-04 5.137857432447819105e-04 nan nan nan nan nan nan nan nan nan nan
nan nan nan nan nan nan nan 2.502385857856930223e-04 9.581476824307935561e-05 1.303807139152657801e-04 2.256694993589970343e-05 1.252545262421811368e-03 1.889940157324971302e-03 1.237181178836086089e-03 5.135995246109427079e-03 5.518470873241603306e-03 2.172425610302758300e-05 6.671434536194426057e-04 6.144647751387230690e-04 nan nan nan nan nan nan nan nan nan
nan nan nan nan nan nan nan 1.165770826605854512e-03 8.848047718689545970e-04 4.031060771036981813e-05 6.674762133179302592e-05 3.991426877630774002e-04 2.100418263863677599e-03 1.567781287896981074e-03 6.267852467118781995e-03 1.292460406797339353e-02 4.818244590112855455e-03 8.831329121745324501e-03 1.150810125193490498e-03 1.021835250078038590e-03 nan nan nan nan nan nan nan nan
nan nan nan nan nan nan nan nan 2.669735829404305556e-03 3.830835677531572504e-04 7.926914518012456029e-04 6.996475377316044341e-04 1.437033020455591534e-04 7.105876413770285732e-04 3.753513048911031463e-04 8.286073308769166621e-04 2.112038096169259471e-02 1.742935462765678352e-03 8.261124240936311381e-04 3.376798618675859540e-03 1.200101940822976675e-03 nan nan nan nan nan nan nan
nan nan nan nan nan nan nan nan nan 3.311601776829816438e-05 1.006639285094564637e-04 6.459670317108027159e-04 2.415288227884648245e-04 4.878919292557116669e-04 1.748957772804813834e-03 1.219793967777554975e-03 6.648808633257740491e-03 9.956592862343474626e-03 7.424704172298831955e-04 2.879390545393706660e-03 2.009066424816941497e-03 1.880878408194050716e-03 nan nan nan nan nan nan
nan nan nan nan nan nan nan nan nan nan 2.864255321586906856e-03 2.835669503087734746e-04 1.030266288487110047e-04 1.354449267397129098e-04 9.430405394879360107e-04 1.377204421653948664e-03 3.781961582496852427e-04 3.902016870077866864e-03 1.940489040084435006e-03 9.773155115526609496e-03 2.393585574659498096e-03 1.818089898714492447e-05 1.712900938651724329e-03 7.876865728585777469e-04 nan nan nan nan
nan nan nan nan nan nan nan nan nan nan nan nan 6.519658191459978954e-04 5.275846219664995832e-06 2.254825915722514785e-05 1.007699791690110525e-03 1.931233335481646071e-04 4.784561088745985062e-04 2.580122676658200189e-03 2.329065753498414226e-03 2.168147658238856693e-03 4.823771755645963472e-03 2.391844568935516170e-04 9.935759919563040034e-04 2.847347976675426696e-04 1.618962519970706948e-04 nan nan
nan nan nan nan nan nan nan nan nan nan nan nan nan 1.221535150790810658e-04 8.396525878985641983e-05 1.485642284554645814e-03 1.832494014806348431e-05 6.455342857798199857e-03 2.333734681806513551e-04 4.373278642572310006e-03 2.498800510341917663e-02 2.090630930980438579e-03 1.403838680169427425e-03 8.523946138687011221e-04 7.078405272100283998e-04 3.409068464269733568e-04 nan nan
nan nan nan nan nan nan nan nan nan nan nan nan nan nan nan 6.583474396109243679e-04 1.448691371331232471e-03 4.262467788749407620e-03 1.136962133412610293e-05 2.397363384137375132e-03 2.708503696309841943e-03 1.007766717552852640e-03 8.744038215186150133e-04 1.716924657581621360e-04 1.621865471170890610e-03 1.344618342770676107e-03 nan nan
nan nan nan nan nan nan nan nan nan nan nan nan nan nan nan nan nan 6.084767092335597325e-04 7.321819869730163133e-03 1.189058027033818715e-02 2.290037277040763222e-02 1.711463770056092983e-03 1.773839193445003867e-03 3.747838636913546073e-03 7.256105724794969809e-04 5.984435852914139027e-04 7.530704195455801327e-04 nan
nan nan nan nan nan nan nan nan nan nan nan nan nan nan nan nan nan nan nan nan 2.185314446685278876e-03 nan nan 4.030891188448005669e-04 6.996009657845657750e-05 1.402312770247902800e-05 nan nan
