nan nan nan 1.249302470979499202e-03 1.493172908660482870e-03 nan nan nan nan nan nan nan nan nan nan nan nan nan nan nan nan nan nan nan nan nan nan nan
nan nan nan 1.674809491485626045e-03 1.690431645931810478e-03 2.528617330040337004e-03 1.656260742015029305e-02 nan nan nan nan nan nan nan nan nan nan nan nan nan nan nan nan nan nan nan nan nan
nan nan 3.322148771991949561e-03 1.578271901401594223e-03 4.890633845869534055e-04 3.992339394257080239e-03 2.252771168091551295e-03 2.898476674707180234e-02 nan nan nan nan nan nan nan nan nan nan nan nan nan nan nan nan nan nan nan nan
nan 2.174723827344480012e-02 2.257066708608547988e-03 1.175125270495682057e-02 3.076334990864385346e-03 2.681947992927799507e-03 5.499950402838542883e-03 2.758190866029744739e-02 3.891190505089686755e-03 nan nan nan nan nan nan nan nan nan nan nan nan nan nan nan nan nan nan nan
nan 1.144433054038835641e-02 1.224407271059943514e-02 1.486787497817221304e-02 4.922695496636969766e-03 1.645309737152296633e-03 2.456293184938002864e-03 1.273710446582307886e-02 7.641086898822424534e-03 1.962643469387095538e-02 nan nan nan nan nan nan nan nan nan nan nan nan nan nan nan nan nan nan
1.968026706857283273e-02 1.618530577013980662e-02 2.264591823372885324e-03 2.206519773027412756e-02 3.631853597022444927e-03 5.458590540030921166e-03 3.476136348926175718e-04 8.934624098372598647e-03 4.143464630080576083e-02 nan nan nan nan nan nan nan nan nan nan nan nan nan nan nan nan nan nan nan
3.246009976395748328e-03 2.198724727210897220e-02 1.186197788661817656e-03 7.004594624349703286e-03 5.346703536513462522e-03 4.843893768494869460e-03 1.458602082951689386e-03 3.865300976477453049e-02 2.189031952996135441e-02 nan nan nan nan nan nan nan nan nan nan nan nan nan nan nan nan nan nan nan
4.455129568155875484e-04 3.291967978118851348e-03 2.397888498964664827e-02 4.116259779255914721e-03 2.048654263936072230e-03 4.350332848704998798e-03 4.246033922896025846e-03 4.444580568377328594e-02 5.700514636193740325e-03 nan nan nan nan nan nan nan nan nan nan nan nan nan nan nan nan nan nan nan
nan 4.448272235866029475e-03 3.396872577744845887e-03 3.366301692450179590e-03 1.601478914523802796e-02 1.268856717821412183e-02 4.601531643452700694e-03 4.705598544070193484e-02 1.803359242439159281e-03 1.966888631389368883e-02 nan nan nan nan nan nan nan nan nan nan nan nan nan nan nan nan nan nan
nan 5.577570518511926981e-04 1.227697852361996122e-03 1.070008112973605844e-03 2.942529081194468401e-03 4.177854045224101316e-03 1.296588819116139277e-03 1.368348953378285132e-02 8.229854168847415205e-03 8.567008789752035558e-03 nan nan nan nan nan nan nan nan nan nan nan nan nan nan nan nan nan nan
nan 9.342915154143441314e-03 4.450508525616924706e-04 7.157520867009167917e-04 4.276164601642335069e-04 2.241792813413726829e-03 8.359062447004709726e-03 1.951008215338094487e-02 9.345607112000844929e-03 3.667238711335056144e-03 nan nan nan nan nan nan nan nan nan nan nan nan nan nan nan nan nan nan
nan nan 1.558036134586999804e-03 2.752564895807832739e-03 5.589380683041313743e-04 6.706198040126121413e-04 2.010424753679571682e-03 1.235385066174803960e-02 2.539887138895659952e-03 7.906821326586902995e-03 nan nan nan nan nan nan nan nan nan nan nan nan nan nan nan nan nan nan
nan nan 7.812590117319984789e-04 2.175538858337674238e-03 2.609606942021377995e-03 nan 1.371656105088965918e-03 6.836842331513191123e-03 4.199473515518801700e-03 1.571728984018178413e-02 nan nan nan nan nan nan nan nan nan nan nan nan nan nan nan nan nan nan
nan nan nan nan nan nan 3.353343757961700731e-03 2.376259357541418704e-03 9.764261686543955140e-03 1.618216688778852759e-03 nan nan 1.782554844833445168e-03 nan nan nan nan nan nan nan nan nan nan nan nan nan nan nan
nan nan nan nan nan 3.556294393382015973e-03 1.499168293450409313e-03 9.487743296694088439e-04 8.047570592590629762e-03 4.082483093412491749e-04 nan nan nan nan nan nan nan nan nan nan nan nan nan nan nan nan nan nan
nan nan nan nan nan 2.015537693376627786e-03 1.512826951883855964e-04 4.464058730474201983e-04 2.865437663430975930e-04 1.067821925230582995e-02 8.882285621156692451e-04 nan nan nan nan nan nan nan nan nan nan nan nan nan nan nan nan nan
nan nan nan nan nan 1.865462708737649538e-03 8.440472679509999345e-04 8.911401964005090381e-04 1.110913009679772765e-04 7.705134859684305282e-03 5.382125946896291818e-04 8.104851852258031231e-04 nan 6.454937657363381829e-04 nan nan nan nan nan nan nan nan nan nan nan nan nan nan
nan nan nan nan nan 1.570355104271723909e-03 3.756047881564797820e-04 1.639183869522687796e-03 7.231150008119513950e-04 2.686369386907352160e-03 1.492125776552358403e-02 2.780387469182654669e-02 6.475051923243473539e-04 5.370006588908791826e-04 4.950342056171415356e-05 nan nan nan nan nan nan nan nan nan nan nan nan nan
nan nan nan nan nan 7.494065252159645002e-03 7.601922514272060156e-04 4.657016826871060704e-04 1.646964710692500782e-04 5.913243326571409339e-04 6.869267160632747582e-05 2.959970507336357631e-04 1.745397798540153714e-02 8.789796164258409719e-03 2.414623448583986870e-04 3.498446126276218024e-05 3.645964490422710490e-04 nan nan nan nan nan nan nan nan nan nan nan
nan nan nan nan nan nan 3.403723890168769525e-04 1.679731466953364872e-04 3.798162624762391453e-04 4.209066335825322760e-04 1.638447724202297051e-04 5.503398959625032489e-04 2.268352831909969307e-04 4.794188572923666417e-03 3.423918940615860561e-03 2.430756374429192629e-04 5.641011860935462923e-04 7.484063964943777660e-04 nan nan nan nan nan nan nan nan nan nan
nan nan nan nan nan nan nan 2.218436543430335570e-04 1.328791048275007375e-04 1.411234826174504223e-04 8.008593414065677139e-05 6.574314048769033672e-04 2.490703081990560102e-04 2.086122431985029766e-04 8.973685441952008318e-03 6.530176365327208972e-03 1.801641680827673140e-04 8.387399362229952006e-04 8.558053602111332292e-04 nan nan nan nan nan nan nan nan nan
nan nan nan nan nan nan nan 1.316516892995955011e-04 1.424174803391438067e-03 3.168475616096106339e-04 1.250327783627181290e-04 4.156192889329182196e-04 2.487294847407703607e-03 8.918992489835292489e-04 1.026854414933100470e-03 1.441843359350967330e-02 6.456569829792459247e-03 7.944809445092120004e-03 1.197361556727205220e-03 1.155584708517952072e-03 8.314603291965402647e-04 nan nan nan nan nan nan nan
nan nan nan nan nan nan nan nan 3.142327702687036043e-03 4.867272688338316645e-04 7.595580525119833898e-04 3.461644546947388796e-04 1.524716482414966389e-04 4.285608993204042551e-04 1.902741486069927691e-03 3.922788378773249714e-03 1.691881991643030478e-02 1.076955639775373621e-03 1.170624481016733056e-03 3.612807082713718251e-03 8.092486164295076322e-04 8.979220090519972157e-04 3.716944432092515217e-04 nan nan nan nan nan
nan nan nan nan nan nan nan nan nan 6.635272444280719854e-04 3.295476251934764916e-04 3.217549863984607919e-04 7.076485375725684215e-05 2.104673435735096652e-04 5.827371838714963176e-04 3.718487270667045663e-04 9.315186232070957542e-03 1.174633467013285436e-02 1.330523732425719155e-03 3.134729245300446349e-03 2.263350116940662359e-03 2.376998169495247223e-03 1.341002345253755048e-03 5.361679873755554942e-04 nan nan nan nan
nan nan nan nan nan nan nan nan nan nan 1.813708340140355148e-03 4.851701439235145906e-04 3.097657033772605154e-05 1.616428735192850170e-04 1.222174749401315442e-03 4.313664035425788319e-04 6.466748358315452206e-04 1.263668519227069929e-02 4.950554254154917837e-03 1.362342934938334804e-02 5.251933679152932972e-03 1.296210208665436660e-04 2.672166439848881834e-03 1.534824585345944412e-03 9.537618176009404194e-04 2.472178112442182741e-04 nan nan
nan nan nan nan nan nan nan nan nan nan nan nan 1.124925065428751536e-03 4.950700574656274324e-04 2.437504410173125830e-04 6.090211582172968575e-04 5.464796687067179255e-04 1.155441840425781809e-03 2.117485733510191068e-03 1.205215290584375938e-03 6.121470089066031843e-03 2.913194289348514359e-03 6.458072037309476720e-04 8.618843275705160038e-04 2.855712069004909693e-04 3.577968093527328516e-04 nan nan
nan nan nan nan nan nan nan nan nan nan nan nan nan 9.638146909256144765e-04 3.789902205852453839e-04 1.275052046474557102e-03 5.709178359478848030e-04 9.904938970986877991e-03 3.158896127542259319e-03 1.485069277966287243e-03 8.994366633477036618e-03 2.187132655249743405e-03 1.150149242097770483e-03 1.141937520078236757e-03 1.251529851002252313e-03 5.350504826037563505e-04 nan nan
nan nan nan nan nan nan nan nan nan nan nan nan nan nan nan 1.034733379299087501e-03 1.395980447723418894e-03 2.461772233342868123e-03 2.479529123871159597e-04 2.839447945205086660e-03 1.384753872791854050e-03 9.316613660902667293e-03 2.795052568048034952e-03 9.302288127336918273e-04 2.523927617113927262e-03 1.782312813106553965e-03 nan nan
nan nan nan nan nan nan nan nan nan nan nan nan nan nan nan nan nan 3.655013307570979353e-04 8.746171478353499673e-03 1.436284590505522950e-02 6.480112907811022560e-02 2.006700055775855439e-03 5.317218618783062407e-03 5.625690472704309754e-03 1.564949395966063915e-03 9.992186909411799895e-04 5.335320712016553306e-04 nan
nan nan nan nan nan nan nan nan nan nan nan nan nan nan nan nan nan nan nan nan 3.618382881263826952e-03 nan nan 1.478529635377721051e-03 3.305577000496859579e-03 4.911712726297475982e-05 nan nan
