0.000000000000000000e+00 0.000000000000000000e+00 0.000000000000000000e+00 0.000000000000000000e+00 0.000000000000000000e+00 0.000000000000000000e+00 0.000000000000000000e+00 0.000000000000000000e+00 0.000000000000000000e+00 0.000000000000000000e+00 0.000000000000000000e+00 0.000000000000000000e+00 0.000000000000000000e+00 0.000000000000000000e+00 0.000000000000000000e+00 0.000000000000000000e+00 0.000000000000000000e+00 0.000000000000000000e+00 0.000000000000000000e+00 0.000000000000000000e+00 0.000000000000000000e+00 0.000000000000000000e+00 0.000000000000000000e+00 0.000000000000000000e+00 0.000000000000000000e+00 0.000000000000000000e+00 0.000000000000000000e+00 0.000000000000000000e+00
0.000000000000000000e+00 nan 0.000000000000000000e+00 0.000000000000000000e+00 0.000000000000000000e+00 0.000000000000000000e+00 0.000000000000000000e+00 nan nan nan nan nan nan nan nan nan nan nan nan nan nan nan nan nan nan nan nan 0.000000000000000000e+00
0.000000000000000000e+00 nan 0.000000000000000000e+00 0.000000000000000000e+00 0.000000000000000000e+00 0.000000000000000000e+00 0.000000000000000000e+00 0.000000000000000000e+00 nan nan nan nan nan nan nan nan nan nan nan nan nan nan nan nan nan nan nan 0.000000000000000000e+00
0.000000000000000000e+00 0.000000000000000000e+00 0.000000000000000000e+00 0.000000000000000000e+00 0.000000000000000000e+00 0.000000000000000000e+00 0.000000000000000000e+00 0.000000000000000000e+00 2.012673102638996014e-01 nan nan nan nan nan nan nan nan nan nan nan nan nan nan nan nan nan nan 0.000000000000000000e+00
0.000000000000000000e+00 0.000000000000000000e+00 0.000000000000000000e+00 0.000000000000000000e+00 0.000000000000000000e+00 0.000000000000000000e+00 0.000000000000000000e+00 0.000000000000000000e+00 0.000000000000000000e+00 3.485909281857740294e-01 nan nan nan nan nan nan nan nan nan nan nan nan nan nan nan nan nan 0.000000000000000000e+00
0.000000000000000000e+00 0.000000000000000000e+00 0.000000000000000000e+00 0.000000000000000000e+00 0.000000000000000000e+00 0.000000000000000000e+00 0.000000000000000000e+00 0.000000000000000000e+00 1.493639438946969822e-01 3.818229777487696097e-01 nan nan nan nan nan nan nan nan nan nan nan nan nan nan nan nan nan 0.000000000000000000e+00
0.000000000000000000e+00 0.000000000000000000e+00 0.000000000000000000e+00 0.000000000000000000e+00 0.000000000000000000e+00 0.000000000000000000e+00 0.000000000000000000e+00 0.000000000000000000e+00 nan nan nan nan nan nan nan nan nan nan nan nan nan nan nan nan nan nan nan 0.000000000000000000e+00
0.000000000000000000e+00 0.000000000000000000e+00 0.000000000000000000e+00 0.000000000000000000e+00 0.000000000000000000e+00 0.000000000000000000e+00 0.000000000000000000e+00 0.000000000000000000e+00 nan nan nan nan nan nan nan nan nan nan nan nan nan nan nan nan nan nan nan 0.000000000000000000e+00
0.000000000000000000e+00 0.000000000000000000e+00 0.000000000000000000e+00 0.000000000000000000e+00 0.000000000000000000e+00 0.000000000000000000e+00 0.000000000000000000e+00 nan nan nan nan nan nan nan nan nan nan nan nan nan nan nan nan nan nan nan nan 0.000000000000000000e+00
0.000000000000000000e+00 0.000000000000000000e+00 0.000000000000000000e+00 0.000000000000000000e+00 0.000000000000000000e+00 0.000000000000000000e+00 0.000000000000000000e+00 nan nan nan nan nan nan nan nan nan nan nan nan nan nan nan nan nan nan nan nan 0.000000000000000000e+00
0.000000000000000000e+00 0.000000000000000000e+00 0.000000000000000000e+00 0.000000000000000000e+00 0.000000000000000000e+00 0.000000000000000000e+00 0.000000000000000000e+00 0.000000000000000000e+00 1.433808205685817017e-01 1.203016009809270565e-01 nan nan nan nan nan nan nan nan nan nan nan nan nan nan nan nan nan 0.000000000000000000e+00
0.000000000000000000e+00 nan 0.000000000000000000e+00 0.000000000000000000e+00 0.000000000000000000e+00 0.000000000000000000e+00 0.000000000000000000e+00 1.414696383188340789e-01 2.612527121935832031e-01 3.219425902235258929e-01 nan nan nan nan nan nan nan nan nan nan nan nan nan nan nan nan nan 0.000000000000000000e+00
0.000000000000000000e+00 nan 0.000000000000000000e+00 0.000000000000000000e+00 0.000000000000000000e+00 0.000000000000000000e+00 0.000000000000000000e+00 1.253114482345797087e-01 3.747993123232247203e-01 4.532877370369183256e-01 nan nan nan nan nan nan nan nan nan nan nan nan nan nan nan nan nan 0.000000000000000000e+00
0.000000000000000000e+00 nan nan nan nan nan 0.000000000000000000e+00 0.000000000000000000e+00 nan nan nan nan nan nan nan nan nan nan nan nan nan nan nan nan nan nan nan 0.000000000000000000e+00
0.000000000000000000e+00 nan nan nan nan 0.000000000000000000e+00 0.000000000000000000e+00 0.000000000000000000e+00 nan nan nan nan nan nan nan nan nan nan nan nan nan nan nan nan nan nan nan 0.000000000000000000e+00
0.000000000000000000e+00 nan nan nan nan 0.000000000000000000e+00 0.000000000000000000e+00 0.000000000000000000e+00 nan nan 3.761770447202468781e-01 nan nan nan nan nan nan nan nan nan nan nan nan nan nan nan nan 0.000000000000000000e+00
0.000000000000000000e+00 nan nan nan nan 0.000000000000000000e+00 0.000000000000000000e+00 0.000000000000000000e+00 nan nan 1.661834340033646606e-01 5.964584577709137747e-01 5.618470309129446338e-01 5.108639841200990350e-01 nan nan nan nan nan nan nan nan nan nan nan nan nan 0.000000000000000000e+00
0.000000000000000000e+00 nan nan nan 0.000000000000000000e+00 0.000000000000000000e+00 0.000000000000000000e+00 0.000000000000000000e+00 nan nan 5.320490488327571377e-02 2.787632709198398923e-02 1.376271995469449672e-01 4.532407049623916051e-01 -8.639933620807926928e-02 nan nan nan nan nan nan nan nan nan nan nan nan 0.000000000000000000e+00
0.000000000000000000e+00 nan nan nan nan 0.000000000000000000e+00 0.000000000000000000e+00 0.000000000000000000e+00 0.000000000000000000e+00 nan nan 4.567047944012553318e-01 1.241204435683676971e-01 -4.024932348324531534e-02 7.058122614817471940e-02 3.910925180881948959e-01 nan nan nan nan nan nan nan nan nan nan nan 0.000000000000000000e+00
0.000000000000000000e+00 nan nan nan nan nan 0.000000000000000000e+00 0.000000000000000000e+00 0.000000000000000000e+00 0.000000000000000000e+00 1.608929593821448178e-02 3.174953666504134464e-01 3.966102859616408294e-01 2.417328014212071496e-01 1.332701477783103938e-01 5.031767277061561794e-01 4.363127868735351966e-01 5.884587030502541616e-01 5.090932328260061590e-01 nan nan nan nan nan nan nan nan 0.000000000000000000e+00
0.000000000000000000e+00 nan nan nan nan nan nan 0.000000000000000000e+00 0.000000000000000000e+00 0.000000000000000000e+00 0.000000000000000000e+00 2.211844378451114645e-01 2.123659289424727481e-01 2.202971537512027067e-01 3.512773514758122939e-01 2.881887400087230766e-01 3.855631163698183816e-01 4.352681526414918789e-01 1.066485917368403674e-01 2.956356931738640115e-01 2.694410059905079091e-01 2.908375723373892718e-01 nan nan nan nan nan 0.000000000000000000e+00
0.000000000000000000e+00 nan nan nan nan nan nan 0.000000000000000000e+00 0.000000000000000000e+00 0.000000000000000000e+00 0.000000000000000000e+00 0.000000000000000000e+00 9.318007372062108232e-03 2.091304536172847867e-02 -3.493395536149940250e-03 2.615906374225261399e-01 5.474033984289120580e-01 4.073996727207192525e-01 1.102067800660726099e-01 3.236359015609113210e-01 2.305320847864910094e-01 5.007420111072886648e-01 3.731926811860322157e-01 2.581214906831179601e-01 nan nan nan 0.000000000000000000e+00
0.000000000000000000e+00 nan nan nan nan nan nan nan 0.000000000000000000e+00 0.000000000000000000e+00 0.000000000000000000e+00 0.000000000000000000e+00 0.000000000000000000e+00 2.106472602672845949e-03 5.647594777401852666e-04 2.680505170553979313e-02 3.751857472650755865e-01 8.421428264478002523e-01 6.562258746343320182e-01 4.042351982374656760e-01 1.522759684695511317e-02 4.542035344444355638e-01 2.604108384367533335e-01 1.533958874792487603e-01 nan 2.474537875445829427e-01 3.417729963897921386e-01 0.000000000000000000e+00
0.000000000000000000e+00 nan nan nan nan nan nan nan nan 0.000000000000000000e+00 0.000000000000000000e+00 0.000000000000000000e+00 0.000000000000000000e+00 0.000000000000000000e+00 0.000000000000000000e+00 0.000000000000000000e+00 2.769893118767762993e-02 2.748985426765775397e-01 6.987048225769856291e-01 4.633843166258729274e-01 1.842926406099627268e-01 -2.027315352961681430e-02 -3.593931526514010377e-02 1.241450109887027101e-02 1.675234678859111592e-01 1.450326293475320272e-01 2.643630051686620686e-01 0.000000000000000000e+00
0.000000000000000000e+00 nan nan nan nan nan nan nan nan nan 0.000000000000000000e+00 0.000000000000000000e+00 0.000000000000000000e+00 0.000000000000000000e+00 0.000000000000000000e+00 0.000000000000000000e+00 8.189842192140132926e-03 2.161432326720727493e-01 3.691815642685740695e-01 4.911060246667696694e-01 2.992746957109093664e-01 4.333339932677238854e-02 -5.520048802772117152e-02 -6.495668858875026930e-02 8.481894326070725521e-02 2.545862133338505640e-01 3.866148669405666816e-01 0.000000000000000000e+00
0.000000000000000000e+00 nan nan nan nan nan nan nan nan nan nan nan 0.000000000000000000e+00 0.000000000000000000e+00 0.000000000000000000e+00 0.000000000000000000e+00 0.000000000000000000e+00 2.465443786885590863e-03 1.054808149271552718e-02 2.690662830715755960e-01 3.127758705882600077e-01 5.665711510994885236e-01 4.256465736355491969e-01 9.404094049654826426e-02 4.596371010560847958e-01 2.819924630023087353e-01 5.215271569312598388e-01 0.000000000000000000e+00
0.000000000000000000e+00 nan nan nan nan nan nan nan nan nan nan nan nan 0.000000000000000000e+00 0.000000000000000000e+00 0.000000000000000000e+00 0.000000000000000000e+00 0.000000000000000000e+00 0.000000000000000000e+00 2.152734741833523327e-03 4.139730905662915295e-02 9.911370085182699130e-01 1.165264542783653212e+00 6.789208532220296632e-01 5.842956444348638145e-01 1.184292107294817598e-01 1.099746759500086712e+00 0.000000000000000000e+00
0.000000000000000000e+00 nan nan nan nan nan nan nan nan nan nan nan nan nan nan 0.000000000000000000e+00 0.000000000000000000e+00 0.000000000000000000e+00 0.000000000000000000e+00 0.000000000000000000e+00 0.000000000000000000e+00 3.984652544540995961e-02 1.110439328470045561e+00 9.877209712883149306e-01 4.634123554614354434e-01 7.564257890557161135e-01 1.012067411546605733e+00 0.000000000000000000e+00
0.000000000000000000e+00 nan nan nan nan nan nan nan nan nan nan nan nan nan nan nan nan 0.000000000000000000e+00 0.000000000000000000e+00 0.000000000000000000e+00 0.000000000000000000e+00 0.000000000000000000e+00 2.976490177259763156e-02 8.756999259060118668e-01 1.266470746539176018e+00 6.213581477108975903e-01 1.059712602896455191e+00 0.000000000000000000e+00
0.000000000000000000e+00 0.000000000000000000e+00 0.000000000000000000e+00 0.000000000000000000e+00 0.000000000000000000e+00 0.000000000000000000e+00 0.000000000000000000e+00 0.000000000000000000e+00 0.000000000000000000e+00 0.000000000000000000e+00 0.000000000000000000e+00 0.000000000000000000e+00 0.000000000000000000e+00 0.000000000000000000e+00 0.000000000000000000e+00 0.000000000000000000e+00 0.000000000000000000e+00 0.000000000000000000e+00 0.000000000000000000e+00 0.000000000000000000e+00 0.000000000000000000e+00 0.000000000000000000e+00 0.000000000000000000e+00 0.000000000000000000e+00 0.000000000000000000e+00 0.000000000000000000e+00 0.000000000000000000e+00 0.000000000000000000e+00
