nan nan nan -3.142875733205935385e-01 -1.209836387172471550e+00 -3.367927845691702782e+00 nan nan nan nan nan nan nan nan nan nan nan nan nan nan nan nan nan nan nan nan nan nan
nan nan -1.372005737749463494e-01 -5.485769309527682713e-01 -1.228110189161148780e+00 -2.822687816090131641e+00 -4.632808443396430498e+00 nan nan nan nan nan nan nan nan nan nan nan nan nan nan nan nan nan nan nan nan nan
nan nan -2.433235232761308264e-01 -6.684840111769853044e-01 -1.136544779213954248e+00 -2.128211869140160140e+00 -4.016082227534071514e+00 -5.608574829484894941e+00 nan nan nan nan nan nan nan nan nan nan nan nan nan nan nan nan nan nan nan nan
nan -2.587651742011348732e-01 -5.130161765581426891e-01 -8.318724640931421943e-01 -1.215737582377341530e+00 -1.873061237587117400e+00 -3.064718438151149638e+00 -4.614844051954047899e+00 -4.735773515211861628e+00 nan nan nan nan nan nan nan nan nan nan nan nan nan nan nan nan nan nan nan
-3.160119311482538218e-01 -4.384660497162916060e-01 -6.455170621742972736e-01 -1.010336284711045307e+00 -1.319674863601174586e+00 -1.766171995529898897e+00 -2.570599999358259335e+00 -4.200893515306256987e+00 -4.568069874513979833e+00 -2.138581698761914396e+00 nan nan nan nan nan nan nan nan nan nan nan nan nan nan nan nan nan nan
-4.068361044615405597e-01 -4.478737070223102745e-01 -7.243061616534420821e-01 -1.049091868464983257e+00 -1.419390390116401335e+00 -1.965305713179230418e+00 -2.753124418692280972e+00 -4.244328596605913440e+00 -5.367631443040239425e+00 nan nan nan nan nan nan nan nan nan nan nan nan nan nan nan nan nan nan nan
-4.599870258807321477e-01 -4.164903578267142303e-01 -6.323654362968430531e-01 -9.305509970739763714e-01 -1.509365750679250606e+00 -2.238604619572696741e+00 -3.149314861479247440e+00 -4.684728259263754246e+00 -5.997007626273481051e+00 nan nan nan nan nan nan nan nan nan nan nan nan nan nan nan nan nan nan nan
-7.101706098631379582e-01 -5.289263350544709530e-01 -7.026659159637576035e-01 -8.949915316965623147e-01 -1.345660176893366700e+00 -2.309855880935340444e+00 -3.327136687846930840e+00 -4.794528646510086034e+00 -6.764884635404647462e+00 nan nan nan nan nan nan nan nan nan nan nan nan nan nan nan nan nan nan nan
nan -5.628470833181901112e-01 -6.162911814022977719e-01 -7.451975051410544282e-01 -1.245592649420659503e+00 -2.134742773346779199e+00 -3.192766488463624430e+00 -4.269349916010676260e+00 -5.795592503238972348e+00 -4.263123841634672395e+00 nan nan nan nan nan nan nan nan nan nan nan nan nan nan nan nan nan nan
nan -4.491137424661293953e-01 -3.225931464622151523e-01 -4.097436269401415476e-01 -9.614951478226423376e-01 -1.715146385524409567e+00 -3.031900780395864636e+00 -3.824310751860132918e+00 -4.368130391463635576e+00 -3.431578045499014351e+00 nan nan nan nan nan nan nan nan nan nan nan nan nan nan nan nan nan nan
nan -5.329400617269832718e-01 -2.499478971725598020e-01 -2.320453498607350229e-01 -6.570694710643472103e-01 -1.581776163505124400e+00 -2.985915543190376997e+00 -3.798333419103285369e+00 -4.179138256524677963e+00 -2.940178871737257005e+00 nan nan nan nan nan nan nan nan nan nan nan nan nan nan nan nan nan nan
nan nan -2.509106637372867654e-01 -3.972354410223254417e-01 -5.220796287173460337e-01 -1.362313033653771654e+00 -2.917262969485616697e+00 -4.024483017988952582e+00 -4.513552074050847018e+00 -1.997339724991720855e+00 nan nan nan nan nan nan nan nan nan nan nan nan nan nan nan nan nan nan
nan nan -2.099718031527474660e-01 -9.724402301745924682e-01 -9.379739386521067646e-01 nan -2.854651033297671781e+00 -4.455452832327489787e+00 -5.008327176932768410e+00 -2.524179507674654044e+00 nan nan nan nan nan nan nan nan nan nan nan nan nan nan nan nan nan nan
nan nan nan nan nan nan -2.625683235974459517e+00 -4.293171641475591827e+00 -5.473186602009505464e+00 -3.630389579497395491e+00 nan nan -9.913424215920250138e-01 nan nan nan nan nan nan nan nan nan nan nan nan nan nan nan
nan nan nan nan nan -1.558659708916314779e+00 -2.442166431091533862e+00 -3.824386455267390073e+00 -5.450955513875143765e+00 -5.333107455640219818e+00 nan nan nan nan nan nan nan nan nan nan nan nan nan nan nan nan nan nan
nan nan nan nan nan -1.342986341470458589e+00 -2.083436715920690574e+00 -3.262626635710518030e+00 -4.636070314506167911e+00 -6.312476307552757682e+00 -4.131664196323101557e+00 nan nan nan nan nan nan nan nan nan nan nan nan nan nan nan nan nan
nan nan nan nan nan -6.071119339395577574e-01 -1.347913400901826764e+00 -2.501209284323856696e+00 -3.554881982490186054e+00 -4.515603194513524876e+00 -5.238618455936051355e+00 -4.122062049149676000e+00 nan -1.810005190921391227e+00 nan nan nan nan nan nan nan nan nan nan nan nan nan nan
nan nan nan nan nan 4.092345810172098308e-01 -4.185915143991031373e-01 -1.521077324420113230e+00 -2.558698616922753022e+00 -3.220253910723859914e+00 -3.462723979927698537e+00 -3.535965270287822815e+00 -3.680217563459690755e+00 -2.598828691902904442e+00 -1.136527375035643717e+00 nan nan nan nan nan nan nan nan nan nan nan nan nan
nan nan nan nan nan 1.011654814157688431e+00 3.960205529684625581e-01 -3.049564576638643110e-01 -1.447661479877393687e+00 -2.403837419237785156e+00 -2.839258642150748635e+00 -3.111038569294351408e+00 -3.293921604755511101e+00 -3.190792263998367684e+00 -2.799444992240228469e+00 -1.864145473653194163e+00 -9.760501581133860238e-01 nan nan nan nan nan nan nan nan nan nan nan
nan nan nan nan nan nan 1.382180872869707366e+00 8.418948988558642155e-01 -7.616270131900171325e-02 -1.346534532263660378e+00 -2.301127571275294770e+00 -2.757430176554544143e+00 -3.038711948921257289e+00 -3.186865190903895417e+00 -3.371402947257196470e+00 -3.147086046849542740e+00 -2.378399150373418536e+00 -1.544382480762920284e+00 nan nan nan nan nan nan nan nan nan nan
nan nan nan nan nan nan nan 1.735897920208989698e+00 1.122706706814893707e+00 2.413399156925701838e-01 -9.885348272698145644e-01 -2.067141095581175314e+00 -2.562735798330438630e+00 -2.962459969873565857e+00 -3.261343550054003781e+00 -3.368916249710350641e+00 -3.373423120332750713e+00 -3.474832929452577268e+00 -2.405147436186783061e+00 nan nan -1.863023169639060006e+00 nan nan nan nan nan nan
nan nan nan nan nan nan nan 2.249105587590876976e+00 1.849646014294671570e+00 1.258794944247357384e+00 4.455417176275987545e-01 -5.002441908966858142e-01 -1.365121610157409515e+00 -1.942751584106943818e+00 -2.491562283206168349e+00 -3.234865090565678614e+00 -3.280166560391875041e+00 -2.931207397673890380e+00 -2.822593707130898188e+00 -2.239153961471906928e+00 -1.264463234618759868e+00 -9.569047766866528582e-01 -1.151583221123147815e+00 nan nan nan nan nan
nan nan nan nan nan nan nan nan 2.132483583171392194e+00 1.612117927225011016e+00 1.006173303700504951e+00 1.182079335838764067e-01 -6.246097019331570133e-01 -1.104021765374532782e+00 -1.490521743402362320e+00 -1.969373256118513549e+00 -2.639952383925837420e+00 -2.617256289695007787e+00 -2.408667072915119167e+00 -2.330077425764782273e+00 -1.885825444490916603e+00 -1.308939238498864732e+00 -7.120300090120688097e-01 -5.679626371903836457e-01 nan -4.120059534642427357e-01 -7.811075390008322961e-01 nan
nan nan nan nan nan nan nan nan nan 1.529142726061665014e+00 8.555497227565401763e-01 9.697298829924397290e-02 -4.865598756226658383e-01 -9.281169888948404001e-01 -1.248220138573305382e+00 -1.508680991877539013e+00 -2.104763041138271618e+00 -2.183387900738343657e+00 -2.314116413146709572e+00 -2.566152581885385420e+00 -2.654035440824226821e+00 -2.470234474825605986e+00 -2.219493252164943087e+00 -2.149449289194655499e+00 nan -6.222394724745745620e-01 -1.843508280221337170e+00 nan
nan nan nan nan nan nan nan nan nan nan 8.449251848107030005e-01 -4.471191937905498459e-02 -6.869371413336509136e-01 -1.083417682637505708e+00 -1.319959862029455921e+00 -1.544641238741743194e+00 -1.887456860728961461e+00 -2.446264038487165671e+00 -2.930486243871676777e+00 -3.409447465953395096e+00 -3.684703207601499386e+00 -3.491098520134892969e+00 -3.513194142109993923e+00 -3.683625639783957961e+00 -2.928198343433286777e+00 -1.783308497594951580e+00 -1.732019970554952826e+00 nan
nan nan nan nan nan nan nan nan nan nan nan nan -4.762165097245971701e-01 -1.063307055951961066e+00 -1.352419329556437066e+00 -1.428009430128343915e+00 -1.582499387891396880e+00 -2.029788621175593111e+00 -2.501236610426040841e+00 -3.062363210274418268e+00 -4.003967944174037896e+00 -4.250663602738976365e+00 -4.054304431396248631e+00 -3.716615225762073038e+00 -3.230016830864695265e+00 -2.419847788127256205e+00 -1.892396496160494879e+00 nan
nan nan nan nan nan nan nan nan nan nan nan nan nan -5.916437799506834017e-01 -9.568321898988066954e-01 -1.129613963317529279e+00 -1.160882413002545466e+00 -1.400639828075779914e+00 -1.717424493252833972e+00 -2.017389372318984631e+00 -2.674698000012483146e+00 -3.734217554024408692e+00 -4.110958482878235287e+00 -3.644345878647200276e+00 -3.225290058982218433e+00 -2.746443080483772281e+00 -2.242478610682014040e+00 nan
nan nan nan nan nan nan nan nan nan nan nan nan nan nan nan -9.088163943438152259e-01 -1.009795039305520614e+00 -9.664996416258052614e-01 -9.895123618387423603e-01 -1.128339294193827724e+00 -1.214638150580480414e+00 -1.707498729408208682e+00 -2.388979025473001450e+00 -3.168221995554413972e+00 -2.987869719059141893e+00 -2.429317630193514876e+00 -2.038614207957229141e+00 nan
nan nan nan nan nan nan nan nan nan nan nan nan nan nan nan nan nan -1.256760220511028980e-01 -8.865106174741059497e-02 -2.023877388628791130e-01 -1.940216419045149299e-01 3.094889364820037070e-01 5.366541404997409587e-02 -1.420075023542396453e+00 -1.626144616157147338e+00 -1.224209746946119726e+00 -7.129007896238279685e-01 nan
nan nan nan nan nan nan nan nan nan nan nan nan nan nan nan nan nan nan nan nan 2.060357013281688132e-01 nan nan 7.738231617693992481e-01 1.233797555540546292e-01 2.786603631134033920e-02 nan nan
