nan nan nan -2.600870506980548225e+00 -3.261138156039369296e+00 -4.233296128228825950e+00 nan nan nan nan nan nan nan nan nan nan nan nan nan nan nan nan nan nan nan nan nan nan
nan nan -2.413855234658198956e+00 -2.731547012682532749e+00 -3.414810135538703051e+00 -4.285936824554219093e+00 -5.530130653434917498e+00 nan nan nan nan nan nan nan nan nan nan nan nan nan nan nan nan nan nan nan nan nan
nan nan -2.586525722219211509e+00 -2.898712219819913116e+00 -3.357531711346176451e+00 -3.876091241576281821e+00 -4.988854524287419601e+00 -6.737561555164469418e+00 nan nan nan nan nan nan nan nan nan nan nan nan nan nan nan nan nan nan nan nan
nan -3.503568879649822332e+00 -3.374451533194491759e+00 -3.534054806157652884e+00 -3.629968373438872575e+00 -3.823198467729521877e+00 -4.347244080268920285e+00 -5.467540831819701630e+00 -5.415382734843337431e+00 nan nan nan nan nan nan nan nan nan nan nan nan nan nan nan nan nan nan nan
-3.941556335322845328e+00 -4.103701790866765009e+00 -3.919640732355241575e+00 -3.959193101761575129e+00 -3.858565251077591629e+00 -3.973598866571724120e+00 -4.048929687710205449e+00 -4.301682273177315885e+00 -4.063361417049478064e+00 -2.845511675073287172e+00 nan nan nan nan nan nan nan nan nan nan nan nan nan nan nan nan nan nan
-4.210741435238021246e+00 -4.446459361523744214e+00 -4.250265115021708340e+00 -4.095090284721893958e+00 -4.115437695064949608e+00 -4.194242928128641523e+00 -4.121406982979875622e+00 -4.288595770024366871e+00 -4.486787726804806198e+00 nan nan nan nan nan nan nan nan nan nan nan nan nan nan nan nan nan nan nan
-4.466290697436391177e+00 -4.674965783104971351e+00 -4.620654228634319516e+00 -4.585195059332676237e+00 -4.698520661876820270e+00 -4.532095491664326126e+00 -4.292199541569124754e+00 -4.374099956024863012e+00 -4.145404257721144070e+00 nan nan nan nan nan nan nan nan nan nan nan nan nan nan nan nan nan nan nan
-4.678245791570416756e+00 -4.910774901600306386e+00 -5.200123849235926521e+00 -5.297539340768016025e+00 -5.438513865710171480e+00 -5.182586193097551863e+00 -4.660660357559943456e+00 -4.669120115272978211e+00 -3.999734210018103475e+00 nan nan nan nan nan nan nan nan nan nan nan nan nan nan nan nan nan nan nan
nan -5.175249488516445950e+00 -5.689135986468194517e+00 -5.880537028145591982e+00 -6.018884415251767983e+00 -5.888227175761822529e+00 -5.267273421040738590e+00 -4.784718467215152593e+00 -3.637132819388247729e+00 -2.368163970839940902e+00 nan nan nan nan nan nan nan nan nan nan nan nan nan nan nan nan nan nan
nan -5.534262045263147023e+00 -6.050850315546902003e+00 -6.157038940936224058e+00 -6.208585346325436127e+00 -6.247869101078728171e+00 -6.002331863651943600e+00 -4.867099531632930187e+00 -3.389892706388616617e+00 -2.180480433408436003e+00 nan nan nan nan nan nan nan nan nan nan nan nan nan nan nan nan nan nan
nan -5.775446517786036793e+00 -6.253112954937360968e+00 -6.489339418708852669e+00 -6.500845491006508325e+00 -6.628688947760136507e+00 -6.689233832210548236e+00 -5.139804910488270373e+00 -3.352819251688023527e+00 -1.910588957858595949e+00 nan nan nan nan nan nan nan nan nan nan nan nan nan nan nan nan nan nan
nan nan -6.605084551571962947e+00 -6.949860557157760077e+00 -6.556401831866351060e+00 -6.841686635514278692e+00 -7.168010268171004284e+00 -5.846887740069313999e+00 -3.567156221168233721e+00 -1.486828477562910811e+00 nan nan nan nan nan nan nan nan nan nan nan nan nan nan nan nan nan nan
nan nan -4.802925667512857544e+00 -6.084110387255607044e+00 -5.943770306743417109e+00 nan -7.139648171319992187e+00 -6.978451568971442143e+00 -4.676533574652603775e+00 -2.029648522341970018e+00 nan nan nan nan nan nan nan nan nan nan nan nan nan nan nan nan nan nan
nan nan nan nan nan nan -7.132824426553728614e+00 -7.860595693958702945e+00 -6.834693406009547445e+00 -3.264185199037459295e+00 nan nan -1.207134009053809187e+00 nan nan nan nan nan nan nan nan nan nan nan nan nan nan nan
nan nan nan nan nan -6.586203557882887694e+00 -7.483217326359710597e+00 -8.349544869622810950e+00 -8.724484858586770031e+00 -6.466127486732064611e+00 nan nan nan nan nan nan nan nan nan nan nan nan nan nan nan nan nan nan
nan nan nan nan nan -6.360725666716497528e+00 -7.725429903181702862e+00 -8.467700925108411880e+00 -9.335898590426914723e+00 -9.809688040517865915e+00 -5.252060577737643676e+00 nan nan nan nan nan nan nan nan nan nan nan nan nan nan nan nan nan
nan nan nan nan nan -6.550405931521214420e+00 -7.927831883611045072e+00 -8.456759704229003916e+00 -8.884456115012845601e+00 -9.623848886455839136e+00 -9.035790126061725047e+00 -5.551086459728289846e+00 nan -1.524527091747390317e+00 nan nan nan nan nan nan nan nan nan nan nan nan nan nan
nan nan nan nan nan -6.367548263934005526e+00 -7.721755919193099338e+00 -8.374009809797883008e+00 -8.553552659324884289e+00 -8.482405451569876575e+00 -8.335009898342754298e+00 -8.027868034862436275e+00 -6.022113103504429077e+00 -3.170527207802816605e+00 -1.239270257218332949e+00 nan nan nan nan nan nan nan nan nan nan nan nan nan
nan nan nan nan nan -6.629802602806306844e+00 -7.360224334679613456e+00 -7.956084548023307335e+00 -8.363417115279867531e+00 -8.664136157389581427e+00 -8.235486825835312885e+00 -7.691058753364269585e+00 -7.499515812079740051e+00 -5.737000692647665545e+00 -3.392768159394254024e+00 -2.011173120916169399e+00 -1.263405267790532971e+00 nan nan nan nan nan nan nan nan nan nan nan
nan nan nan nan nan nan -7.041258086719802023e+00 -7.563513280069560807e+00 -8.337923079603704934e+00 -8.864586187129912531e+00 -8.697039676125603691e+00 -8.125152893434316681e+00 -7.866046564106529360e+00 -7.692980703095687822e+00 -5.949683913792464196e+00 -3.992950943664744123e+00 -1.949879438022804834e+00 -1.155505155775036430e+00 nan nan nan nan nan nan nan nan nan nan
nan nan nan nan nan nan nan -7.049879408286980897e+00 -7.577728003373565890e+00 -8.463493614652708885e+00 -8.647022486909285988e+00 -8.381967387389144264e+00 -8.334371183498706870e+00 -8.253372386209594680e+00 -7.991349393778932608e+00 -6.299620199411417154e+00 -4.424674157603933011e+00 -3.301772998125473091e+00 -2.016157641256369981e+00 nan nan -1.161577615347730186e+00 nan nan nan nan nan nan
nan nan nan nan nan nan nan -6.751002758444936802e+00 -6.805406697773920044e+00 -7.438972880426844014e+00 -8.070622736896096328e+00 -7.897126693618275795e+00 -8.021461467896251918e+00 -8.231073631565159587e+00 -8.341115229131132125e+00 -8.172611447676597862e+00 -6.391853149895320385e+00 -4.701319010826174427e+00 -3.497927541190448686e+00 -2.312835349711889421e+00 -1.152605132044132397e+00 -6.323780994152670143e-01 -1.326491208742939909e+00 nan nan nan nan nan
nan nan nan nan nan nan nan nan -6.754950673850525611e+00 -7.213482036295333799e+00 -7.848646869294078954e+00 -7.647116150397169854e+00 -7.646690656677385789e+00 -7.883028650222042799e+00 -7.986520046961275376e+00 -8.153249113670765880e+00 -7.993941112562758633e+00 -6.250307202053541289e+00 -4.589078716975629746e+00 -3.325741754663503524e+00 -2.149443785189195655e+00 -1.064730459687870168e+00 -5.800996147100193762e-02 -1.124201997474372439e+00 nan 4.978063179019747153e-01 -1.460240584962521071e-01 nan
nan nan nan nan nan nan nan nan nan -7.571180186958969216e+00 -7.965519869721665813e+00 -7.886417180508565217e+00 -7.608346196182391274e+00 -7.604078462750456957e+00 -7.990501248294513026e+00 -7.996901493172563491e+00 -8.289028667008167872e+00 -8.020831405157718308e+00 -6.430088540949432385e+00 -4.891959200426944321e+00 -3.506841462243774021e+00 -2.514203821229897162e+00 -1.456701997539697091e+00 -9.598212146848521531e-01 nan 5.216703898805564732e-01 -6.413368327561034254e-01 nan
nan nan nan nan nan nan nan nan nan nan -8.289206696515487138e+00 -8.047766957614612693e+00 -7.440483912707293257e+00 -6.706963343381849185e+00 -6.450114956499765739e+00 -6.525201249901308564e+00 -6.704564359457733325e+00 -7.185479008969132941e+00 -7.583146129346504338e+00 -6.966859848807458455e+00 -5.365062037232696035e+00 -3.927418339895874855e+00 -3.035027833375262496e+00 -2.382180068625522562e+00 -2.137979820966721789e+00 -1.591711783187743423e+00 -1.970706704557677380e+00 nan
nan nan nan nan nan nan nan nan nan nan nan nan -7.879816325567312596e+00 -7.058528547325902736e+00 -6.581263403497643161e+00 -6.109776974609483879e+00 -5.693626300959874875e+00 -5.598970961224259746e+00 -5.910324143114979556e+00 -6.881988658315253637e+00 -7.347984437876620589e+00 -5.882407912207146872e+00 -4.595301350925415029e+00 -3.533144084109884453e+00 -3.120060574523479513e+00 -2.667965739663932467e+00 -2.457941993502609002e+00 nan
nan nan nan nan nan nan nan nan nan nan nan nan nan -8.026078474901561677e+00 -7.240708335771029347e+00 -6.366858608017364141e+00 -5.985348499061923455e+00 -5.812995671817350107e+00 -5.936286509009121914e+00 -6.332781711184980900e+00 -7.093539740801464433e+00 -7.351932306451457677e+00 -6.552389676719759137e+00 -4.861164521729281596e+00 -3.718816022638163687e+00 -3.093282902773363929e+00 -2.643165954839069354e+00 nan
nan nan nan nan nan nan nan nan nan nan nan nan nan nan nan -6.623521288426327480e+00 -5.941549687024048509e+00 -5.815444862915181368e+00 -5.886098834141538561e+00 -5.975805244602351074e+00 -6.083510324317107809e+00 -6.820504484069564555e+00 -7.188361037445544888e+00 -5.638066084631243591e+00 -4.280411225403071285e+00 -3.188492647753147224e+00 -2.671728794852737288e+00 nan
nan nan nan nan nan nan nan nan nan nan nan nan nan nan nan nan nan -4.822991853820288277e+00 -4.702608729458307657e+00 -4.560035375577082384e+00 -4.329831844375828354e+00 -4.674112975904255229e+00 -4.801467273015720849e+00 -5.448064640679618265e+00 -4.415956940478646509e+00 -2.949165681051273413e+00 -2.387388693553955665e+00 nan
nan nan nan nan nan nan nan nan nan nan nan nan nan nan nan nan nan nan nan nan -2.419815124114754745e+00 nan nan -3.699514174540967204e+00 -3.977279569020939043e+00 -2.733687882747489084e+00 nan nan
