nan nan nan 3.742977518604395204e+00 3.654511133072647855e+00 2.947155657337134471e+00 nan nan nan nan nan nan nan nan nan nan nan nan nan nan nan nan nan nan nan nan nan nan
nan nan 3.093862880995694287e+00 3.273237367411850673e+00 3.208485128917631268e+00 2.808522107987444283e+00 1.653997778393114126e+00 nan nan nan nan nan nan nan nan nan nan nan nan nan nan nan nan nan nan nan nan nan
nan nan 3.007658662945747352e+00 3.033555544659396030e+00 2.824452358905240157e+00 2.298230382953946993e+00 1.385283750789569002e+00 -5.803926796141861688e-01 nan nan nan nan nan nan nan nan nan nan nan nan nan nan nan nan nan nan nan nan
nan 2.486148635781997740e+00 2.767845197547209590e+00 2.831169642568804878e+00 2.659018922544157615e+00 2.066433951967733940e+00 1.187095106968453440e+00 -2.759845913630981085e-01 -2.275838768290438185e+00 nan nan nan nan nan nan nan nan nan nan nan nan nan nan nan nan nan nan nan
1.869551792499893672e+00 2.148456947895196478e+00 2.501416553983968338e+00 2.600173377537590369e+00 2.501613370298240824e+00 2.119344382959256201e+00 1.466656296668201298e+00 2.862110903027920150e-01 -1.293849061458336891e+00 -3.405894771993501102e+00 nan nan nan nan nan nan nan nan nan nan nan nan nan nan nan nan nan nan
1.571442427495799432e+00 1.816293284815087894e+00 2.028013294284721990e+00 2.211842561798617712e+00 2.241670892339453935e+00 2.148556010413942730e+00 1.880760695697789364e+00 8.403632210529546898e-01 -1.035671338099864558e+00 nan nan nan nan nan nan nan nan nan nan nan nan nan nan nan nan nan nan nan
1.202631825528513332e+00 1.380043113543291344e+00 1.504408069341476084e+00 1.679012143091564990e+00 1.703257609551929175e+00 1.787025702539075001e+00 1.687206767667384533e+00 1.019662501190538917e+00 -5.809073933685121593e-01 nan nan nan nan nan nan nan nan nan nan nan nan nan nan nan nan nan nan nan
8.168454042088717504e-01 1.034029582884585574e+00 1.079543602027356108e+00 1.174303526353417837e+00 1.115427351819705759e+00 9.174050104194918509e-01 7.327220122938001845e-01 4.928423991273421789e-01 -5.948197468161112722e-01 nan nan nan nan nan nan nan nan nan nan nan nan nan nan nan nan nan nan nan
nan 8.127069080356483788e-01 9.408882658840349578e-01 1.066026945594033437e+00 8.564445014148921453e-01 5.228009138939657685e-01 4.393338007589833033e-02 -3.347660185928635346e-01 -1.722513465548886957e+00 -2.269762548672738411e+00 nan nan nan nan nan nan nan nan nan nan nan nan nan nan nan nan nan nan
nan 5.938367309188536947e-01 9.596163057145397079e-01 1.222430827571649559e+00 1.135345995041143530e+00 7.955706428824315113e-01 1.342014775771617763e-01 -3.933337895794519756e-01 -1.765371443758505521e+00 -2.684132098545775058e+00 nan nan nan nan nan nan nan nan nan nan nan nan nan nan nan nan nan nan
nan 4.472289434541601438e-01 9.818944372767087758e-01 1.454371561653290401e+00 1.796628980803845810e+00 1.360901202325778936e+00 5.850162982673504652e-01 -1.415994034027207027e-01 -1.265945032137530069e+00 -1.434693740910083726e+00 nan nan nan nan nan nan nan nan nan nan nan nan nan nan nan nan nan nan
nan nan 6.859562526089725276e-01 1.524700771791422493e+00 2.039049276277153044e+00 1.922396172856827290e+00 1.017334303862408751e+00 -4.274394900170911532e-02 -7.401647556031237807e-01 -2.637055099279949077e-01 nan nan nan nan nan nan nan nan nan nan nan nan nan nan nan nan nan nan
nan nan 1.353090468195318648e-02 1.197013417348746334e+00 1.995581310725164759e+00 nan 1.778290318428315864e+00 -3.552227371893228701e-03 -5.643311281690104320e-01 3.325913511752549845e-02 nan nan nan nan nan nan nan nan nan nan nan nan nan nan nan nan nan nan
nan nan nan nan nan nan 1.413735309403717055e+00 2.191397561163732077e-01 -5.374251639495044586e-01 3.580400255084391636e-01 nan nan -4.956126304131408360e-03 nan nan nan nan nan nan nan nan nan nan nan nan nan nan nan
nan nan nan nan nan 2.107276609627905639e+00 1.425933171449070280e-01 -2.322983114494714674e-01 -5.912793600586550014e-01 2.076351277684275187e-01 nan nan nan nan nan nan nan nan nan nan nan nan nan nan nan nan nan nan
nan nan nan nan nan 3.875213592772620563e-01 -6.693067157752292662e-01 -1.039898670247937140e+00 -1.193935723221107859e+00 -1.177897612076770573e+00 -1.008919559614373407e+00 nan nan nan nan nan nan nan nan nan nan nan nan nan nan nan nan nan
nan nan nan nan nan -1.526259693352650659e+00 -1.818187060953328382e+00 -2.006788867606490001e+00 -2.204078284065731808e+00 -2.135152660614255904e+00 -2.340069923126331108e+00 -1.860763200399675910e+00 nan -1.091765826159036834e+00 nan nan nan nan nan nan nan nan nan nan nan nan nan nan
nan nan nan nan nan -2.638356947541406594e+00 -2.780087451695375300e+00 -2.908915469009514698e+00 -3.160498765999725013e+00 -3.066604164482095385e+00 -2.805582930532359409e+00 -2.691134459225011710e+00 -2.618303940508120320e+00 -1.693485738187266776e+00 -4.167815181199384100e-01 nan nan nan nan nan nan nan nan nan nan nan nan nan
nan nan nan nan nan -3.858795634576082989e+00 -3.871204223777181763e+00 -3.997749814241874144e+00 -4.329854690135022999e+00 -4.524970274097324108e+00 -4.338381246673433722e+00 -3.955218506486164465e+00 -3.544011764415535559e+00 -3.173866728388297087e+00 -2.202334864614196253e+00 -1.411938883082828777e+00 -7.704570318072970769e-01 nan nan nan nan nan nan nan nan nan nan nan
nan nan nan nan nan nan -4.804717932538830283e+00 -5.013844649789031216e+00 -5.321181317773276298e+00 -5.476104482531806816e+00 -5.605021610032624224e+00 -5.507492365506769794e+00 -5.045618690038310206e+00 -4.559065536220297865e+00 -4.064593995471573074e+00 -3.051240908536027252e+00 -1.841155366098890189e+00 -1.761651184471616505e+00 nan nan nan nan nan nan nan nan nan nan
nan nan nan nan nan nan nan -5.495569625722223073e+00 -5.776747368973412122e+00 -5.969539927320780315e+00 -6.008797753836339517e+00 -6.045968003171913630e+00 -5.999377840839099640e+00 -5.723473953741221365e+00 -5.219844437697415351e+00 -4.671506663045595253e+00 -3.890412095022617756e+00 -3.590933193605759133e+00 -3.078918498957725625e+00 nan nan -2.755602651941343684e+00 nan nan nan nan nan nan
nan nan nan nan nan nan nan -5.862854056831180216e+00 -5.911079754293101729e+00 -6.036854459161638431e+00 -6.005707835366290936e+00 -6.050301086337132261e+00 -6.067491349420223834e+00 -6.146061583483579227e+00 -6.130241072056403340e+00 -5.795707587200804589e+00 -5.088075370617404225e+00 -4.509746148284663469e+00 -3.846514769688464064e+00 -3.217681171317561706e+00 -2.560076189134981917e+00 -2.127962653575069307e+00 -1.797795064458663106e+00 nan nan nan nan nan
nan nan nan nan nan nan nan nan -5.523608195305495627e+00 -5.389417318910155075e+00 -5.489856737201602499e+00 -5.704941503151093052e+00 -5.971519695755657331e+00 -6.042777121985438704e+00 -6.100103506004943554e+00 -6.259672519680765213e+00 -6.039001937188658076e+00 -5.276504964888695248e+00 -4.602416888892732594e+00 -4.152625615948154270e+00 -3.837381034817961556e+00 -3.395489845835605092e+00 -2.840989898356647725e+00 -2.676700552061783256e+00 nan -2.260416962559375520e+00 -3.032318182120939731e+00 nan
nan nan nan nan nan nan nan nan nan -5.129885516113839472e+00 -5.041710125113218588e+00 -5.003344408868293236e+00 -5.279239964653846151e+00 -5.684819668664578884e+00 -5.913765561956331851e+00 -5.890183380719545170e+00 -5.808957587178562143e+00 -5.269668849367414865e+00 -4.269595126935086249e+00 -3.950908592023185673e+00 -4.184317163301084719e+00 -4.486960716528776594e+00 -4.457350147630834591e+00 -4.843318593194540611e+00 nan -2.774700407005453506e+00 -3.422218069936367346e+00 nan
nan nan nan nan nan nan nan nan nan nan -4.858452522038906096e+00 -4.715365508224472535e+00 -4.600303788470690769e+00 -4.562209412258907193e+00 -4.283909879315986657e+00 -4.163706167733804975e+00 -4.255270428210551792e+00 -4.549419624694749587e+00 -4.598969845078838325e+00 -4.556819952943843788e+00 -4.277291069366422782e+00 -4.288495549464617973e+00 -4.663691905316977859e+00 -4.964708667233466599e+00 -4.451278974852832526e+00 -3.133484703354173284e+00 -2.409674529696595346e+00 nan
nan nan nan nan nan nan nan nan nan nan nan nan -4.068987614973726963e+00 -3.841277503021513162e+00 -3.836189047377646322e+00 -3.782539514599561059e+00 -3.785810336566467704e+00 -3.875301543785914404e+00 -4.004973519837195184e+00 -4.433705022557978381e+00 -4.842571581551644577e+00 -4.220715756271806285e+00 -3.585394916830465295e+00 -3.108288586835684875e+00 -2.668555334798440537e+00 -2.203564055125327936e+00 -1.852668662615481798e+00 nan
nan nan nan nan nan nan nan nan nan nan nan nan nan -3.565497629242850852e+00 -3.216753879969734609e+00 -3.192706084053902327e+00 -3.476389088516032899e+00 -3.635842517108960781e+00 -3.783182438275094928e+00 -3.853846149581454217e+00 -4.175867813910796755e+00 -4.335994052837886414e+00 -3.712536139845055150e+00 -2.441502251513773203e+00 -1.639902650342291546e+00 -1.361820617876523754e+00 -1.515122499499184983e+00 nan
nan nan nan nan nan nan nan nan nan nan nan nan nan nan nan -2.666994642216636624e+00 -2.534987936637279837e+00 -3.083058371397982889e+00 -3.255833997326732288e+00 -3.180619217470348481e+00 -3.358441271320876886e+00 -3.619938075151112766e+00 -3.687389483177260452e+00 -2.498052719890134110e+00 -1.306097636160886921e+00 -1.074304574724860073e+00 -1.294761576264068959e+00 nan
nan nan nan nan nan nan nan nan nan nan nan nan nan nan nan nan nan -1.935366199020439604e+00 -2.311137612601801727e+00 -2.173764888690622232e+00 -1.147152451585748745e+00 -1.901290034989246092e+00 -2.068848203200350788e+00 -2.228343449956359912e+00 -1.273209443814569797e+00 -1.217223149910277913e+00 -1.252776269879370519e+00 nan
nan nan nan nan nan nan nan nan nan nan nan nan nan nan nan nan nan nan nan nan -9.014213789373413110e-01 nan nan -1.941578779008226618e+00 -1.339120576781477556e+00 -1.327858613187710368e+00 nan nan
