nan nan nan 1.225710450210806934e+00 7.545643389522354028e-01 -4.966226240227031852e-01 nan nan nan nan nan nan nan nan nan nan nan nan nan nan nan nan nan nan nan nan nan nan
nan nan 1.593793725327782962e+00 1.121900019399708182e+00 6.350817266890046442e-01 -3.349828411278318874e-02 -1.481118111307549112e+00 nan nan nan nan nan nan nan nan nan nan nan nan nan nan nan nan nan nan nan nan nan
nan nan 1.944322461697977733e+00 1.166303022621588470e+00 6.599194067171741951e-01 8.105632610902076263e-02 -7.454964750778880767e-01 -2.425072209628477804e+00 nan nan nan nan nan nan nan nan nan nan nan nan nan nan nan nan nan nan nan nan
nan 2.435531707494812181e+00 2.085712405101478595e+00 1.576173378383105561e+00 9.113595784374028952e-01 1.701508272351474893e-01 -7.718568160760673758e-01 -1.143047316370064070e+00 -1.234915780619183057e+00 nan nan nan nan nan nan nan nan nan nan nan nan nan nan nan nan nan nan nan
2.452031764804813552e+00 2.329552437036669144e+00 1.951534879419639434e+00 1.541803769935467194e+00 1.067572869499419541e+00 3.876828115151174647e-01 -5.850246371273288837e-01 -1.261634472293143849e+00 -1.304461597081918445e+00 -9.535077538535148278e-01 nan nan nan nan nan nan nan nan nan nan nan nan nan nan nan nan nan nan
2.386368165972165389e+00 2.240811374254624067e+00 1.867038532167154763e+00 1.435303503876577347e+00 1.179236222031946113e+00 7.652174351181385559e-01 -3.226468308835436782e-01 -1.501405740618202422e+00 -2.236580638750595540e+00 nan nan nan nan nan nan nan nan nan nan nan nan nan nan nan nan nan nan nan
2.331094765643031419e+00 2.206625062712736174e+00 1.874921315830128998e+00 1.475418327580000799e+00 1.345483264618996921e+00 9.558197351762209859e-01 -4.548172739732016245e-02 -1.757372821487128034e+00 -2.451684296765408888e+00 nan nan nan nan nan nan nan nan nan nan nan nan nan nan nan nan nan nan nan
2.198483830153565410e+00 2.164741785125098517e+00 1.895524778659773757e+00 1.502201074727670616e+00 1.520862550919701572e+00 1.291181036431745977e+00 3.604782278832207032e-01 -1.390902645246335556e+00 -2.859174657890716009e+00 nan nan nan nan nan nan nan nan nan nan nan nan nan nan nan nan nan nan nan
nan 2.029182164828478019e+00 1.727140605164156240e+00 1.345427905145368364e+00 1.376989703457294656e+00 1.372676493248438101e+00 7.972736750232711778e-01 -6.027150233740561358e-01 -2.485696031284052143e+00 -1.544126282557619190e+00 nan nan nan nan nan nan nan nan nan nan nan nan nan nan nan nan nan nan
nan 1.738274608022583267e+00 1.527372563269816963e+00 1.204417773849546736e+00 1.103621217098659013e+00 1.159051253846223872e+00 8.089574425584051820e-01 -3.581844035066188842e-02 -1.199186438328207149e+00 -1.257161694636967031e+00 nan nan nan nan nan nan nan nan nan nan nan nan nan nan nan nan nan nan
nan 1.707518997132046579e+00 1.353687992625182801e+00 1.182170008135700057e+00 8.559657525124588773e-01 7.886331720150172586e-01 5.133849976158944006e-01 8.009349513953331612e-02 -6.944571399235739406e-01 -9.368252706725258561e-01 nan nan nan nan nan nan nan nan nan nan nan nan nan nan nan nan nan nan
nan nan 1.431617313345434628e+00 1.382128974440698821e+00 1.018494820554221914e+00 4.102624111747818492e-01 2.000669015290941211e-01 7.894186193260192830e-02 -3.872898111531528631e-01 3.660097827315266228e-01 nan nan nan nan nan nan nan nan nan nan nan nan nan nan nan nan nan nan
nan nan 2.121906366009776335e+00 1.125404023419766641e+00 8.365856807064878664e-01 nan -5.033252921278400134e-03 -2.239557386627718041e-02 -1.965647316420524315e-01 9.846240326990772784e-01 nan nan nan nan nan nan nan nan nan nan nan nan nan nan nan nan nan nan
nan nan nan nan nan nan 3.716350121457799305e-01 -1.073016198457324433e-02 -2.284785709636447115e-01 1.628376973217307899e+00 nan nan 1.115125438803582503e+00 nan nan nan nan nan nan nan nan nan nan nan nan nan nan nan
nan nan nan nan nan -2.189742973331388065e-01 5.518471865516425545e-01 1.410883483162657936e-01 -3.010452858640573215e-01 6.912880649128605448e-01 nan nan nan nan nan nan nan nan nan nan nan nan nan nan nan nan nan nan
nan nan nan nan nan -3.667710319752341408e-01 1.247219578074695856e-01 2.368842352805928808e-01 -9.627896419688286578e-02 1.688349053005627209e-01 1.328535951715350105e+00 nan nan nan nan nan nan nan nan nan nan nan nan nan nan nan nan nan
nan nan nan nan nan -6.739428562713194459e-01 8.175122798470904617e-02 4.310300725293811919e-01 4.513333507911203024e-01 6.175078311624975225e-01 1.475231598573997660e+00 7.135028451635031521e-01 nan -6.710939123875161449e-01 nan nan nan nan nan nan nan nan nan nan nan nan nan nan
nan nan nan nan nan 4.102325756127427892e-01 7.151467443592232076e-01 1.028065243498456738e+00 1.147904396583689701e+00 1.369850446822433065e+00 1.733915450876759579e+00 2.152361842025252159e+00 1.658977710751605272e+00 9.668209429152551104e-01 5.856377510873136405e-01 nan nan nan nan nan nan nan nan nan nan nan nan nan
nan nan nan nan nan 1.263861557725000528e+00 1.345140020136507353e+00 1.400475853488940325e+00 1.629822350372140516e+00 1.742404633373514145e+00 1.876098530216984583e+00 2.037879262524227908e+00 1.978739027990485955e+00 1.662012661945968972e+00 1.410074568597684763e+00 -3.949598703599606631e-01 -4.341116230904317197e-01 nan nan nan nan nan nan nan nan nan nan nan
nan nan nan nan nan nan 1.539346493254098114e+00 1.565056027720906906e+00 1.596814492009193565e+00 1.646215133127834074e+00 1.748082533225544299e+00 1.755133700300112398e+00 1.602592061078472740e+00 1.399373204894878819e+00 1.639852970046556946e+00 2.186783838040662342e+00 2.206675280302562658e+00 1.115577381600605600e+00 nan nan nan nan nan nan nan nan nan nan
nan nan nan nan nan nan nan 1.386996841370579769e+00 1.407097979349483330e+00 1.357433096538249506e+00 1.287371118689671912e+00 1.327491923502291282e+00 1.114891224103659484e+00 9.417452810740454261e-01 1.044073143586618624e+00 1.433181131239140926e+00 1.888086892520006499e+00 2.110485249680901454e+00 2.179980797040162344e+00 nan nan 2.711214646796663574e-01 nan nan nan nan nan nan
nan nan nan nan nan nan nan 8.793177627397849028e-01 8.665850054288655180e-01 7.965052830408918538e-01 8.370333129087091928e-01 7.514935488985866607e-01 7.579618533768961441e-01 5.945964049182380640e-01 4.070746626460408080e-01 6.535598928428949517e-01 9.949072246735848335e-01 1.471973892409639495e+00 1.714174758770753870e+00 2.050227763746012233e+00 2.623591188509657002e+00 2.374530670320181169e+00 1.105518085152906060e+00 nan nan nan nan nan
nan nan nan nan nan nan nan nan 2.355696637823866402e-01 1.406556894941349556e-01 2.811770314987478980e-01 2.631881648311145683e-01 3.473421614245947309e-01 2.105610182641298456e-01 5.175128874054998884e-02 3.153358202221325651e-02 4.936378323293255099e-01 7.446442107451619608e-01 1.144542538763814399e+00 1.476739468944184841e+00 1.682854664573257830e+00 2.006374303927388247e+00 2.298249341513654898e+00 1.839820747572439075e+00 nan 5.766126106695386166e-01 1.968516146159540736e-01 nan
nan nan nan nan nan nan nan nan nan -3.878226605119532988e-01 -2.928775155053249812e-01 -1.145307076230358684e-01 -3.826428314908739831e-02 -2.487180303188441313e-02 -8.977464484857995697e-02 -1.113467782466832368e-01 -8.266415162479597012e-02 3.206203981197774944e-01 6.976267709402930173e-01 1.031743024585853874e+00 1.337343791163775775e+00 1.546231476107828628e+00 1.795239083799580193e+00 2.252954092402227104e+00 nan 1.593908790756859650e+00 7.442247922166590479e-01 nan
nan nan nan nan nan nan nan nan nan nan -7.480025610570799621e-01 -5.096635911053100099e-01 -2.697154384109983205e-01 -1.717956077434520112e-01 -1.170295664349786380e-01 -1.848722054094463219e-01 -1.600156017519378804e-01 -2.271113788518039078e-01 1.017801732077446286e-01 5.426547506782839481e-01 8.390388860452789865e-01 1.065725241014340519e+00 1.299373966919339818e+00 1.626420744349391212e+00 2.123401914574032823e+00 2.758998824263150240e+00 1.957533049012484039e+00 nan
nan nan nan nan nan nan nan nan nan nan nan nan -6.677637124060026297e-01 -4.904027246612001067e-01 -3.123168195644224210e-01 -2.127171937204851149e-01 -1.510458339939757255e-01 -2.415536114241644272e-01 -2.185821750800259755e-01 -6.366360857749227276e-02 9.094141369809573272e-02 5.761362691447299289e-01 8.340970976526772551e-01 1.210930832321132300e+00 1.638181093603465310e+00 2.132399593282343631e+00 2.109499603770242704e+00 nan
nan nan nan nan nan nan nan nan nan nan nan nan nan -7.228981888773425846e-01 -5.664015191005766781e-01 -4.314006885840552252e-01 -1.722534537054895010e-01 1.401572289300356995e-02 -1.536661711612284098e-01 -2.464707050843009672e-01 -3.303034360827153404e-01 -9.874843502254228300e-02 5.169157357384327467e-01 9.272088824670713381e-01 1.375671877372731888e+00 1.675462179439871413e+00 1.745100183047427533e+00 nan
nan nan nan nan nan nan nan nan nan nan nan nan nan nan nan -7.110422136043524910e-01 -4.900795112288162114e-01 -1.294027638405847308e-02 3.693688995179221779e-01 2.676563841418644896e-01 3.478727501798859877e-03 -2.547739783023589832e-01 4.012549818645585464e-01 9.192899752773289190e-01 1.126079805954421920e+00 1.312819824675298896e+00 1.335099326881250548e+00 nan
nan nan nan nan nan nan nan nan nan nan nan nan nan nan nan nan nan 1.318489819556784848e-01 6.842591950954965974e-01 9.190374921833733834e-01 9.739137365358374598e-01 1.553488291873074578e+00 1.967453876171058269e+00 8.925386563163614229e-01 8.768886473215892208e-01 9.420125452024610269e-01 9.307735481276355749e-01 nan
nan nan nan nan nan nan nan nan nan nan nan nan nan nan nan nan nan nan nan nan 7.892023886446778436e-01 nan nan -3.710731254659825895e-01 4.089137292412307612e-01 4.787825958367036283e-01 nan nan
