nan nan nan 3.913802991055067793e+00 1.974850573986056235e+00 -1.377420326446593180e+00 nan nan nan nan nan nan nan nan nan nan nan nan nan nan nan nan nan nan nan nan nan nan
nan nan 5.096173529534811841e+00 4.330764467778957183e+00 2.667813935469871112e+00 -1.005362355628544702e+00 -5.381578436003285226e+00 nan nan nan nan nan nan nan nan nan nan nan nan nan nan nan nan nan nan nan nan nan
nan nan 5.424281531295471304e+00 4.725126804307863360e+00 3.308918821346567007e+00 2.697788557597957659e-01 -3.907100810487925457e+00 -7.729519342463348153e+00 nan nan nan nan nan nan nan nan nan nan nan nan nan nan nan nan nan nan nan nan
nan 5.932709679602091057e+00 5.833445997541229389e+00 5.327943271748131870e+00 4.032674434511300809e+00 1.337195811681327395e+00 -2.010572305934709814e+00 -5.335987618885019934e+00 -6.020974673452098358e+00 nan nan nan nan nan nan nan nan nan nan nan nan nan nan nan nan nan nan nan
6.294786073933467563e+00 6.188671840416355430e+00 6.176348818957090536e+00 5.726209161503599709e+00 4.576342945131779416e+00 2.576097101379736909e+00 -6.569346418373771535e-01 -4.420474257332403845e+00 -5.132184237707678065e+00 -1.973661155568990688e+00 nan nan nan nan nan nan nan nan nan nan nan nan nan nan nan nan nan nan
7.021964233994383520e+00 6.538591977442381520e+00 6.343944955259752660e+00 5.960954929596250729e+00 4.888822655729515354e+00 3.325558484870184461e+00 2.043195500048297364e-01 -4.540529185779885069e+00 -5.998361755745700741e+00 nan nan nan nan nan nan nan nan nan nan nan nan nan nan nan nan nan nan nan
7.682947435818236137e+00 7.170084243212624386e+00 6.757388624487175477e+00 6.318048281075699713e+00 5.267794746502230119e+00 3.842662479532347408e+00 9.192925140837883147e-01 -5.108803711237116296e+00 -7.977322663940564773e+00 nan nan nan nan nan nan nan nan nan nan nan nan nan nan nan nan nan nan nan
8.204063398726818335e+00 7.691429210529904026e+00 7.264459613872833010e+00 6.831913463860924907e+00 5.978401456950287240e+00 4.694677437927687436e+00 1.902548673059589968e+00 -4.443096702769551598e+00 -9.857091575160175978e+00 nan nan nan nan nan nan nan nan nan nan nan nan nan nan nan nan nan nan nan
nan 8.208849710230133212e+00 7.857657335989919112e+00 7.374947186789730935e+00 6.550868489284058960e+00 5.382723020836677641e+00 2.786745224396150800e+00 -2.306821046394091468e+00 -8.047985644456522536e+00 -7.177506278175034282e+00 nan nan nan nan nan nan nan nan nan nan nan nan nan nan nan nan nan nan
nan 8.610944573335936880e+00 8.299463433105307431e+00 7.824311438382210326e+00 7.042489942510603562e+00 5.740924448761976606e+00 3.297472855564497429e+00 -9.614354048197494285e-01 -5.158841338369627216e+00 -5.156370481185257759e+00 nan nan nan nan nan nan nan nan nan nan nan nan nan nan nan nan nan nan
nan 8.708781915343839941e+00 8.436918617339854265e+00 7.993262941267835764e+00 7.152876094049862132e+00 5.778165833312264965e+00 3.725087195653108196e+00 -1.254204095341823644e+00 -4.735656583805983644e+00 -4.059142438114774265e+00 nan nan nan nan nan nan nan nan nan nan nan nan nan nan nan nan nan nan
nan nan 8.060791506057913836e+00 7.884561834891866461e+00 6.930668219734405611e+00 5.893902619092652451e+00 3.812984076224430030e+00 -1.564776009504340148e+00 -5.041353480615678784e+00 -3.268757227967682866e+00 nan nan nan nan nan nan nan nan nan nan nan nan nan nan nan nan nan nan
nan nan 5.935221556765610806e+00 6.238877748167728221e+00 5.476840065720582018e+00 nan 3.859526504369381161e+00 -1.860357355618709851e+00 -5.511033160211453286e+00 -3.595728979081280308e+00 nan nan nan nan nan nan nan nan nan nan nan nan nan nan nan nan nan nan
nan nan nan nan nan nan 2.553130058214204468e+00 -2.045221026952326770e+00 -5.827129693909727237e+00 -4.383771040231302152e+00 nan nan -1.868036864198638236e+00 nan nan nan nan nan nan nan nan nan nan nan nan nan nan nan
nan nan nan nan nan 5.165284118344113828e+00 2.545042163966003912e+00 -2.033058837944399233e+00 -5.934093934695677142e+00 -6.702020281794619727e+00 nan nan nan nan nan nan nan nan nan nan nan nan nan nan nan nan nan nan
nan nan nan nan nan 3.923573696725843885e+00 2.682795103956782334e+00 -1.110908948862147971e+00 -5.148748583813540947e+00 -9.112737306676622850e+00 -6.384072076647192340e+00 nan nan nan nan nan nan nan nan nan nan nan nan nan nan nan nan nan
nan nan nan nan nan 3.677972385767442454e+00 2.760306966647132487e+00 1.862234687392296806e-01 -2.605541541076079604e+00 -6.278894248136785095e+00 -9.195212579103877459e+00 -7.786354918541131376e+00 nan -3.162232388439547126e+00 nan nan nan nan nan nan nan nan nan nan nan nan nan nan
nan nan nan nan nan 3.851683019886591008e+00 2.943325961885029152e+00 1.139411632294086818e+00 -5.528872064415117915e-01 -2.495503367726823463e+00 -4.884900609586620313e+00 -7.632043110087741944e+00 -8.847201951066628212e+00 -7.789407743143949681e+00 -2.882526919237859087e+00 nan nan nan nan nan nan nan nan nan nan nan nan nan
nan nan nan nan nan 4.331276412015284016e+00 3.180695417200605224e+00 1.927213107983311691e+00 8.352160591518071886e-01 -4.904349126040508655e-01 -1.827285406806689272e+00 -4.502450736914841656e+00 -7.739745740297221843e+00 -9.284889973452250089e+00 -8.872962228867262269e+00 -4.790910621223308574e+00 -2.346617291648489090e+00 nan nan nan nan nan nan nan nan nan nan nan
nan nan nan nan nan nan 3.744297754363131059e+00 2.751819422040592045e+00 1.825500103022853260e+00 6.739479355887475487e-01 -4.363688551124242920e-01 -1.738267648312075364e+00 -5.156381672386311621e+00 -8.381870263108067931e+00 -1.000495047664315251e+01 -9.811847878581318128e+00 -7.356668613249245148e+00 -4.719707877919024241e+00 nan nan nan nan nan nan nan nan nan nan
nan nan nan nan nan nan nan 3.583718479444380378e+00 2.681456385064350467e+00 1.676661493705071448e+00 3.539974132523891481e-01 -6.164487612541914574e-01 -2.301216095067600609e+00 -4.713942252489020213e+00 -6.956975067738390806e+00 -8.731940890877858408e+00 -9.204161701636037307e+00 -8.223066199800646459e+00 -6.027595649726656291e+00 nan nan -2.710862566223186665e+00 nan nan nan nan nan nan
nan nan nan nan nan nan nan 4.133173065541770441e+00 3.425078761433978602e+00 2.577101772848975347e+00 1.444998270618296221e+00 2.051261049602299824e-01 -1.062405166400136602e+00 -2.988669699866916663e+00 -4.412257288747117201e+00 -5.429057743043998130e+00 -6.344846469769160002e+00 -6.505321124512765785e+00 -5.993988514433413961e+00 -5.146302289259514495e+00 -3.972521985046320037e+00 -3.125321255336597659e+00 -2.077248493899685133e+00 nan nan nan nan nan
nan nan nan nan nan nan nan nan 4.027759659334501308e+00 3.094438992095496666e+00 2.175307033115350119e+00 1.090693255346455004e+00 -1.345559469229513916e-01 -1.608673336839186785e+00 -3.006141541934686412e+00 -3.770398924338195012e+00 -4.311077668794847106e+00 -4.805622435935605452e+00 -4.605035086869452066e+00 -4.487219445119732697e+00 -4.038011348770609743e+00 -3.480672491777227595e+00 -3.120652873325235444e+00 -1.900800943074497873e+00 nan -1.099720895491460348e+00 -2.622127923653982950e+00 nan
nan nan nan nan nan nan nan nan nan 3.734848582350210222e+00 2.333986697465821880e+00 1.562467759188441274e+00 6.621305287546320750e-01 -5.440754284489432990e-01 -1.636373351338350934e+00 -2.489262288260984057e+00 -3.060635579871045842e+00 -3.523374410605116136e+00 -4.077589303420971589e+00 -4.057416483627060089e+00 -3.923852532804098736e+00 -3.649425286295627124e+00 -3.711064670893192918e+00 -4.032768652047751701e+00 nan -2.122020209440253602e+00 -3.117182985486681268e+00 nan
nan nan nan nan nan nan nan nan nan nan 2.885907238732758451e+00 1.860383086136102149e+00 1.030760816371894872e+00 2.479956530711203422e-01 -7.840189801311772122e-01 -1.337448688757268522e+00 -2.102023133976338887e+00 -2.565237242125154360e+00 -2.848084527697767765e+00 -3.489201847406930845e+00 -3.837371952967023159e+00 -3.285046546144856805e+00 -3.212315785952605030e+00 -3.616285721650915441e+00 -3.570007341701026959e+00 -2.651616770321771011e+00 -2.277445330839749094e+00 nan
nan nan nan nan nan nan nan nan nan nan nan nan 1.415886979067043194e+00 7.487866784204799675e-01 -5.392132080538619698e-02 -4.526788299815258099e-01 -9.321010415182180431e-01 -1.625171300369858463e+00 -1.674010276334896519e+00 -1.975567565420533134e+00 -3.092333165561578667e+00 -3.403123347520309316e+00 -2.992483043414667865e+00 -2.853318908457185721e+00 -2.510935326103263865e+00 -2.004597036925356068e+00 -1.672970458616009015e+00 nan
nan nan nan nan nan nan nan nan nan nan nan nan nan 1.139831621010576113e+00 4.718225565574240554e-01 1.727603286763447765e-01 2.292665377759195086e-02 -4.820013590655962132e-01 -8.448313462499612569e-01 -9.994215690346698322e-01 -1.860792976299840307e+00 -3.086518423985267656e+00 -3.147699930745655905e+00 -2.810733402475721565e+00 -2.141542136364661175e+00 -1.516972253273135118e+00 -1.066067825136049363e+00 nan
nan nan nan nan nan nan nan nan nan nan nan nan nan nan nan 6.328538965022295626e-01 7.089419369831732043e-01 6.078764849895392786e-01 -1.459110585943898530e-01 -4.531077189415188000e-01 -6.469689440432845329e-01 -1.417161473683705708e+00 -3.017711544840557369e+00 -2.412199086301016315e+00 -1.441048376833161893e+00 -7.640797979860930456e-01 -2.842829834738424544e-01 nan
nan nan nan nan nan nan nan nan nan nan nan nan nan nan nan nan nan 1.248795184206145992e+00 5.134281130872128118e-01 -4.316620555935574699e-01 -4.667860562743596509e-01 -1.060278229426628416e+00 -1.695903055014993166e+00 -1.153972758175734858e+00 -3.220063424347886505e-01 3.022592877567090719e-01 7.503930670097119782e-01 nan
nan nan nan nan nan nan nan nan nan nan nan nan nan nan nan nan nan nan nan nan -8.887594741675103327e-01 nan nan 7.724859325589530368e-01 3.527503683546297508e-01 1.005368359997051764e+00 nan nan
