nan nan nan -4.142205356428966034e+00 -3.383034454116243150e+00 -2.639553104698076247e+00 nan nan nan nan nan nan nan nan nan nan nan nan nan nan nan nan nan nan nan nan nan nan
nan nan -5.296915016616622118e+00 -4.884337484882975922e+00 -4.191250109832303394e+00 -3.264579855973809508e+00 -2.531774997939147731e+00 nan nan nan nan nan nan nan nan nan nan nan nan nan nan nan nan nan nan nan nan nan
nan nan -5.938444057625921424e+00 -5.585478556246092907e+00 -4.973042848473864019e+00 -4.195332679497547623e+00 -3.110946391546717482e+00 -1.858362525048667280e+00 nan nan nan nan nan nan nan nan nan nan nan nan nan nan nan nan nan nan nan nan
nan -6.200467679319809022e+00 -6.303234481200673756e+00 -6.185014491517144108e+00 -5.737075624075695934e+00 -4.937595828369847339e+00 -3.966630628462393116e+00 -2.303389432047632912e+00 7.486287265586223649e-02 nan nan nan nan nan nan nan nan nan nan nan nan nan nan nan nan nan nan nan
-6.330284004435093870e+00 -6.342839768605980311e+00 -6.516855369040828627e+00 -6.596429767461364335e+00 -6.307962470552104683e+00 -5.654621648801978928e+00 -4.663565859175546002e+00 -3.072868041443996390e+00 -7.451644332657479941e-01 7.378709240209423426e-01 nan nan nan nan nan nan nan nan nan nan nan nan nan nan nan nan nan nan
-6.309537050871395714e+00 -6.369431399861914755e+00 -6.584813370108718367e+00 -6.812565754633864934e+00 -6.694827934564299809e+00 -6.182024861653040659e+00 -5.293930829105479852e+00 -3.716497332714853385e+00 -1.154343426983071019e+00 nan nan nan nan nan nan nan nan nan nan nan nan nan nan nan nan nan nan nan
-6.104961860268665497e+00 -6.253928572747208037e+00 -6.570310208903227256e+00 -6.950203195505063825e+00 -6.913946081616333394e+00 -6.489890510268661039e+00 -5.713492228859989197e+00 -4.153019440418566077e+00 -1.103334247927079792e+00 nan nan nan nan nan nan nan nan nan nan nan nan nan nan nan nan nan nan nan
-5.795350717585346700e+00 -6.142255258636276416e+00 -6.509552570835578145e+00 -6.961924003102179626e+00 -7.195157464216253906e+00 -6.810494042749533072e+00 -5.950471572747126459e+00 -4.537195850892067561e+00 -1.512405112045675182e+00 nan nan nan nan nan nan nan nan nan nan nan nan nan nan nan nan nan nan nan
nan -5.614588613964580865e+00 -6.375295505443128619e+00 -6.958508984758537075e+00 -7.362561195268789049e+00 -7.271986929020783030e+00 -6.300157749007468055e+00 -4.777567922586191784e+00 -2.145128502103768930e+00 7.926636960717089453e-01 nan nan nan nan nan nan nan nan nan nan nan nan nan nan nan nan nan nan
nan -4.840686579327310390e+00 -5.774374097623830693e+00 -6.882605973575746994e+00 -7.509241162692478433e+00 -7.699856995554091199e+00 -6.883590138225103239e+00 -5.220884487475888847e+00 -2.484161476640915911e+00 3.058135307955144877e-01 nan nan nan nan nan nan nan nan nan nan nan nan nan nan nan nan nan nan
nan -4.125950533640137863e+00 -4.954312125136957512e+00 -6.581642947662317056e+00 -7.513199373124651359e+00 -7.946136356460261396e+00 -7.445958338803327692e+00 -5.513171250281116542e+00 -3.265969847225516531e+00 -6.151259749372884889e-01 nan nan nan nan nan nan nan nan nan nan nan nan nan nan nan nan nan nan
nan nan -4.136375855263961121e+00 -6.116450031530820119e+00 -6.660920633426418824e+00 -7.844957629833289481e+00 -7.479975116886246944e+00 -5.756359048304735992e+00 -3.573487027557531892e+00 4.826271467892272876e-02 nan nan nan nan nan nan nan nan nan nan nan nan nan nan nan nan nan nan
nan nan -1.503039382499258947e+00 -5.388301166958448185e+00 -5.253157300033034716e+00 nan -6.729042151714192954e+00 -5.624781150347595293e+00 -3.689380252262850934e+00 -2.605589505533477748e-02 nan nan nan nan nan nan nan nan nan nan nan nan nan nan nan nan nan nan
nan nan nan nan nan nan -5.329898124892567424e+00 -5.731954466258720515e+00 -4.293455431380491127e+00 -7.897008450240688981e-01 nan nan 1.041803026696103585e+00 nan nan nan nan nan nan nan nan nan nan nan nan nan nan nan
nan nan nan nan nan -6.075955210611935442e+00 -5.807990698173865596e+00 -6.202428181509756833e+00 -5.491627283182062058e+00 -3.019752312437476327e+00 nan nan nan nan nan nan nan nan nan nan nan nan nan nan nan nan nan nan
nan nan nan nan nan -4.329865130519181982e+00 -5.817227355837315983e+00 -6.315401630918087150e+00 -6.251341189181312430e+00 -5.699728596713618423e+00 -2.688642197337457684e+00 nan nan nan nan nan nan nan nan nan nan nan nan nan nan nan nan nan
nan nan nan nan nan -4.399389984627727124e+00 -5.557164371341559495e+00 -6.211473693134451857e+00 -6.324223880853243607e+00 -6.014845845105072364e+00 -4.809958273429623787e+00 -2.694161247473819021e+00 nan -5.606574231608203451e-01 nan nan nan nan nan nan nan nan nan nan nan nan nan nan
nan nan nan nan nan -4.563566183230499007e+00 -5.446179651676586353e+00 -5.946124162754104603e+00 -6.210625881324793873e+00 -5.882825185504913179e+00 -5.259916107540882457e+00 -3.976676382034443957e+00 -2.158109579141705314e+00 -6.517767344387206396e-01 2.942632271991925119e-01 nan nan nan nan nan nan nan nan nan nan nan nan nan
nan nan nan nan nan -4.771241387970949432e+00 -5.190266930291432601e+00 -5.558806284832360056e+00 -5.794346609349398491e+00 -5.774319044285983082e+00 -5.286866502340130225e+00 -4.628440753285086195e+00 -3.385479075504421509e+00 -1.729557549313344822e+00 -3.907370202480308086e-01 -7.383560304166644217e-01 -4.762722076449020792e-01 nan nan nan nan nan nan nan nan nan nan nan
nan nan nan nan nan nan -4.840373001785732043e+00 -5.204784075670088050e+00 -5.393542101793117105e+00 -5.495013601083614141e+00 -5.154116459144239215e+00 -4.624230903081369526e+00 -4.065963461279967106e+00 -2.981043709980087275e+00 -1.188012041360944071e+00 8.738844617871953380e-02 8.903861918490844074e-01 3.616245729634626760e-01 nan nan nan nan nan nan nan nan nan nan
nan nan nan nan nan nan nan -4.843560632009060285e+00 -5.002418863010519523e+00 -5.190891341628514510e+00 -5.027320931152428507e+00 -4.523559021906812028e+00 -4.053332182014496965e+00 -3.481049016744077740e+00 -2.315615782025710612e+00 -8.542510307940121006e-01 2.404752105326831979e-01 7.972152025984893253e-01 7.323265332116940529e-01 nan nan -4.725939871730178710e-01 nan nan nan nan nan nan
nan nan nan nan nan nan nan -4.512300477643154117e+00 -4.733046383348792574e+00 -4.868742552526414080e+00 -4.831961949297119752e+00 -4.390206331441639520e+00 -4.023463752364136781e+00 -3.594518413837831439e+00 -2.918850076605450816e+00 -1.916466576936767030e+00 -6.919904857774669127e-01 1.233061359766383785e-01 4.631114945515253378e-01 7.196688804901516523e-01 8.878140059173191823e-01 5.415435892927062955e-01 -7.586177002972360750e-02 nan nan nan nan nan
nan nan nan nan nan nan nan nan -4.626287792960661172e+00 -4.984065533929228131e+00 -4.804145002979096191e+00 -4.326376700712589063e+00 -3.919979701305722486e+00 -3.640153533492527682e+00 -3.231367808773753403e+00 -2.597795098148924176e+00 -1.623309073572203554e+00 -7.591187827882202033e-01 -3.368732991804323507e-01 -1.769585623753859860e-01 5.015943184707787744e-02 4.795527963126473003e-01 9.504300047796836459e-01 5.827600580293242905e-01 nan -5.288571620599623602e-01 -5.288849658091191452e-01 nan
nan nan nan nan nan nan nan nan nan -4.819435720384698918e+00 -4.949304462682329486e+00 -4.406604096277593641e+00 -3.988496243177714007e+00 -3.735776172911730697e+00 -3.479832966351306567e+00 -3.045994534181275970e+00 -2.514300948809757852e+00 -1.723591601754494995e+00 -1.355744867910325446e+00 -1.271861016302587633e+00 -1.144084270741481557e+00 -8.159339125015216965e-01 -2.659697639006912695e-01 4.459628378756956835e-01 nan -4.883499713728470804e-01 -9.555444311881575725e-01 nan
nan nan nan nan nan nan nan nan nan nan -4.864060407960463017e+00 -4.652083917945994962e+00 -4.210977421170685631e+00 -3.934333614493628950e+00 -3.701988394458181286e+00 -3.453765319929245070e+00 -3.095381198425600555e+00 -2.817566042736024290e+00 -2.306798725815989659e+00 -2.041547720272665511e+00 -1.930327710416400722e+00 -1.863130619028737334e+00 -1.605920527299993905e+00 -1.123158934077538529e+00 -7.250734928346863617e-01 -6.061060156448109248e-01 -1.134304208891599997e+00 nan
nan nan nan nan nan nan nan nan nan nan nan nan -4.367683717563065393e+00 -4.071617240753778511e+00 -3.856370747184650227e+00 -3.798003958567623073e+00 -3.616877555570589209e+00 -3.375922168278194579e+00 -3.300906639249586050e+00 -3.268604607795484895e+00 -2.825713671601413068e+00 -2.652683268703058150e+00 -2.491370432690813264e+00 -2.025851696934873214e+00 -1.566420865037274401e+00 -1.191146855780066849e+00 -1.279327222839337530e+00 nan
nan nan nan nan nan nan nan nan nan nan nan nan nan -4.115067238360504476e+00 -3.783789367040394591e+00 -3.824691657033574277e+00 -3.777143458908875484e+00 -3.688812219775743362e+00 -3.589658610993308852e+00 -3.814723894984495267e+00 -3.965603658334069692e+00 -3.073291420731984136e+00 -2.623930864559587572e+00 -2.334529607253493122e+00 -1.893309057156918440e+00 -1.564964853126010969e+00 -1.451342292290874747e+00 nan
nan nan nan nan nan nan nan nan nan nan nan nan nan nan nan -3.405057888698971080e+00 -3.541376202312625843e+00 -3.647711605674013757e+00 -3.591394647498299619e+00 -3.766748912618913092e+00 -4.151213936667455862e+00 -4.221657598239328735e+00 -3.005939212710191821e+00 -2.054732956292447454e+00 -1.799553061512574770e+00 -1.672760602301244459e+00 -1.618891977331188725e+00 nan
nan nan nan nan nan nan nan nan nan nan nan nan nan nan nan nan nan -2.544604880376154288e+00 -2.813959905277099161e+00 -2.786243926859916176e+00 -2.576698231627378100e+00 -2.414525870569195209e+00 -1.730741540210809948e+00 -1.387542635754701159e+00 -1.444602384774506643e+00 -1.590805290340788547e+00 -1.622127763224697095e+00 nan
nan nan nan nan nan nan nan nan nan nan nan nan nan nan nan nan nan nan nan nan -1.062394556745567487e+00 nan nan -1.375846428535328902e+00 -1.142017013457854224e+00 -1.318185525502009625e+00 nan nan
