nan nan nan 2.662670491227057522e-03 -6.502716791867203527e-01 -2.052275804069812803e+00 nan nan nan nan nan nan nan nan nan nan nan nan nan nan nan nan nan nan nan nan nan nan
nan nan -1.375140980216222608e-01 -3.094656244878056239e-01 -7.386470007781931191e-01 -1.692763538929095812e+00 -2.371152705796389704e+00 nan nan nan nan nan nan nan nan nan nan nan nan nan nan nan nan nan nan nan nan nan
nan nan -5.947719954692600730e-01 -6.454039357156042822e-01 -8.995943441937258589e-01 -1.592999893377072151e+00 -2.039379161734762302e+00 -2.666735571344715172e+00 nan nan nan nan nan nan nan nan nan nan nan nan nan nan nan nan nan nan nan nan
nan -3.058867200637337969e-01 -6.758361888353278113e-01 -1.072702645678286215e+00 -1.218583400214184875e+00 -1.379808954155550937e+00 -1.818852635731223133e+00 -1.890334234864081031e+00 -1.445290180679846159e+00 nan nan nan nan nan nan nan nan nan nan nan nan nan nan nan nan nan nan nan
2.960055782132468005e-01 -1.578487807742328664e-01 -6.069532773319171737e-01 -1.099221593783897166e+00 -1.261228631217058860e+00 -1.251987124657964801e+00 -1.480658210576842881e+00 -1.520527935516009288e+00 -1.067361579653876680e+00 -1.379213679710285523e-01 nan nan nan nan nan nan nan nan nan nan nan nan nan nan nan nan nan nan
4.608446845053706942e-01 -3.860246246833320266e-02 -6.377472340869723144e-01 -9.268696814894163971e-01 -1.217228845810957027e+00 -1.428664039857441947e+00 -1.621207179738190396e+00 -1.565815622621002712e+00 -9.282632779547480562e-01 nan nan nan nan nan nan nan nan nan nan nan nan nan nan nan nan nan nan nan
2.879054727451992868e-01 -3.472945679925192874e-01 -8.086885569308782662e-01 -1.072462478421697174e+00 -1.451309659092255400e+00 -1.704249227830956226e+00 -1.805557330000098215e+00 -1.851904206278300880e+00 -3.918290904265150920e-01 nan nan nan nan nan nan nan nan nan nan nan nan nan nan nan nan nan nan nan
2.221990535224834321e-02 -7.529677256943032582e-01 -1.182959140520280394e+00 -1.474682219174388464e+00 -1.820010332974403511e+00 -2.087140410308347960e+00 -2.078495816497912152e+00 -2.103814178094715270e+00 -6.274693965693376452e-01 nan nan nan nan nan nan nan nan nan nan nan nan nan nan nan nan nan nan nan
nan -9.875369524752900530e-01 -1.541848652544037135e+00 -2.000431888354164300e+00 -2.208751844033042033e+00 -2.386732711880796387e+00 -2.411825809904589057e+00 -2.181433132901404282e+00 -1.095359025586545743e+00 3.889637931442384011e-01 nan nan nan nan nan nan nan nan nan nan nan nan nan nan nan nan nan nan
nan -9.860294483305368507e-01 -1.664092379468516958e+00 -2.201258115093819967e+00 -2.454824613642489606e+00 -2.651544791219588859e+00 -2.735258173736984322e+00 -2.142451554391919810e+00 -9.689419294753497391e-01 1.939707540629719285e-01 nan nan nan nan nan nan nan nan nan nan nan nan nan nan nan nan nan nan
nan -8.864573955057617471e-01 -1.521344782298338583e+00 -2.171301739975031619e+00 -2.601357181347205394e+00 -2.905573042024785391e+00 -3.042247197954675908e+00 -2.082502487773591149e+00 -1.280001008387485761e+00 -4.896652881407055347e-01 nan nan nan nan nan nan nan nan nan nan nan nan nan nan nan nan nan nan
nan nan -1.523779997370937167e+00 -1.806277259344206243e+00 -2.375519581371044797e+00 -2.909139629164488650e+00 -2.966128529633944133e+00 -2.054318421587870702e+00 -1.177662994157587573e+00 3.341078361073920866e-01 nan nan nan nan nan nan nan nan nan nan nan nan nan nan nan nan nan nan
nan nan -5.234968999432005887e-01 -1.368326759309021812e+00 -1.791648403694079850e+00 nan -2.713470659972620602e+00 -1.753245344363574265e+00 -8.707238123534213337e-01 6.076164582165528572e-01 nan nan nan nan nan nan nan nan nan nan nan nan nan nan nan nan nan nan
nan nan nan nan nan nan -1.588542618694029906e+00 -1.417605050824313428e+00 -7.364994682143646276e-01 8.733735242592896020e-01 nan nan 1.058667642472143067e+00 nan nan nan nan nan nan nan nan nan nan nan nan nan nan nan
nan nan nan nan nan -2.642204291595388721e+00 -1.840757360303436396e+00 -1.396990154122778049e+00 -6.999829607494093553e-01 2.108743575025464334e-01 nan nan nan nan nan nan nan nan nan nan nan nan nan nan nan nan nan nan
nan nan nan nan nan -2.410152276945634053e+00 -1.993839103584161387e+00 -1.358897448591315005e+00 -6.881561009335400714e-01 -1.207417939782986366e-01 5.228055565346643174e-01 nan nan nan nan nan nan nan nan nan nan nan nan nan nan nan nan nan
nan nan nan nan nan -2.217086170864935202e+00 -1.716836784124593951e+00 -1.250893241349825935e+00 -6.197553775099119422e-01 9.057599844235310338e-02 5.971115426390801728e-01 -9.932133601921598609e-02 nan -5.833006764402628441e-01 nan nan nan nan nan nan nan nan nan nan nan nan nan nan
nan nan nan nan nan -1.157951339549027736e+00 -1.450040004875979394e+00 -1.231771111081759962e+00 -8.063470541292184768e-01 -1.346432451026106369e-01 3.173756275158353679e-01 6.867357936432628707e-01 9.684362461413896783e-01 9.108919762884130078e-01 3.908153985229172456e-01 nan nan nan nan nan nan nan nan nan nan nan nan nan
nan nan nan nan nan -1.428843542519410592e+00 -1.640085695630972173e+00 -1.511264173895382923e+00 -1.078411034857374773e+00 -5.970109534670059448e-01 -1.821501713368724462e-01 1.808353923977152333e-01 6.534977579372831524e-01 1.226033510944165350e+00 1.303205349616615383e+00 -3.965694520303889026e-01 -4.198273585846080125e-01 nan nan nan nan nan nan nan nan nan nan nan
nan nan nan nan nan nan -1.963958820147853945e+00 -1.920791057361509679e+00 -1.651621239021961784e+00 -1.080034311395633218e+00 -6.344510365779922889e-01 -4.870890008020484219e-01 -2.068167208705956883e-01 3.793607416623371309e-01 1.055195128269901250e+00 1.514315807418686877e+00 1.671520509051439340e+00 6.234164300698084027e-01 nan nan nan nan nan nan nan nan nan nan
nan nan nan nan nan nan nan -2.386376510820076735e+00 -2.116167722604401114e+00 -1.544243606474950292e+00 -1.077724603480870735e+00 -8.664306321497514674e-01 -7.554537692452033548e-01 -3.639484067851146976e-01 2.916784238123915629e-01 7.390319994021758987e-01 1.231558053922217510e+00 1.184091008957274704e+00 9.027005680865116677e-01 nan nan -4.807263483648659963e-01 nan nan nan nan nan nan
nan nan nan nan nan nan nan -2.944704411377994102e+00 -2.619659718955914318e+00 -2.137216209750614215e+00 -1.572530185415027093e+00 -1.300500403671357663e+00 -1.238640540574198701e+00 -1.031978999343304171e+00 -5.831953504289658641e-01 -1.095629748932429454e-01 2.079654237653145998e-01 5.177978992630837274e-01 6.533409471792418488e-01 8.929208227307132706e-01 1.423508750207131968e+00 1.391315338925017464e+00 4.786314761689584585e-01 nan nan nan nan nan
nan nan nan nan nan nan nan nan -3.323250689071123087e+00 -2.799637187813992956e+00 -2.254828079681629127e+00 -1.894131468053518619e+00 -1.749605563889737203e+00 -1.715587537655300476e+00 -1.494093380433471063e+00 -1.211328919141641425e+00 -9.750831156237999009e-01 -4.743824650896240613e-01 -1.839444475114166422e-01 6.950988534600878455e-02 2.260085751474370241e-01 5.042627350055494118e-01 1.173256847863353158e+00 6.831273111233154838e-01 nan -2.429477412775378486e-01 -1.389061079714401403e+00 nan
nan nan nan nan nan nan nan nan nan -3.383325068429015925e+00 -2.781964911577441857e+00 -2.418049526677457539e+00 -2.353389962585696882e+00 -2.311900218937721796e+00 -2.362298612660264308e+00 -2.178056478144295927e+00 -2.161388737525976822e+00 -1.793754552766405830e+00 -1.232584065720513822e+00 -1.048386624109029608e+00 -1.039004854528991606e+00 -1.001511619266705289e+00 -1.143848513714918136e+00 -7.060440241963843455e-01 nan -3.228211473967081968e-01 -9.298981231514865664e-01 nan
nan nan nan nan nan nan nan nan nan nan -3.502979031215005534e+00 -3.216149117603329000e+00 -3.023594121872474005e+00 -2.972390480421108094e+00 -2.959982743997124466e+00 -3.022224916712964671e+00 -3.071704332180553276e+00 -3.085209025853153264e+00 -2.699205379161461860e+00 -2.254822302925064470e+00 -2.205278971350578487e+00 -2.282046325257046426e+00 -2.189067030046501383e+00 -1.912349538194027865e+00 -1.149059045496948261e+00 -3.425992286074950322e-01 -4.749377956803416678e-01 nan
nan nan nan nan nan nan nan nan nan nan nan nan -3.561834297056636789e+00 -3.428510644776217031e+00 -3.361595989656911865e+00 -3.440251824462978725e+00 -3.633852602540588617e+00 -3.875188086562924017e+00 -4.082004202794695225e+00 -4.191984123613295310e+00 -3.699616153859830003e+00 -2.859771140743439410e+00 -2.728855301501275310e+00 -2.352979495544661237e+00 -1.706400148258442773e+00 -1.119213665383728573e+00 -8.237741065279731156e-01 nan
nan nan nan nan nan nan nan nan nan nan nan nan nan -3.696883421671388170e+00 -3.374430873090410898e+00 -3.397291805405501020e+00 -3.674602396535348259e+00 -4.030078536017494883e+00 -4.313671560592942988e+00 -4.510580224521182124e+00 -4.511672499492830113e+00 -3.759749312761946793e+00 -2.822547110703799600e+00 -2.483342389104866488e+00 -1.976893104832332160e+00 -1.508214918602371668e+00 -1.170873801706764361e+00 nan
nan nan nan nan nan nan nan nan nan nan nan nan nan nan nan -3.379028749833596024e+00 -3.406284743562260964e+00 -3.611097402208970131e+00 -3.854640938976240161e+00 -3.992343881212995882e+00 -4.022796423204611393e+00 -4.042239580876355376e+00 -3.490642523513829865e+00 -2.178724818040822075e+00 -1.816630510550403699e+00 -1.431317562702689283e+00 -1.156968451190979907e+00 nan
nan nan nan nan nan nan nan nan nan nan nan nan nan nan nan nan nan -3.385889840893673952e+00 -3.374369569071300479e+00 -3.402964174498065653e+00 -3.222057583218376209e+00 -2.323797228130514814e+00 -1.769356946614043080e+00 -2.198783398011336043e+00 -1.496785910680257459e+00 -1.217307888320301679e+00 -1.008809288302170426e+00 nan
nan nan nan nan nan nan nan nan nan nan nan nan nan nan nan nan nan nan nan nan -1.331154323621694502e+00 nan nan -1.643744543886293874e+00 -1.314005147467200985e+00 -9.672425204275446609e-01 nan nan
