nan nan nan -5.845827096203412232e+00 -6.798360528872866126e+00 -7.278546071294353936e+00 nan nan nan nan nan nan nan nan nan nan nan nan nan nan nan nan nan nan nan nan nan nan
nan nan -5.188304887776125085e+00 -5.606455860757476373e+00 -6.575261918179797327e+00 -7.139882299470126981e+00 -7.149261644696527362e+00 nan nan nan nan nan nan nan nan nan nan nan nan nan nan nan nan nan nan nan nan nan
nan nan -5.215982054817946967e+00 -5.398441736406392799e+00 -6.084314497340264971e+00 -6.613282116864398930e+00 -6.910720853054368895e+00 -6.816320443580421440e+00 nan nan nan nan nan nan nan nan nan nan nan nan nan nan nan nan nan nan nan nan
nan -5.568948679256830125e+00 -5.372195465104545598e+00 -5.321466814839939552e+00 -5.734356639960636493e+00 -6.129457646110036961e+00 -6.215049077987413462e+00 -5.688035373522759564e+00 -4.673151394973587003e+00 nan nan nan nan nan nan nan nan nan nan nan nan nan nan nan nan nan nan nan
-5.599096015888429534e+00 -5.662031192912328592e+00 -5.552834431492717826e+00 -5.484333741652172911e+00 -5.782305284918673571e+00 -6.164451197681531269e+00 -5.876014870157758807e+00 -5.124582890284004044e+00 -4.100488821987904764e+00 -1.548969343740055349e+00 nan nan nan nan nan nan nan nan nan nan nan nan nan nan nan nan nan nan
-5.640727239259511805e+00 -5.879850209714152953e+00 -5.947603187644383560e+00 -5.854498147921431972e+00 -6.072038993727442602e+00 -6.548153173791009252e+00 -6.351663849602558365e+00 -5.484524535472364626e+00 -4.244359484870761534e+00 nan nan nan nan nan nan nan nan nan nan nan nan nan nan nan nan nan nan nan
-5.734068969983836084e+00 -6.033850332464688826e+00 -6.240267517140125619e+00 -6.340145356362646645e+00 -6.554181542422376161e+00 -6.991514937238134664e+00 -7.085953647756514151e+00 -6.014801904107067720e+00 -4.210092378691642878e+00 nan nan nan nan nan nan nan nan nan nan nan nan nan nan nan nan nan nan nan
-5.762841666862104084e+00 -6.046897752909980994e+00 -6.358189654880300523e+00 -6.693966305521680482e+00 -7.124308706202941543e+00 -7.594211878191156728e+00 -7.626770964562492594e+00 -6.668036615262783684e+00 -4.748768508868835170e+00 nan nan nan nan nan nan nan nan nan nan nan nan nan nan nan nan nan nan nan
nan -5.870990116269559245e+00 -6.265355562653363464e+00 -6.737119497010787939e+00 -7.532450304442851241e+00 -8.401540755969286067e+00 -8.343131584866856798e+00 -7.096242518567513535e+00 -5.109554694285002086e+00 -2.277303527324781030e+00 nan nan nan nan nan nan nan nan nan nan nan nan nan nan nan nan nan nan
nan -5.580706316244762100e+00 -5.902987250316252599e+00 -6.492673762725520881e+00 -7.573988885546262040e+00 -8.839077186529253893e+00 -8.998689846770016487e+00 -7.404102316461386835e+00 -5.185268898155227291e+00 -3.182791128828698302e+00 nan nan nan nan nan nan nan nan nan nan nan nan nan nan nan nan nan nan
nan -5.056883570918804693e+00 -5.314469218387223748e+00 -6.071273144003032307e+00 -7.201005213712481812e+00 -8.535517632600926774e+00 -9.542509533837224112e+00 -7.996378411648648488e+00 -5.315198639520839485e+00 -2.881068760061347156e+00 nan nan nan nan nan nan nan nan nan nan nan nan nan nan nan nan nan nan
nan nan -4.881255876574246422e+00 -5.451646766613059469e+00 -6.036701173595715453e+00 -7.584039272102659268e+00 -9.388325642124799586e+00 -8.696325283189494826e+00 -5.828629890748328712e+00 -2.229459106836656268e+00 nan nan nan nan nan nan nan nan nan nan nan nan nan nan nan nan nan nan
nan nan -3.334977564604846734e+00 -4.592817627270319392e+00 -4.886688754406701918e+00 nan -8.442186625387330778e+00 -8.892511066641487716e+00 -6.911202785470067944e+00 -2.699714376925351544e+00 nan nan nan nan nan nan nan nan nan nan nan nan nan nan nan nan nan nan
nan nan nan nan nan nan -7.335519133113245438e+00 -8.811662015982824059e+00 -8.458393833513554227e+00 -4.714906782675461372e+00 nan nan -1.338487017676846635e+00 nan nan nan nan nan nan nan nan nan nan nan nan nan nan nan
nan nan nan nan nan -6.200019642025085709e+00 -6.906981927388830655e+00 -8.549742086149592524e+00 -9.393842708689323473e+00 -7.612863575645953951e+00 nan nan nan nan nan nan nan nan nan nan nan nan nan nan nan nan nan nan
nan nan nan nan nan -4.960875120110135761e+00 -6.065191408028303144e+00 -7.492037597214957323e+00 -9.157581288608007242e+00 -9.658484863702133438e+00 -5.416946468380203328e+00 nan nan nan nan nan nan nan nan nan nan nan nan nan nan nan nan nan
nan nan nan nan nan -4.012327939934738907e+00 -5.057002609759429390e+00 -6.084012765375252485e+00 -7.540566152473492600e+00 -8.406221876088981304e+00 -8.019003860112254856e+00 -5.293366798767096704e+00 nan -1.629851556918025413e+00 nan nan nan nan nan nan nan nan nan nan nan nan nan nan
nan nan nan nan nan -3.361890133051101071e+00 -4.357717124482462623e+00 -5.054605374805452023e+00 -5.899967256514626612e+00 -6.472587738377099775e+00 -6.627576289015142841e+00 -6.114107921108987043e+00 -5.134137637157225598e+00 -3.191970150978848064e+00 -9.384622837466839451e-01 nan nan nan nan nan nan nan nan nan nan nan nan nan
nan nan nan nan nan -3.066153559149621621e+00 -3.762065236490019782e+00 -4.332044870882836740e+00 -4.919978749206234347e+00 -5.311680610410737025e+00 -5.254187275483089614e+00 -5.139703839099289517e+00 -4.925143737912595299e+00 -4.574675949639571471e+00 -3.069259747666659432e+00 -1.805703168253107060e+00 -9.786041685512248955e-01 nan nan nan nan nan nan nan nan nan nan nan
nan nan nan nan nan nan -3.351772409394357499e+00 -3.892706666288471951e+00 -4.389275243302832585e+00 -4.624403361789477529e+00 -4.439919079349962772e+00 -4.209565723066194920e+00 -4.060146027263786372e+00 -4.250828872044869478e+00 -4.495823938256792829e+00 -3.140382148921395000e+00 -1.490209609879803665e+00 -8.423453836227891012e-01 nan nan nan nan nan nan nan nan nan nan
nan nan nan nan nan nan nan -3.732576330375568574e+00 -4.164029548686476012e+00 -4.456006792336998146e+00 -4.389341143660850264e+00 -4.014875444418962935e+00 -3.679810571882742742e+00 -3.584022795576822240e+00 -3.985756143545028607e+00 -3.943223683699822235e+00 -3.078215220722794854e+00 -2.439490165653831699e+00 -1.647813705899227710e+00 nan nan -1.334611338876467546e+00 nan nan nan nan nan nan
nan nan nan nan nan nan nan -3.716216694256092357e+00 -4.184023485470498294e+00 -4.523697423483182156e+00 -4.452137453112723797e+00 -4.093054920955780496e+00 -3.747076878198013716e+00 -3.305955866302876522e+00 -3.560119569181261490e+00 -4.050124071133717862e+00 -3.660136751085790507e+00 -2.718935005391284410e+00 -2.031233429496900111e+00 -1.583184618597052173e+00 -9.993410893404135464e-01 -7.152446453451251074e-01 -1.041355320528074335e+00 nan nan nan nan nan
nan nan nan nan nan nan nan nan -4.339707421184260561e+00 -4.789255891227860218e+00 -4.832210918566890889e+00 -4.381620845574211387e+00 -4.014777701463104087e+00 -3.782935235402378193e+00 -3.703468340527607872e+00 -3.830989594907399987e+00 -3.901858401309286073e+00 -2.939726925963816573e+00 -2.186816968959757634e+00 -1.863088459805337216e+00 -1.549912510330098803e+00 -1.277892868261744308e+00 -5.271192759628957614e-01 -8.378844142468665490e-01 nan 2.045097645678641274e-01 -1.884356797343265943e-01 nan
nan nan nan nan nan nan nan nan nan -5.131330294112658841e+00 -5.424949857865103198e+00 -5.011074966291679367e+00 -4.596028964227294011e+00 -4.404286901228787521e+00 -4.199181919902345683e+00 -4.000699245691142991e+00 -4.059281991810649082e+00 -3.652695320954276514e+00 -2.927244930090196817e+00 -2.735089994690541815e+00 -2.490122247050762905e+00 -2.341814655862320738e+00 -2.050985070074397676e+00 -1.793284395189508107e+00 nan -6.394570277752245069e-01 -1.287982246378467810e+00 nan
nan nan nan nan nan nan nan nan nan nan -5.805818142462669584e+00 -5.634163886268200194e+00 -5.303165628150000366e+00 -4.977241329999826824e+00 -4.685114155397131164e+00 -4.379699007363538676e+00 -4.272767290019949371e+00 -4.651949737698514831e+00 -4.085974609795197665e+00 -3.808495720731576828e+00 -3.636251192437585988e+00 -3.362214374907506631e+00 -3.216006995082263842e+00 -3.187898027220553931e+00 -3.100135619003551835e+00 -2.504755217539445411e+00 -2.572280073555109237e+00 nan
nan nan nan nan nan nan nan nan nan nan nan nan -5.789168044814363867e+00 -5.659837574676171990e+00 -5.465380475193684973e+00 -5.236582584743329605e+00 -4.993052402001639578e+00 -4.957375736403837330e+00 -5.237493340969228584e+00 -5.446844443079523757e+00 -5.068783487312765068e+00 -4.934483028435971974e+00 -4.598966233737430187e+00 -4.006914251265625282e+00 -3.725833047864560044e+00 -3.400035221359364535e+00 -3.092977659578125316e+00 nan
nan nan nan nan nan nan nan nan nan nan nan nan nan -6.273160455231122867e+00 -6.136769562806978939e+00 -6.022416808455611559e+00 -5.927499825670095035e+00 -5.868871566224767911e+00 -6.122743905092588257e+00 -6.384289185654660415e+00 -6.490373184056275946e+00 -6.561849489297644666e+00 -6.471908197073217295e+00 -5.370254239855872136e+00 -4.505796755040156754e+00 -3.921552616903448474e+00 -3.409971244848340799e+00 nan
nan nan nan nan nan nan nan nan nan nan nan nan nan nan nan -5.604905330794334617e+00 -5.852064342014009490e+00 -6.022614292798138536e+00 -6.067268091371554206e+00 -6.150097772197065993e+00 -6.284151820055011051e+00 -6.503721251016759020e+00 -7.028625012944157646e+00 -6.270961227367933155e+00 -5.278305575169493835e+00 -4.312686113193241688e+00 -3.915706015665995743e+00 nan
nan nan nan nan nan nan nan nan nan nan nan nan nan nan nan nan nan -5.214690906056080877e+00 -5.211406375352385822e+00 -4.837449414547210225e+00 -4.575633837502592449e+00 -5.059301221309437935e+00 -5.341291360453696235e+00 -5.903606618993749500e+00 -5.533535865677898791e+00 -4.445482789851664229e+00 -4.018305857529560932e+00 nan
nan nan nan nan nan nan nan nan nan nan nan nan nan nan nan nan nan nan nan nan -2.257297180163816641e+00 nan nan -4.889470554011744241e+00 -5.393854520633555083e+00 -4.737261977174880734e+00 nan nan
