nan nan nan 1.074143183760047249e+00 6.047825925758689714e-01 -3.837877914671614654e-01 nan nan nan nan nan nan nan nan nan nan nan nan nan nan nan nan nan nan nan nan nan nan
nan nan 1.082187343448363981e+00 7.381011358772886499e-01 2.410316434726450241e-01 -5.153447882850200612e-01 -1.776666225970639834e+00 nan nan nan nan nan nan nan nan nan nan nan nan nan nan nan nan nan nan nan nan nan
nan nan 1.255495233125377696e+00 6.404919890796521020e-01 1.350198461560846164e-01 -6.279227839365041364e-01 -1.546598171636582641e+00 -2.748919121271814703e+00 nan nan nan nan nan nan nan nan nan nan nan nan nan nan nan nan nan nan nan nan
nan 2.162288725923874999e+00 1.379418021754835078e+00 7.820651775515343740e-01 3.210608257458558712e-01 -5.119974641352351696e-01 -1.216640386585253752e+00 -1.839071185251823781e+00 -1.516635841181577682e+00 nan nan nan nan nan nan nan nan nan nan nan nan nan nan nan nan nan nan nan
2.861970393711152472e+00 2.383035661581152542e+00 1.456152465642162497e+00 8.511557071742006375e-01 5.127340290076848328e-01 -3.375027896680453665e-01 -1.005135147585261679e+00 -1.336207474419753627e+00 -8.750359779211853706e-01 -2.934133762549909208e-01 nan nan nan nan nan nan nan nan nan nan nan nan nan nan nan nan nan nan
2.983388905373125510e+00 2.583863480919956324e+00 1.860562324146439739e+00 9.603140242830775497e-01 5.357190774086342255e-01 -2.526117949183928069e-01 -1.062018323600243397e+00 -1.313339996393755760e+00 -1.112817006284563481e+00 nan nan nan nan nan nan nan nan nan nan nan nan nan nan nan nan nan nan nan
2.981562111119796299e+00 2.660060539026617654e+00 2.100295499066530347e+00 1.347274456437935752e+00 4.699128408649934641e-01 -2.651197062228466961e-01 -1.065312264649517227e+00 -1.378763585963045601e+00 -9.058517281192525195e-01 nan nan nan nan nan nan nan nan nan nan nan nan nan nan nan nan nan nan nan
2.950427380699791602e+00 2.627415366010458442e+00 2.115802044191283926e+00 1.425179567592443464e+00 4.540020037432482836e-01 -2.971233557503535905e-01 -1.050588270230988330e+00 -1.355694114888874369e+00 -7.907906040884286059e-01 nan nan nan nan nan nan nan nan nan nan nan nan nan nan nan nan nan nan nan
nan 2.554444672268389560e+00 2.010621872025226686e+00 1.320672070764179695e+00 4.918778953081725525e-01 -3.067456786601787666e-01 -8.796045167241617335e-01 -1.217840784994437042e+00 -5.742868852216878039e-01 4.910594691114739119e-01 nan nan nan nan nan nan nan nan nan nan nan nan nan nan nan nan nan nan
nan 2.417700707215826306e+00 1.922419738295464642e+00 1.261768858314237907e+00 3.952145277941028767e-01 -3.970336231914287084e-01 -8.873028585543049074e-01 -9.972324532528134000e-01 5.015834819475225442e-02 9.106767092010464859e-01 nan nan nan nan nan nan nan nan nan nan nan nan nan nan nan nan nan nan
nan 2.288913141346957225e+00 1.760319666076534117e+00 1.114959399996011458e+00 2.703984705915118414e-01 -3.358773377001954552e-01 -8.478834869462721358e-01 -6.023921416927409123e-01 9.707705044405746941e-02 3.826027982394192284e-01 nan nan nan nan nan nan nan nan nan nan nan nan nan nan nan nan nan nan
nan nan 1.438580884958684303e+00 1.048016507063886493e+00 6.492289565397282858e-02 -4.726581903291411924e-01 -9.350648827382617156e-01 -3.466855195654822142e-01 2.974588703064619533e-01 1.098403961024650322e+00 nan nan nan nan nan nan nan nan nan nan nan nan nan nan nan nan nan nan
nan nan 1.275634795017425605e+00 5.519911354281228366e-01 -2.327514605628936695e-01 nan -5.980780095927256124e-01 -9.692879236523327391e-02 6.643531508063332813e-01 1.889018321847323989e+00 nan nan nan nan nan nan nan nan nan nan nan nan nan nan nan nan nan nan
nan nan nan nan nan nan -8.852722567905810802e-01 -5.579780682445138057e-02 9.484696609691084523e-01 2.550761499650361142e+00 nan nan 1.569873512495958856e+00 nan nan nan nan nan nan nan nan nan nan nan nan nan nan nan
nan nan nan nan nan -1.885641018236241306e+00 -2.210540530818826177e+00 -1.459757229307156345e+00 -1.236151292536216140e-01 1.542823844491713503e+00 nan nan nan nan nan nan nan nan nan nan nan nan nan nan nan nan nan nan
nan nan nan nan nan -2.063546179704844885e+00 -2.772751977331463724e+00 -2.808114542258723922e+00 -2.017021470241562309e+00 -1.136237330536979062e+00 -6.829698699658613981e-01 nan nan nan nan nan nan nan nan nan nan nan nan nan nan nan nan nan
nan nan nan nan nan -2.493119178257076296e+00 -2.822526519127078970e+00 -3.064173919679793023e+00 -3.082697306601032139e+00 -3.244133016030002370e+00 -3.371167317703692490e+00 -4.260533551724211776e+00 nan -2.198162547390398736e+00 nan nan nan nan nan nan nan nan nan nan nan nan nan nan
nan nan nan nan nan -2.182169344989038695e+00 -2.669867473798856583e+00 -2.813534958201967751e+00 -2.952244284434172528e+00 -3.084802366768613968e+00 -3.224805719139721472e+00 -3.857100330241507447e+00 -4.765252410967950603e+00 -4.942076601673245584e+00 -2.332681397567653470e+00 nan nan nan nan nan nan nan nan nan nan nan nan nan
nan nan nan nan nan -1.530862061487636261e+00 -2.138926225417196569e+00 -2.315749209086196636e+00 -2.178696711325709412e+00 -2.226076513983974436e+00 -2.417007528419689244e+00 -2.936338999946038530e+00 -3.377429647666802204e+00 -4.160360952970348691e+00 -4.948754320976590293e+00 -3.847860320543681656e+00 -2.094466175060943236e+00 nan nan nan nan nan nan nan nan nan nan nan
nan nan nan nan nan nan -9.746377449028998941e-01 -1.356859499337706554e+00 -1.419294197846347583e+00 -1.392851427818514010e+00 -1.512664317988447138e+00 -2.036661473600119621e+00 -2.680826935320719251e+00 -3.082353411431387524e+00 -3.791452619679606784e+00 -4.270942507059167781e+00 -3.143983136355338104e+00 -2.026721056170156299e+00 nan nan nan nan nan nan nan nan nan nan
nan nan nan nan nan nan nan -6.975386600709743146e-02 -2.559307108905921058e-01 -4.595131084797658971e-01 -7.831927066592031528e-01 -1.350959529336337894e+00 -2.059892191174957699e+00 -2.510487067425468233e+00 -3.102633654912595240e+00 -3.437848589021587742e+00 -3.395308443257136322e+00 -2.829491394813225202e+00 -2.215940737133858640e+00 nan nan -1.032526695192852229e+00 nan nan nan nan nan nan
nan nan nan nan nan nan nan 8.998398029340641813e-01 4.724406939522897697e-01 7.952116725614358228e-02 -3.827106829908150099e-01 -9.101399419694844450e-01 -1.458675508155739875e+00 -2.091407762394342562e+00 -2.633212779606575626e+00 -2.945137992168042285e+00 -2.764438141879380861e+00 -2.279509203191002698e+00 -1.809905616327700306e+00 -1.243636560157092896e+00 -4.588420258656419337e-01 -2.391500346087929718e-01 -2.143815066547697101e-01 nan nan nan nan nan
nan nan nan nan nan nan nan nan 1.143451314193815183e+00 7.994216695038861564e-01 4.193476657994907320e-01 -2.252883199128054015e-01 -7.381755185442286926e-01 -1.255686903060167392e+00 -1.922006387692223761e+00 -2.396538215689273610e+00 -2.314251140791761419e+00 -1.852705607659565823e+00 -1.395388185338032994e+00 -9.613406331876189759e-01 -6.858024258441820509e-01 -3.435701515521950578e-01 5.641287540765422409e-02 3.171328491784368708e-01 nan -3.518314436084782892e-01 -1.696800322796967020e+00 nan
nan nan nan nan nan nan nan nan nan 1.910482435726905015e+00 1.492670638776066649e+00 9.691144249416429046e-01 2.618681371180750506e-01 -2.284009826549213418e-01 -1.064852059305437804e+00 -1.787017833901201502e+00 -2.123606721629597072e+00 -1.940876463811242569e+00 -1.776580979676150918e+00 -1.561915890507615812e+00 -1.447010486485887037e+00 -1.305691188153577098e+00 -1.133828383727728095e+00 -1.144146602192089857e+00 nan -2.156018037029916457e-01 -8.592451310572529755e-01 nan
nan nan nan nan nan nan nan nan nan nan 2.080701369877040019e+00 1.598200556452057386e+00 1.080578751449942532e+00 4.990063298090403610e-01 -2.661331519242516458e-02 -7.141795557591268384e-01 -1.415512365646948822e+00 -1.853012261022702445e+00 -1.935204589673997111e+00 -1.963048092361506125e+00 -1.884513329626558154e+00 -1.915574109607135478e+00 -1.784220143833961769e+00 -1.476044266391773219e+00 -7.137230698516433547e-01 1.696513017607322316e-01 7.838512531221257518e-02 nan
nan nan nan nan nan nan nan nan nan nan nan nan 1.486526872094924956e+00 1.013543034363515449e+00 5.583178850445946750e-01 -1.246634708096298477e-01 -6.922580723011666493e-01 -1.187221377587533100e+00 -1.642196990845452342e+00 -1.910680708960101448e+00 -2.069492892663391981e+00 -1.943689945112735185e+00 -1.746739365155477675e+00 -1.293000748573506442e+00 -7.365356309034817306e-01 -1.345010815856119979e-01 1.175611062186352751e-01 nan
nan nan nan nan nan nan nan nan nan nan nan nan nan 1.593506928343881413e+00 9.672308313199730057e-01 1.661267456029570655e-01 -3.689529814525636109e-01 -7.909050448419242541e-01 -1.172821900739718926e+00 -1.586601672775400873e+00 -1.753241246412430732e+00 -1.788824395533248790e+00 -1.659700831008271704e+00 -1.321642468747967980e+00 -9.248913513070594616e-01 -4.256021171900949973e-01 -1.631046516934748364e-02 nan
nan nan nan nan nan nan nan nan nan nan nan nan nan nan nan 8.573330876175658810e-01 1.322008000532713945e-01 -4.670477801040969767e-01 -1.009540266688707222e+00 -1.428528666068315633e+00 -1.667315138723824086e+00 -1.652743523839708573e+00 -1.742400208050854271e+00 -1.439717495975995520e+00 -1.045800544803390464e+00 -6.158043777881232472e-01 -6.834348066324186233e-02 nan
nan nan nan nan nan nan nan nan nan nan nan nan nan nan nan nan nan 3.516687938272743952e-01 -1.387150414071385007e-01 -7.557576974170377992e-01 -1.235365986578002229e+00 -7.676865942137250931e-01 -6.841263580065944927e-01 -1.486008676471175072e+00 -9.419615506027982921e-01 -4.866852669217709981e-01 -6.259582990728827616e-03 nan
nan nan nan nan nan nan nan nan nan nan nan nan nan nan nan nan nan nan nan nan -1.316027927166819600e-01 nan nan -8.732799386637950523e-01 -6.009997077911902741e-01 -2.403425632816719171e-01 nan nan
