nan nan nan -4.606708008484310390e+00 -4.792591835862732630e+00 -5.337870603191391616e+00 nan nan nan nan nan nan nan nan nan nan nan nan nan nan nan nan nan nan nan nan nan nan
nan nan -4.875025366476769761e+00 -5.116417890699842985e+00 -5.456812357366150223e+00 -5.968815853932604831e+00 -6.150338325337658674e+00 nan nan nan nan nan nan nan nan nan nan nan nan nan nan nan nan nan nan nan nan nan
nan nan -5.246336899275505949e+00 -5.497524390705800457e+00 -6.076773947688184130e+00 -6.662704484286684270e+00 -6.965550914514452074e+00 -7.292158892326693120e+00 nan nan nan nan nan nan nan nan nan nan nan nan nan nan nan nan nan nan nan nan
nan -5.317167679172208672e+00 -5.557274991419109966e+00 -5.847197119999197668e+00 -6.278703144333582564e+00 -6.643719017927691262e+00 -6.873089079393215783e+00 -6.800977164276894804e+00 -6.550997227569910208e+00 nan nan nan nan nan nan nan nan nan nan nan nan nan nan nan nan nan nan nan
-4.998310540315769934e+00 -5.203722702053372728e+00 -5.554566597425762531e+00 -6.002061105097745042e+00 -6.208368687650500206e+00 -6.085225646903204222e+00 -6.141130866206838235e+00 -5.959324742518140816e+00 -4.462455010877206085e+00 -3.740190613765107308e+00 nan nan nan nan nan nan nan nan nan nan nan nan nan nan nan nan nan nan
-4.842330179106490995e+00 -5.061827886005121790e+00 -5.258436231139672401e+00 -5.632881151486117233e+00 -5.822730910188372633e+00 -5.768370911889179276e+00 -5.831062207776542827e+00 -5.939386258093043658e+00 -4.692274879231112195e+00 nan nan nan nan nan nan nan nan nan nan nan nan nan nan nan nan nan nan nan
-4.538182101063611640e+00 -4.884735190514328806e+00 -5.016231322533727166e+00 -5.305738105902077173e+00 -5.410696909951716371e+00 -5.544884687835025083e+00 -5.712671789518349641e+00 -6.211699877892726818e+00 -4.666318741828652250e+00 nan nan nan nan nan nan nan nan nan nan nan nan nan nan nan nan nan nan nan
-4.233446711630345582e+00 -4.594183511529646324e+00 -4.714202880578919341e+00 -5.005829569817930036e+00 -5.133464333279927239e+00 -5.413887765170022348e+00 -5.787801486425006914e+00 -6.515194009490142157e+00 -5.430902601312118883e+00 nan nan nan nan nan nan nan nan nan nan nan nan nan nan nan nan nan nan nan
nan -4.396354090367855960e+00 -4.437189663427606234e+00 -4.743630744952016087e+00 -4.767824847347989170e+00 -5.261177982347645887e+00 -6.014242543287714682e+00 -6.499460525525636356e+00 -5.745809069188731577e+00 -3.524577543593607754e+00 nan nan nan nan nan nan nan nan nan nan nan nan nan nan nan nan nan nan
nan -4.095936771610444005e+00 -4.163355500514405172e+00 -4.475828806708988417e+00 -4.484884064644158563e+00 -5.012872599387243611e+00 -6.295667793734872397e+00 -6.256469940492959125e+00 -5.311394288459148072e+00 -3.810178382692687826e+00 nan nan nan nan nan nan nan nan nan nan nan nan nan nan nan nan nan nan
nan -3.799649017929416228e+00 -3.991316545627519474e+00 -4.399791348090612786e+00 -4.490420333715002599e+00 -4.736239065714126006e+00 -6.268354216668535983e+00 -6.177912174026337411e+00 -4.762652437122053328e+00 -3.340642840812129588e+00 nan nan nan nan nan nan nan nan nan nan nan nan nan nan nan nan nan nan
nan nan -3.903068811187937914e+00 -4.114787828267330916e+00 -4.191533825127349289e+00 -4.561633068730870377e+00 -5.838947811342990235e+00 -5.941419859202877518e+00 -4.524489983942018512e+00 -2.687330511659050014e+00 nan nan nan nan nan nan nan nan nan nan nan nan nan nan nan nan nan nan
nan nan -3.192501442314245264e+00 -3.640740831536362077e+00 -3.875814398308639053e+00 nan -5.614666138727117506e+00 -6.090461727908329514e+00 -4.876696548054048286e+00 -3.072105579198326275e+00 nan nan nan nan nan nan nan nan nan nan nan nan nan nan nan nan nan nan
nan nan nan nan nan nan -5.919173838447925107e+00 -6.400473826785455067e+00 -5.794796624364500381e+00 -3.606466749849345010e+00 nan nan -1.745430989458708115e+00 nan nan nan nan nan nan nan nan nan nan nan nan nan nan nan
nan nan nan nan nan -5.437259334464574323e+00 -6.761368616602618786e+00 -7.647542481496904188e+00 -7.406238297198065368e+00 -5.767855252638418584e+00 nan nan nan nan nan nan nan nan nan nan nan nan nan nan nan nan nan nan
nan nan nan nan nan -4.875601904729510494e+00 -7.115882378765999050e+00 -8.543967894766566928e+00 -9.097257485064227822e+00 -9.457616006008256804e+00 -5.991958157639912130e+00 nan nan nan nan nan nan nan nan nan nan nan nan nan nan nan nan nan
nan nan nan nan nan -5.119479539367426391e+00 -7.237417727844368542e+00 -8.737346372804021044e+00 -9.738879577654659059e+00 -1.045321819370914085e+01 -9.986899704365304942e+00 -7.501963280834761605e+00 nan -2.535586570423193020e+00 nan nan nan nan nan nan nan nan nan nan nan nan nan nan
nan nan nan nan nan -5.090327916155239052e+00 -6.921361798070996940e+00 -8.359180619024010994e+00 -9.396903694437927612e+00 -1.040838543801437766e+01 -1.076943289734401432e+01 -1.077856336571147366e+01 -9.936908719651047051e+00 -6.877479568782510100e+00 -2.555210797832402125e+00 nan nan nan nan nan nan nan nan nan nan nan nan nan
nan nan nan nan nan -4.817538778845118941e+00 -5.639719654488648537e+00 -6.488454574010538600e+00 -7.772123538802780729e+00 -9.289555125255384738e+00 -1.019479211880482694e+01 -1.079125733717798319e+01 -1.125454220457656795e+01 -1.114347939473725724e+01 -9.401730555141259771e+00 -5.164378813930098566e+00 -2.319519827979358073e+00 nan nan nan nan nan nan nan nan nan nan nan
nan nan nan nan nan nan -4.642697539483001457e+00 -5.190736114557997993e+00 -6.095074284380820551e+00 -7.111061266665736902e+00 -8.163777030690333447e+00 -9.304350895254245302e+00 -1.032461422355352276e+01 -1.176825143941882068e+01 -1.256739157335664459e+01 -1.201688319640926750e+01 -9.494315353281741920e+00 -6.436376137882384718e+00 nan nan nan nan nan nan nan nan nan nan
nan nan nan nan nan nan nan -4.327826131235370966e+00 -4.946365916465460977e+00 -5.755670249541912753e+00 -6.381819753869878653e+00 -7.110398333169068330e+00 -7.921676033202457390e+00 -8.897704275587157596e+00 -1.043679851544963988e+01 -1.150938696683508056e+01 -1.091923406909174332e+01 -9.283314494127685279e+00 -7.524529173175509733e+00 nan nan -4.798559635041567795e+00 nan nan nan nan nan nan
nan nan nan nan nan nan nan -3.407702584343135666e+00 -3.875236092850460334e+00 -4.634114564534366210e+00 -5.218825995677097040e+00 -5.483379484847454854e+00 -5.799006641067531831e+00 -6.086036043363485248e+00 -6.913086070706028430e+00 -7.869702274261626052e+00 -8.190327955641137692e+00 -7.715649087965852360e+00 -6.892180531397604781e+00 -6.026526009476937951e+00 -5.841630614959575141e+00 -5.762145963183081143e+00 -3.620541547472484023e+00 nan nan nan nan nan
nan nan nan nan nan nan nan nan -2.266495950712859031e+00 -2.789669723939996793e+00 -3.311384383105173246e+00 -3.782823763533207373e+00 -3.978526842137903419e+00 -4.157859151271318332e+00 -4.560682560729175883e+00 -5.249541851757344446e+00 -5.718266342277357417e+00 -5.836609676645172939e+00 -5.614275334328944211e+00 -5.475027336150692925e+00 -5.467086956781266771e+00 -6.135735546637201665e+00 -6.895587750439993613e+00 -4.697644010985483121e+00 nan -2.368749214049497454e+00 -4.165374711175789280e+00 nan
nan nan nan nan nan nan nan nan nan -1.573685269313421786e+00 -1.889722000472834562e+00 -2.161949720261801211e+00 -2.333037316937818684e+00 -2.570922420958669630e+00 -2.867083080400967710e+00 -3.233657167278167321e+00 -3.873216685174983631e+00 -4.198663007075156273e+00 -4.440591015877885184e+00 -4.825170016502945636e+00 -5.009215820347377779e+00 -5.454732375341730055e+00 -6.576813186415790824e+00 -8.225709118609206172e+00 nan -3.887455374942934583e+00 -5.643467137975635595e+00 nan
nan nan nan nan nan nan nan nan nan nan -3.506188702795171031e-01 -9.190598882315412776e-01 -1.312542271702766827e+00 -1.628924693736464091e+00 -1.905748164905799014e+00 -2.187730769159789812e+00 -2.446554052494744003e+00 -2.810367606512049310e+00 -3.097706588642522796e+00 -3.356719937664940812e+00 -3.726998195584766194e+00 -4.203533444956288001e+00 -4.957593932023240058e+00 -5.821543521518805164e+00 -6.244999856090668544e+00 -4.789138652026455389e+00 -4.644877246304507601e+00 nan
nan nan nan nan nan nan nan nan nan nan nan nan -4.712123243583674070e-01 -8.807121558130627248e-01 -1.208169223943178494e+00 -1.560557025281682941e+00 -1.681483527421453017e+00 -1.719763062454248148e+00 -1.668884553984635755e+00 -1.902102354441608911e+00 -2.246350946643981494e+00 -2.318046002771171565e+00 -2.809157266356248517e+00 -2.959151644629591349e+00 -3.093385807084771066e+00 -3.089781399513835680e+00 -3.091395992424645467e+00 nan
nan nan nan nan nan nan nan nan nan nan nan nan nan -3.380480198151107896e-01 -6.217380399300866944e-01 -7.177626653501865128e-01 -6.350053793718907214e-01 -6.267946970092534986e-01 -5.155735723803249737e-01 -2.865275756069098345e-01 -7.170102979275090327e-01 -1.068139951911792229e+00 -1.588767738578168442e+00 -1.800448891288745523e+00 -1.691544037004470091e+00 -1.658303576995149520e+00 -1.595463790712482233e+00 nan
nan nan nan nan nan nan nan nan nan nan nan nan nan nan nan 2.344891037858572169e-01 4.622763667654013475e-01 5.742308819798517261e-01 6.894052736681944848e-01 1.168066522960775178e+00 1.837857780286019649e+00 1.942460676474905279e+00 4.747375220206715984e-01 -6.628490629153166447e-01 -6.542849150906331346e-01 -4.805915372148037989e-01 -3.639649626115217806e-01 nan
nan nan nan nan nan nan nan nan nan nan nan nan nan nan nan nan nan 1.404155941278206532e+00 1.534170566773961797e+00 1.573722850243956417e+00 2.088824857661807144e+00 2.162865885163204549e+00 7.157994037767880791e-01 7.630934970717500043e-01 9.681883434089063600e-01 1.015970383654361653e+00 1.061601993588467741e+00 nan
nan nan nan nan nan nan nan nan nan nan nan nan nan nan nan nan nan nan nan nan -6.138850655274601803e-02 nan nan 2.803198905926611584e+00 2.350464892037937403e+00 2.130187940899243682e+00 nan nan
