nan nan nan -4.631937423461882197e+00 -4.873597383060381816e+00 -5.387772057356365885e+00 nan nan nan nan nan nan nan nan nan nan nan nan nan nan nan nan nan nan nan nan nan nan
nan nan -4.628157878590973162e+00 -4.660262629326920703e+00 -4.859236051006822876e+00 -5.312143036338494717e+00 -6.018159955371857883e+00 nan nan nan nan nan nan nan nan nan nan nan nan nan nan nan nan nan nan nan nan nan
nan nan -4.851127084406549272e+00 -4.860249641841569712e+00 -5.022121019902534123e+00 -5.384697638265739883e+00 -5.973223014030213385e+00 -6.714779118921284429e+00 nan nan nan nan nan nan nan nan nan nan nan nan nan nan nan nan nan nan nan nan
nan -4.978923018288169189e+00 -5.182023060793498281e+00 -5.346427175599378856e+00 -5.369647859713875704e+00 -5.330505050054872740e+00 -5.511617912384849660e+00 -5.620793373187704667e+00 -5.097583540095263821e+00 nan nan nan nan nan nan nan nan nan nan nan nan nan nan nan nan nan nan nan
-5.108036968586051607e+00 -5.338037073718878034e+00 -5.652228163966181107e+00 -5.814586898756473055e+00 -5.690145940209249353e+00 -5.650222539436310143e+00 -5.582781526003389949e+00 -5.249617392482246458e+00 -3.970860396974755346e+00 -2.880336756067018111e+00 nan nan nan nan nan nan nan nan nan nan nan nan nan nan nan nan nan nan
-5.139447512529270234e+00 -5.435593359763224441e+00 -5.813067156117180723e+00 -6.000972761998663252e+00 -6.018506309312023461e+00 -6.108243471858033402e+00 -6.105936350045976901e+00 -5.648709991105778983e+00 -4.340031599716304811e+00 nan nan nan nan nan nan nan nan nan nan nan nan nan nan nan nan nan nan nan
-4.968810540650307139e+00 -5.228465113785244256e+00 -5.637556696276965873e+00 -5.966181053319048466e+00 -6.144967913924042513e+00 -6.453325564525907332e+00 -6.399124599002171010e+00 -6.006940626372710312e+00 -4.537776070031029896e+00 nan nan nan nan nan nan nan nan nan nan nan nan nan nan nan nan nan nan nan
-4.576350126332306090e+00 -5.045292313565138187e+00 -5.329661319227835037e+00 -5.663148882841435139e+00 -5.973477145540220690e+00 -6.315212818177363019e+00 -6.364630378553242096e+00 -6.333146504998495629e+00 -5.224988305262011856e+00 nan nan nan nan nan nan nan nan nan nan nan nan nan nan nan nan nan nan nan
nan -4.553781451660860569e+00 -5.095698580123301014e+00 -5.361083101533804296e+00 -5.537499291989698591e+00 -5.943079126891724684e+00 -6.271203993072510308e+00 -6.127843733320880837e+00 -5.356624407008395039e+00 -3.088006499094329005e+00 nan nan nan nan nan nan nan nan nan nan nan nan nan nan nan nan nan nan
nan -3.746708178166429537e+00 -4.569079793330290684e+00 -5.152487943026285322e+00 -5.419718103894077821e+00 -5.738341376510992298e+00 -6.325363341194250921e+00 -6.265770901114043667e+00 -4.839999167033358418e+00 -3.321815043531652023e+00 nan nan nan nan nan nan nan nan nan nan nan nan nan nan nan nan nan nan
nan -2.642479888303189028e+00 -3.800844354104682132e+00 -4.550677439736947605e+00 -4.902974758107165876e+00 -5.478663550559548234e+00 -6.349812375025679856e+00 -6.271380276251877106e+00 -4.968127474656725440e+00 -2.929406750344264676e+00 nan nan nan nan nan nan nan nan nan nan nan nan nan nan nan nan nan nan
nan nan -2.696545880908584270e+00 -3.588201420706652822e+00 -3.877487262967305615e+00 -4.693467894406666119e+00 -6.073338507719710400e+00 -6.479993180215470439e+00 -5.491749424925792766e+00 -2.737633678864742404e+00 nan nan nan nan nan nan nan nan nan nan nan nan nan nan nan nan nan nan
nan nan -1.185123701746194858e+00 -2.610863479945021659e+00 -3.066292673531869184e+00 nan -5.223754221409542708e+00 -6.834208303354509795e+00 -6.232817034805655965e+00 -3.712854026302718768e+00 nan nan nan nan nan nan nan nan nan nan nan nan nan nan nan nan nan nan
nan nan nan nan nan nan -4.080600976857279960e+00 -6.726001506545083330e+00 -7.648646235385140990e+00 -5.474832820107920384e+00 nan nan -1.719291566058356313e+00 nan nan nan nan nan nan nan nan nan nan nan nan nan nan nan
nan nan nan nan nan -2.619981845855996916e+00 -3.605003940168735266e+00 -6.102416516532533031e+00 -8.698613562805569188e+00 -7.904230743704883544e+00 nan nan nan nan nan nan nan nan nan nan nan nan nan nan nan nan nan nan
nan nan nan nan nan -1.176610733130856401e+00 -2.531006754587578289e+00 -5.035416464447685314e+00 -7.841960822354091754e+00 -1.014269198651517456e+01 -6.802839401907764483e+00 nan nan nan nan nan nan nan nan nan nan nan nan nan nan nan nan nan
nan nan nan nan nan -3.103196318189621605e-01 -1.234230862474678725e+00 -2.989897756010944541e+00 -5.502688208507764855e+00 -7.607358695413327432e+00 -9.016847258102817619e+00 -7.352703432045418985e+00 nan -3.543683966991175716e+00 nan nan nan nan nan nan nan nan nan nan nan nan nan nan
nan nan nan nan nan 4.259445259509485326e-02 -4.134135177695252295e-01 -1.575622413457757220e+00 -2.992921801187978570e+00 -4.517829157315232713e+00 -5.821026994668026866e+00 -6.821566423276934188e+00 -7.137565265394997915e+00 -6.423123669847452533e+00 -2.916697209109883282e+00 nan nan nan nan nan nan nan nan nan nan nan nan nan
nan nan nan nan nan 6.852029173600250322e-01 1.106334331450450070e-01 -5.638953460400484285e-01 -1.368946062576714251e+00 -2.183215532855463437e+00 -2.915321026532894599e+00 -4.310263452163764164e+00 -5.684046466412875809e+00 -6.795533585356494655e+00 -6.369150792820168938e+00 -3.574425066083051661e+00 -1.991888482011823447e+00 nan nan nan nan nan nan nan nan nan nan nan
nan nan nan nan nan nan 7.478322219287242278e-01 2.363161301713755102e-01 -3.801159541845136602e-01 -1.099682997937326157e+00 -1.526124411694859129e+00 -2.288616961626469326e+00 -3.765327355276006482e+00 -5.296053490437960143e+00 -6.408631524758236608e+00 -6.030582237160588832e+00 -4.347301590101662505e+00 -3.251128482883170800e+00 nan nan nan nan nan nan nan nan nan nan
nan nan nan nan nan nan nan 8.691574701049217255e-01 3.910335579955058760e-01 -9.551908513609158602e-02 -6.307317723735350601e-01 -1.016856102623311164e+00 -2.262741612221542908e+00 -3.189852008760452939e+00 -4.029475852144025261e+00 -4.707965793645318975e+00 -4.626828066540420004e+00 -4.361648474372366024e+00 -4.009172922124105476e+00 nan nan -4.379880820979539457e+00 nan nan nan nan nan nan
nan nan nan nan nan nan nan 1.567620408002525334e+00 1.044846776560754975e+00 5.853233857045948563e-01 2.304940373637975326e-01 -1.069142663350307471e-01 -9.294461039902948141e-01 -1.901105028979793055e+00 -2.246559460704619759e+00 -2.774345619871543267e+00 -2.815302278859857399e+00 -2.575460371593976117e+00 -2.642654657164172693e+00 -3.194945980773947536e+00 -3.620740406684807233e+00 -4.216227992994707741e+00 -3.802170162660470698e+00 nan nan nan nan nan
nan nan nan nan nan nan nan nan 1.562079446012962558e+00 1.034386610720386734e+00 8.528865106143878050e-01 5.879200795710443073e-01 2.546068346776432234e-01 -6.876590270916572711e-01 -1.096290475684957855e+00 -1.332535748580603974e+00 -1.608682326141959384e+00 -1.471075731338117976e+00 -1.041889330683997583e+00 -1.050042118565595040e+00 -1.785201121341474018e+00 -2.797520398360630711e+00 -3.635504729378716160e+00 -3.383402818323844485e+00 nan -2.849627265084792693e+00 -3.940300591942615949e+00 nan
nan nan nan nan nan nan nan nan nan 1.413051556168715583e+00 1.186912449314445173e+00 1.199090910542275346e+00 1.093501219421700865e+00 5.714880652064346922e-01 3.971410961410258567e-02 2.207996214224771866e-02 -2.179974602122823346e-01 -6.195890255836894456e-01 -3.244707904989663771e-01 -2.104461676613774701e-01 -4.830855316959953849e-01 -1.542784294098314746e+00 -2.561588421734226628e+00 -3.447882430747932325e+00 nan -2.376235315253950819e+00 -3.490072320345761092e+00 nan
nan nan nan nan nan nan nan nan nan nan 1.636086540599017036e+00 1.493949187736849371e+00 1.543435747883856290e+00 1.410941002984812620e+00 9.707462558224964067e-01 6.970328140605120959e-01 6.083802258044096467e-01 2.244302454224275933e-01 -6.551330621377796093e-02 -1.035892506752826014e-01 -3.660619087001884542e-01 -8.537891273673668957e-01 -1.821475557832027858e+00 -2.765366904370410772e+00 -3.028282902582778657e+00 -2.724414237681105799e+00 -2.892435151888975930e+00 nan
nan nan nan nan nan nan nan nan nan nan nan nan 1.397271480508954333e+00 1.695230792732861369e+00 1.615399587118417246e+00 1.291548597530012277e+00 9.345085495314987556e-01 6.338905035792351539e-01 4.182235780528292812e-01 7.870343452422155772e-02 -6.842039168686508965e-01 -9.661365822623017019e-01 -1.275452358883584214e+00 -1.530687837360817705e+00 -1.675657874743458731e+00 -1.944591189597130398e+00 -2.389979063153915284e+00 nan
nan nan nan nan nan nan nan nan nan nan nan nan nan 1.083469039627059205e+00 1.157603585871026075e+00 1.269810161499326018e+00 1.116611025082962838e+00 8.070593731973834117e-01 4.988804580578574677e-01 7.631665500636937438e-02 -7.720820288635052986e-01 -1.273330363451937508e+00 -1.298232893295183654e+00 -1.206152196818602862e+00 -1.202031451668415629e+00 -1.748054749371834582e+00 -2.298820636480147783e+00 nan
nan nan nan nan nan nan nan nan nan nan nan nan nan nan nan 6.478310592946272539e-01 4.814773624951366737e-01 4.439356541132049028e-01 2.904347267001174959e-01 4.423954733008557405e-03 -3.662337085282193483e-01 -1.056679850665904752e+00 -1.591763504957552922e+00 -1.404672420239760910e+00 -1.270624665684954691e+00 -1.875253885143412624e+00 -2.447828884082746459e+00 nan
nan nan nan nan nan nan nan nan nan nan nan nan nan nan nan nan nan 8.338311503067763475e-02 1.488912336517022317e-01 -2.575121820482171556e-04 -8.980833366643013738e-02 -2.110258493406321767e-01 -8.470460117723782600e-01 -1.673372207392711752e+00 -1.664408769680533862e+00 -2.156075737848270446e+00 -2.664249979844906413e+00 nan
nan nan nan nan nan nan nan nan nan nan nan nan nan nan nan nan nan nan nan nan -8.195029257901527420e-02 nan nan -1.594727122331663249e+00 -2.340808616598257785e+00 -2.533152655449576240e+00 nan nan
