nan nan nan -1.626443395219813737e-01 -1.261586347708453903e+00 -2.553401372902448507e+00 nan nan nan nan nan nan nan nan nan nan nan nan nan nan nan nan nan nan nan nan nan nan
nan nan 2.025659667993938928e+00 1.079798733791358156e+00 -7.865529721154297382e-01 -2.528256607486439655e+00 -6.135803220785312817e+00 nan nan nan nan nan nan nan nan nan nan nan nan nan nan nan nan nan nan nan nan nan
nan nan 2.283455652139736447e+00 1.753215576508653228e+00 1.989649634091369412e-01 -1.792620095039575867e+00 -4.989000252105515898e+00 -8.803013017371856819e+00 nan nan nan nan nan nan nan nan nan nan nan nan nan nan nan nan nan nan nan nan
nan 2.843703802631941890e+00 2.346181111732812408e+00 1.838711322460087505e+00 6.431923880591136067e-01 -1.079548504363486483e+00 -3.537662166206612113e+00 -6.530448228747127715e+00 -7.981052077192965832e+00 nan nan nan nan nan nan nan nan nan nan nan nan nan nan nan nan nan nan nan
3.148940997758192584e+00 2.656926644620305922e+00 2.184254643376981608e+00 1.876303008773813064e+00 8.093527428116638056e-01 -5.028682080091246842e-01 -2.680785953912937725e+00 -5.590638047215229278e+00 -6.330085580739319262e+00 -4.806136196955201001e+00 nan nan nan nan nan nan nan nan nan nan nan nan nan nan nan nan nan nan
3.138627680025023903e+00 2.326263272344510913e+00 1.980252070419189936e+00 1.747570351485201456e+00 8.582032426551849946e-01 -3.077067339050356676e-01 -2.703888354965854557e+00 -6.335916294193826737e+00 -7.809735895679907003e+00 nan nan nan nan nan nan nan nan nan nan nan nan nan nan nan nan nan nan nan
3.276096564503242270e+00 2.328460371303406440e+00 1.824221355664373156e+00 1.515434274713374441e+00 8.427977213941630907e-01 -1.953651327410391159e-01 -2.439833050825725103e+00 -7.238264278340661662e+00 -8.922479771429557616e+00 nan nan nan nan nan nan nan nan nan nan nan nan nan nan nan nan nan nan nan
3.508484142774369818e+00 2.557530594886516351e+00 2.032889004435062485e+00 1.546828775179468263e+00 8.590625080407997549e-01 -1.015300048916618486e-01 -2.158803807321181267e+00 -7.224587863014188649e+00 -9.688630863982384156e+00 nan nan nan nan nan nan nan nan nan nan nan nan nan nan nan nan nan nan nan
nan 2.799007798887991338e+00 2.237682848942581515e+00 1.643685177420169286e+00 9.662520428485412705e-01 1.511227831795061618e-03 -2.024263614046847959e+00 -6.131865888040581858e+00 -8.340811492478017897e+00 -7.794719173164585513e+00 nan nan nan nan nan nan nan nan nan nan nan nan nan nan nan nan nan nan
nan 2.882233517786245258e+00 2.278986598670565744e+00 1.638330477207901481e+00 9.486265695832889477e-01 5.584228602351937187e-02 -2.085557813017882900e+00 -5.074317145043766963e+00 -6.589230031773284146e+00 -6.423651734254624657e+00 nan nan nan nan nan nan nan nan nan nan nan nan nan nan nan nan nan nan
nan 2.969427584245060370e+00 2.200817071916391754e+00 1.645761109263772060e+00 1.014750193457309546e+00 9.238237959374172303e-02 -2.218575786603297129e+00 -5.128105032074813607e+00 -6.438739696780807265e+00 -5.335155421666092579e+00 nan nan nan nan nan nan nan nan nan nan nan nan nan nan nan nan nan nan
nan nan 2.430236950131067886e+00 1.768884664269832596e+00 1.137398227372374837e+00 3.447686772311049919e-01 -2.148894921144133718e+00 -5.134041855342496241e+00 -6.993888467697845890e+00 -5.430090638861519992e+00 nan nan nan nan nan nan nan nan nan nan nan nan nan nan nan nan nan nan
nan nan 1.793770068452911204e+00 1.572737235361736596e+00 8.906211385796003466e-01 nan -1.515662941501413785e+00 -4.817600874350508100e+00 -7.762384755214347898e+00 -6.238612080172250884e+00 nan nan nan nan nan nan nan nan nan nan nan nan nan nan nan nan nan nan
nan nan nan nan nan nan -1.104056864489275869e+00 -4.061396165883779830e+00 -8.083026310546864934e+00 -7.415381458480065469e+00 nan nan -3.657603574785043055e+00 nan nan nan nan nan nan nan nan nan nan nan nan nan nan nan
nan nan nan nan nan 7.987375399453723324e-01 -1.046162335708892721e+00 -3.389729121432552450e+00 -7.817575413594752831e+00 -8.986143136721441493e+00 nan nan nan nan nan nan nan nan nan nan nan nan nan nan nan nan nan nan
nan nan nan nan nan 2.140367969337015064e-01 -1.560292825855368992e+00 -3.226336941304121186e+00 -6.357709128696474643e+00 -1.051693121733437941e+01 -7.262134164811298476e+00 nan nan nan nan nan nan nan nan nan nan nan nan nan nan nan nan nan
nan nan nan nan nan -5.281039195698878919e-01 -1.699891031819731779e+00 -3.239827752235524549e+00 -4.875927003070052557e+00 -7.334855680720719917e+00 -8.689383640562217792e+00 -7.772626695125617324e+00 nan -5.116014339206702566e+00 nan nan nan nan nan nan nan nan nan nan nan nan nan nan
nan nan nan nan nan -6.701595101765680518e-01 -1.576690413863244489e+00 -2.718926496861329589e+00 -3.950231239117295789e+00 -5.436436479162169988e+00 -6.830322929753269712e+00 -7.061806765820411336e+00 -8.032240095817698489e+00 -8.571761067211388863e+00 -6.051059777953148533e+00 nan nan nan nan nan nan nan nan nan nan nan nan nan
nan nan nan nan nan -9.403987140052527671e-01 -1.498860084702239526e+00 -2.168913893938591908e+00 -3.004976898104449567e+00 -4.381559193343028014e+00 -5.845857604381087036e+00 -6.901020431676234246e+00 -7.139554274051647553e+00 -7.946237038757180571e+00 -9.293380415492343616e+00 -7.579235638851515411e+00 -4.623223080797104423e+00 nan nan nan nan nan nan nan nan nan nan nan
nan nan nan nan nan nan -1.492305199916652336e+00 -1.998200345031740044e+00 -2.607513415195263917e+00 -3.607322722326142372e+00 -4.867442142404605043e+00 -6.006162569285709907e+00 -6.988866224271502503e+00 -7.252747061785266069e+00 -8.325638293331415696e+00 -9.518263235093561647e+00 -8.840461663844759954e+00 -6.273556548818195466e+00 nan nan nan nan nan nan nan nan nan nan
nan nan nan nan nan nan nan -1.892695247371515510e+00 -2.339644648322638520e+00 -3.071271482888711102e+00 -3.984550938776504125e+00 -4.889304788740227892e+00 -5.686911066716780816e+00 -6.370200309902115166e+00 -6.926406415932216731e+00 -7.216262578826333929e+00 -7.804207605169900752e+00 -7.514128051954592102e+00 -5.971803449243748396e+00 nan nan -4.648297781203964973e+00 nan nan nan nan nan nan
nan nan nan nan nan nan nan -1.732168380349168535e+00 -2.117408385379137226e+00 -2.691119096267962529e+00 -3.355275523865042686e+00 -4.130827296421117900e+00 -4.599121401559104427e+00 -4.951929739750179138e+00 -5.409376435900814961e+00 -5.981295960262674960e+00 -6.096880177939231871e+00 -6.063376218480412305e+00 -5.883796008158800106e+00 -5.216606342280125652e+00 -4.156841404718942812e+00 -3.920043088457925595e+00 -3.484785048563257437e+00 nan nan nan nan nan
nan nan nan nan nan nan nan nan -1.779963600044793370e+00 -2.165798948600805574e+00 -2.825407980847991052e+00 -3.465827042098413635e+00 -3.761607015104191820e+00 -4.103406507943878623e+00 -4.332921203739579674e+00 -4.574401222349745666e+00 -4.945824883027984953e+00 -5.244735800164820994e+00 -5.231606112777916096e+00 -5.062518646576723569e+00 -4.700011790782347987e+00 -4.093479738600203532e+00 -3.844581768179442971e+00 -3.585730868358838475e+00 nan -1.647602811400893374e+00 -3.600068898728380429e+00 nan
nan nan nan nan nan nan nan nan nan -1.517133697180976792e+00 -2.372127740597293144e+00 -2.976110150354547290e+00 -3.256489492406021036e+00 -3.397138353537075162e+00 -3.432131314285807644e+00 -3.392760721315413175e+00 -3.495667912329489813e+00 -3.962504084980094987e+00 -4.511673942234922130e+00 -4.654701827378073808e+00 -4.680319781253676759e+00 -4.615522318795298062e+00 -4.247501043603554294e+00 -4.517067923187395806e+00 nan -2.029118430830695097e+00 -2.746437946678470077e+00 nan
nan nan nan nan nan nan nan nan nan nan -1.705602195331167081e+00 -2.381724435148018681e+00 -2.691914712033119272e+00 -2.856556406677799309e+00 -2.729136775934029480e+00 -2.550794357688932479e+00 -2.507816837158019396e+00 -2.678779690842196803e+00 -3.049649367755274287e+00 -3.646215703120102347e+00 -4.035529979941243184e+00 -3.806392407969313219e+00 -3.751981886786802001e+00 -3.530278632557010354e+00 -3.349370046630670394e+00 -2.500070938304333357e+00 -2.389910767160199789e+00 nan
nan nan nan nan nan nan nan nan nan nan nan nan -2.019015808195770312e+00 -2.155541497097638981e+00 -2.011081928417429499e+00 -1.782476586404533769e+00 -1.466306478256022006e+00 -1.277435161489454352e+00 -1.435495164555123715e+00 -1.616352954838045974e+00 -2.409119654435851743e+00 -2.940606316941876575e+00 -2.665375208974407162e+00 -2.413281759939212900e+00 -2.077453029790075067e+00 -1.703717537588406161e+00 -1.453430877199119786e+00 nan
nan nan nan nan nan nan nan nan nan nan nan nan nan -1.548745273193749217e+00 -1.385595443713796726e+00 -1.124453831173018559e+00 -6.080689002428510959e-01 -1.529356195499879667e-01 2.957253836064197006e-01 1.784216881994553916e-01 -5.817958157456184498e-01 -1.432665281251287226e+00 -1.716784267720318224e+00 -1.373165818388552895e+00 -8.888481688521661095e-01 -4.474200974198810354e-01 -2.758186341171354750e-01 nan
nan nan nan nan nan nan nan nan nan nan nan nan nan nan nan -4.877506132538225389e-03 2.371049701274116073e-01 8.582340697331284352e-01 1.332627959533161155e+00 1.959587901641145269e+00 2.219343198287512031e+00 1.375216180126493715e+00 -1.952276306790616534e-02 -8.576242088602707980e-01 -2.947553814359039626e-01 3.748844098970073313e-01 6.942546277080017258e-01 nan
nan nan nan nan nan nan nan nan nan nan nan nan nan nan nan nan nan 1.485767520531843466e+00 2.092936956677556193e+00 2.583511280439010349e+00 3.059856523822729102e+00 2.538679004773543912e+00 9.722064334998911095e-01 5.424517505221145841e-01 4.331735992851634687e-01 1.023835329978552533e+00 1.535708997088107930e+00 nan
nan nan nan nan nan nan nan nan nan nan nan nan nan nan nan nan nan nan nan nan 2.690104187371125666e-01 nan nan 2.999811420089948832e+00 2.480058587859064190e+00 2.142582431293596379e+00 nan nan
