nan nan nan -3.845943752242696245e+00 -5.325176141096865656e+00 -7.207156438228781603e+00 nan nan nan nan nan nan nan nan nan nan nan nan nan nan nan nan nan nan nan nan nan nan
nan nan -1.965471605478446904e+00 -3.752395218316817882e+00 -5.331145806232562734e+00 -6.889419900316605450e+00 -8.553052562846497509e+00 nan nan nan nan nan nan nan nan nan nan nan nan nan nan nan nan nan nan nan nan nan
nan nan -1.328167235470048446e+00 -3.007082704790899008e+00 -4.791751627807860459e+00 -6.203267164935126310e+00 -7.805013808692493171e+00 -8.992144535734819755e+00 nan nan nan nan nan nan nan nan nan nan nan nan nan nan nan nan nan nan nan nan
nan 6.955658120345702411e-01 -5.880305686216027450e-01 -2.243530949562063892e+00 -3.850973381037944954e+00 -5.280446847758068607e+00 -6.788961736959952198e+00 -7.567611776755617470e+00 -7.257626528105240560e+00 nan nan nan nan nan nan nan nan nan nan nan nan nan nan nan nan nan nan nan
1.604509901644632697e+00 8.954635601092589825e-01 -3.495012548698004928e-01 -1.656646767260871789e+00 -2.956117671730309038e+00 -4.336980672069723930e+00 -5.889847251050752241e+00 -6.736864823848811135e+00 -6.152924620648996701e+00 -3.913896366596147924e+00 nan nan nan nan nan nan nan nan nan nan nan nan nan nan nan nan nan nan
1.942147245358450069e+00 1.124453864191917729e+00 -1.523779718048344223e-01 -1.501615524398373092e+00 -2.558610260956108995e+00 -3.802549967807888454e+00 -5.648793468473018997e+00 -6.873655294422401418e+00 -7.011854156689696360e+00 nan nan nan nan nan nan nan nan nan nan nan nan nan nan nan nan nan nan nan
2.075867034894329777e+00 1.310788428883555401e+00 1.526138575885233606e-01 -1.166383005888259827e+00 -2.235249612500644023e+00 -3.453541993382477138e+00 -5.591747077629475093e+00 -7.348220302171345253e+00 -7.979637644184875533e+00 nan nan nan nan nan nan nan nan nan nan nan nan nan nan nan nan nan nan nan
2.008157655142485343e+00 1.341427266566429521e+00 4.837376190987615066e-01 -7.040715511682749117e-01 -1.653088721232269576e+00 -3.124965024266711744e+00 -5.314795636202513052e+00 -7.362403294254340480e+00 -8.443909067913962119e+00 nan nan nan nan nan nan nan nan nan nan nan nan nan nan nan nan nan nan nan
nan 1.256528461044600808e+00 7.036704088329521767e-01 -1.392787686115068146e-01 -1.010521895896454359e+00 -2.456796106126386103e+00 -4.467199382369777538e+00 -6.387094813653702019e+00 -7.670227993525783106e+00 -5.370138214862093307e+00 nan nan nan nan nan nan nan nan nan nan nan nan nan nan nan nan nan nan
nan 1.234105575593750670e+00 7.760553326553489839e-01 2.007973465745508668e-01 -7.413066517103186204e-01 -2.124813057970492469e+00 -3.867866429506816139e+00 -5.380983036839872113e+00 -6.043036578862321484e+00 -4.591406728439484830e+00 nan nan nan nan nan nan nan nan nan nan nan nan nan nan nan nan nan nan
nan 1.326694820558500076e+00 8.056712823624478936e-01 2.146140405521833328e-01 -6.514209432366828700e-01 -1.909847215761337980e+00 -3.369952916665566178e+00 -5.136071257194291917e+00 -5.287021929262547104e+00 -4.010018034997430370e+00 nan nan nan nan nan nan nan nan nan nan nan nan nan nan nan nan nan nan
nan nan 9.564282672086275028e-01 -2.614087463439734860e-01 -1.015294881748463940e+00 -1.629845789482770479e+00 -2.896935211148843337e+00 -4.984825110328062969e+00 -5.372926451088474664e+00 -3.494833771351519403e+00 nan nan nan nan nan nan nan nan nan nan nan nan nan nan nan nan nan nan
nan nan 1.327248867837193813e-01 -1.411650511508543815e+00 -1.926067197252457897e+00 nan -2.936552032719653038e+00 -4.819425993273277697e+00 -5.961935521273447947e+00 -4.295711212154230907e+00 nan nan nan nan nan nan nan nan nan nan nan nan nan nan nan nan nan nan
nan nan nan nan nan nan -3.007590384753330071e+00 -4.770757046637736032e+00 -6.439612506842799178e+00 -5.421458451185000804e+00 nan nan -2.283724056403858338e+00 nan nan nan nan nan nan nan nan nan nan nan nan nan nan nan
nan nan nan nan nan -1.990615421730760337e+00 -2.452828967111171377e+00 -4.486908905077456211e+00 -6.484624247846924483e+00 -7.567884937757204611e+00 nan nan nan nan nan nan nan nan nan nan nan nan nan nan nan nan nan nan
nan nan nan nan nan -1.908228016244025937e+00 -2.171494806115834120e+00 -3.611624657080085399e+00 -5.459496204366026006e+00 -8.756908905387710718e+00 -5.925539817934601494e+00 nan nan nan nan nan nan nan nan nan nan nan nan nan nan nan nan nan
nan nan nan nan nan -1.595332627966578265e+00 -2.010573831352957530e+00 -2.880491276518170718e+00 -4.211927453314540770e+00 -5.642002897443624931e+00 -7.046835283769150138e+00 -5.398146529153546425e+00 nan -3.155765794703455196e+00 nan nan nan nan nan nan nan nan nan nan nan nan nan nan
nan nan nan nan nan -1.100589983681557138e+00 -1.571730876568462554e+00 -2.136647182701330916e+00 -3.160705446724175527e+00 -4.139270212126785253e+00 -4.416332058624139023e+00 -4.705420902178568454e+00 -4.320981469011403675e+00 -4.183145816506991466e+00 -3.575788974554226840e+00 nan nan nan nan nan nan nan nan nan nan nan nan nan
nan nan nan nan nan -7.155971522702212484e-01 -1.376027595373251033e+00 -1.764079599016388444e+00 -2.447127217593464188e+00 -3.578258179572970654e+00 -3.894100368741192586e+00 -3.857405143034786210e+00 -3.805661597755167325e+00 -3.512345660104834177e+00 -3.635891294652227490e+00 -3.707774111301661790e+00 -2.638492688411916642e+00 nan nan nan nan nan nan nan nan nan nan nan
nan nan nan nan nan nan -1.009992652430033999e+00 -1.460499834317520396e+00 -2.089060963398636339e+00 -2.774769960125383683e+00 -3.619422630779923100e+00 -3.871458977351659669e+00 -3.853777832287190286e+00 -4.507663518548233661e+00 -4.694234383899704710e+00 -4.860831606746388367e+00 -4.375142997491501262e+00 -4.025230885893202881e+00 nan nan nan nan nan nan nan nan nan nan
nan nan nan nan nan nan nan -1.074318196614869825e+00 -1.699744484944876177e+00 -2.349159338201742386e+00 -3.159752731459125386e+00 -3.699084347830233988e+00 -3.829830690655814607e+00 -4.470352647419960412e+00 -5.336938730841519707e+00 -6.062275158170579381e+00 -6.630858932080633039e+00 -7.020820094823231550e+00 -5.578690755491214404e+00 nan nan -5.368710460782475380e+00 nan nan nan nan nan nan
nan nan nan nan nan nan nan -9.463653848087801856e-01 -1.393034590772770809e+00 -2.139722531056811761e+00 -2.785504949594817425e+00 -3.254126084505185368e+00 -3.678017997502991410e+00 -4.137124888079289242e+00 -4.937361053100714159e+00 -5.740202823972514246e+00 -6.205372161471785830e+00 -6.228307381903860573e+00 -6.297002634628094953e+00 -6.172394594221851882e+00 -5.890404415158275064e+00 -5.064794866314067612e+00 -3.135903875300494636e+00 nan nan nan nan nan
nan nan nan nan nan nan nan nan -1.244354492693785064e+00 -1.963330365306773739e+00 -2.577617217603207500e+00 -2.849271212145426890e+00 -3.143901944538156190e+00 -3.493253356711198077e+00 -4.113692539850201335e+00 -4.669119523390476090e+00 -5.228754316943924785e+00 -5.672453852774714811e+00 -6.175774143335140742e+00 -7.027894603702195653e+00 -7.705628305542973067e+00 -8.132034413894860592e+00 -7.394006829205320486e+00 -4.917464475367547827e+00 nan -3.905818130032951974e+00 -5.028105341510888060e+00 nan
nan nan nan nan nan nan nan nan nan -1.714775294739484757e+00 -2.385180857179472813e+00 -2.439096018682649802e+00 -2.517044435273304348e+00 -2.693506661123926005e+00 -2.943123834335696021e+00 -3.189176378316656901e+00 -3.657721451579451610e+00 -4.491294098667151680e+00 -5.331552201887880038e+00 -6.093658958110765411e+00 -6.923312904359281816e+00 -7.954428609195351996e+00 -8.573948066017358371e+00 -8.661426749246777135e+00 nan -4.471368291347451063e+00 -4.960913391058610955e+00 nan
nan nan nan nan nan nan nan nan nan nan -2.049283633626405088e+00 -2.212721527947457911e+00 -2.023644503968664132e+00 -1.856036725439797808e+00 -1.702379695192645537e+00 -1.650487303672712569e+00 -1.677789998461660437e+00 -2.280735762696654678e+00 -3.387084501546552939e+00 -4.361049682792384807e+00 -5.109085124543994105e+00 -6.181026876153377536e+00 -7.268381715965431589e+00 -7.110150786659643174e+00 -6.104720536430728650e+00 -4.638784982894194719e+00 -3.928464055960708912e+00 nan
nan nan nan nan nan nan nan nan nan nan nan nan -1.523782701700887143e+00 -1.292871488098784383e+00 -1.012189148639620395e+00 -8.457260996211336535e-01 -7.411963584385022896e-01 -8.597509046492413098e-01 -1.367137512408774125e+00 -2.149672269000611369e+00 -3.055171393701157090e+00 -4.396133972434006942e+00 -5.597986642411177272e+00 -5.760755959873155696e+00 -5.008884149293317378e+00 -4.262889518646168163e+00 -3.494479181687867531e+00 nan
nan nan nan nan nan nan nan nan nan nan nan nan nan -9.784438371306172222e-01 -7.440647564125513203e-01 -5.935601082544408325e-01 -5.733388356869424385e-01 -6.604855854120942338e-01 -5.639940859491495706e-01 -1.062437084913601115e+00 -1.777580004634046196e+00 -2.723272654023372041e+00 -3.736338573329201385e+00 -4.541833323537632694e+00 -4.454748784467449596e+00 -3.597876524854478397e+00 -2.959030788554955382e+00 nan
nan nan nan nan nan nan nan nan nan nan nan nan nan nan nan -3.087858172228176712e-01 -2.115182718308019072e-01 3.782037684997520410e-02 2.605038482019536583e-02 5.362976632396072862e-02 -2.587319994342021090e-01 -1.443474041865107527e+00 -2.524181235827505088e+00 -3.312958852000280174e+00 -3.703254101510881302e+00 -3.445137889055492675e+00 -2.673357169422739155e+00 nan
nan nan nan nan nan nan nan nan nan nan nan nan nan nan nan nan nan 7.093608230140994175e-01 7.717842842000675052e-01 1.157009202627645950e+00 1.133201029225059164e+00 -1.694059057375597033e-01 -1.246127860850182678e+00 -1.917317812049484260e+00 -2.454314464697874509e+00 -3.092818481306579326e+00 -2.607541955575985781e+00 nan
nan nan nan nan nan nan nan nan nan nan nan nan nan nan nan nan nan nan nan nan 6.574976799722328513e-01 nan nan -1.235972798690449403e+00 -1.631077280807165186e+00 -2.363894624173931813e+00 nan nan
