nan nan nan 5.945704091383285927e+00 6.272862552799907121e+00 5.564367621283590637e+00 nan nan nan nan nan nan nan nan nan nan nan nan nan nan nan nan nan nan nan nan nan nan
nan nan 6.654634842964407326e+00 6.247055303623948674e+00 6.301222635676901440e+00 5.824071256796890417e+00 3.552824616610936737e+00 nan nan nan nan nan nan nan nan nan nan nan nan nan nan nan nan nan nan nan nan nan
nan nan 6.807825677313459778e+00 6.524342917480474568e+00 6.003266239128056903e+00 5.456774247779105913e+00 3.539324315673258337e+00 -1.282350625767489261e+00 nan nan nan nan nan nan nan nan nan nan nan nan nan nan nan nan nan nan nan nan
nan 6.496581424834299234e+00 6.727739156018994748e+00 6.501211425009996603e+00 5.859923449789918415e+00 5.268880207169365448e+00 4.062004213203814551e+00 1.025215664166622548e-01 -3.950551162838398245e+00 nan nan nan nan nan nan nan nan nan nan nan nan nan nan nan nan nan nan nan
6.111561148636797114e+00 6.590035330328703367e+00 6.629420659353198353e+00 6.394235483203976500e+00 5.987967658379611535e+00 5.442897276251752459e+00 4.747266598919402725e+00 2.504345196978095878e+00 -1.733799048434595980e+00 -4.029637471543343175e+00 nan nan nan nan nan nan nan nan nan nan nan nan nan nan nan nan nan nan
6.127132025790368530e+00 6.588355282349596997e+00 6.588095297162430697e+00 6.550342850160328467e+00 6.468824146135863096e+00 6.035394406222797770e+00 5.385217882330207040e+00 3.661695284159024677e+00 -9.630655536485208112e-02 nan nan nan nan nan nan nan nan nan nan nan nan nan nan nan nan nan nan nan
5.954956728718996395e+00 6.350586747309533209e+00 6.452187409197277290e+00 6.624212982040186048e+00 6.890414585019086324e+00 6.550945814288732016e+00 5.745970886118957566e+00 3.744647253848397916e+00 -1.059341962916112018e-01 nan nan nan nan nan nan nan nan nan nan nan nan nan nan nan nan nan nan nan
5.771743892322509062e+00 6.109553003798198212e+00 6.331688170205099553e+00 6.828481571917450310e+00 7.125093526907186003e+00 6.730886682997573089e+00 5.896400060535382792e+00 3.355127714016657769e+00 -4.952296154523693761e-01 nan nan nan nan nan nan nan nan nan nan nan nan nan nan nan nan nan nan nan
nan 5.745144809388020413e+00 6.035702482167789817e+00 6.501368708108501870e+00 6.944358736501327733e+00 6.811237723642103781e+00 5.900827010156766583e+00 3.187610093755906870e+00 -1.940170554045983209e-01 -1.212101568358086467e+00 nan nan nan nan nan nan nan nan nan nan nan nan nan nan nan nan nan nan
nan 5.130495883040442351e+00 5.667204323059101156e+00 6.366610110613746265e+00 6.653717932686999958e+00 6.640796856625773792e+00 5.774490582359606883e+00 3.855604857269201879e+00 9.841517306755362959e-01 -1.564359259407863967e-01 nan nan nan nan nan nan nan nan nan nan nan nan nan nan nan nan nan nan
nan 4.488932697023178875e+00 5.032964478956905907e+00 5.855448909402100277e+00 6.494868701603595973e+00 6.294364886683015747e+00 5.516276888350856389e+00 3.650120059629380354e+00 1.316552077619991490e+00 1.735854328344247355e-01 nan nan nan nan nan nan nan nan nan nan nan nan nan nan nan nan nan nan
nan nan 4.150022262610804979e+00 5.057091432125897512e+00 5.750971686653201687e+00 5.876141827109555571e+00 5.086526283345962796e+00 2.964373399961026223e+00 1.212109850822348678e+00 2.274075073954863191e-01 nan nan nan nan nan nan nan nan nan nan nan nan nan nan nan nan nan nan
nan nan 2.547905440293374291e+00 4.234436174504159212e+00 4.942061073725372289e+00 nan 4.978705756931986137e+00 2.793960205739358660e+00 1.115763356700302467e+00 8.456195752260682597e-02 nan nan nan nan nan nan nan nan nan nan nan nan nan nan nan nan nan nan
nan nan nan nan nan nan 4.535109506440747396e+00 3.008238077405767541e+00 1.458208713941404389e+00 7.041641053110100357e-01 nan nan -7.089228323218474404e-02 nan nan nan nan nan nan nan nan nan nan nan nan nan nan nan
nan nan nan nan nan 5.836229267653905595e+00 3.742055324429463425e+00 2.583797023862058673e+00 1.343644140916895768e+00 2.553983600026493161e-01 nan nan nan nan nan nan nan nan nan nan nan nan nan nan nan nan nan nan
nan nan nan nan nan 4.684550291663836852e+00 3.564438851962851817e+00 1.850059789280829037e+00 6.500009047221994019e-01 -1.307283049021970456e+00 -1.743366628092719139e+00 nan nan nan nan nan nan nan nan nan nan nan nan nan nan nan nan nan
nan nan nan nan nan 2.946207481666595296e+00 2.525593093101146547e+00 1.315998201065049056e+00 3.177302581601895159e-01 -1.788228325895468762e+00 -3.195775311302671007e+00 -2.730073942333014259e+00 nan -1.101713899420973419e+00 nan nan nan nan nan nan nan nan nan nan nan nan nan nan
nan nan nan nan nan 1.683500139230047932e+00 1.461052892480531940e+00 8.700877116471447126e-01 3.453836095905731263e-01 -1.432925974007351222e+00 -3.087780785289202079e+00 -3.648998766844669728e+00 -3.480158277626559826e+00 -2.122302659325474572e+00 -1.002423809679091171e+00 nan nan nan nan nan nan nan nan nan nan nan nan nan
nan nan nan nan nan 8.265461537340099696e-01 8.339056142767228286e-01 4.408617305285176258e-01 -9.775911874341268459e-02 -1.524461185863032364e+00 -3.275611753305302187e+00 -4.233290589459699937e+00 -4.492483843995336734e+00 -3.706377896382800685e+00 -2.689474115214893324e+00 -2.329281611163652066e+00 -1.440234135850308794e+00 nan nan nan nan nan nan nan nan nan nan nan
nan nan nan nan nan nan 3.052459603386684650e-01 -7.737123065836298830e-02 -5.268884227553670696e-01 -1.494282123617791003e+00 -3.223267791258736636e+00 -4.231194919251308306e+00 -4.903298962646911896e+00 -4.956707945128067117e+00 -4.257454422730286403e+00 -3.457410728886506579e+00 -2.323883278621328596e+00 -2.039146926168924789e+00 nan nan nan nan nan nan nan nan nan nan
nan nan nan nan nan nan nan -5.499404349472716280e-01 -7.765898762281366885e-01 -1.598737713578332720e+00 -3.014674236557383757e+00 -4.035893502287767554e+00 -4.526257708252134471e+00 -5.042904460812967393e+00 -5.353142116685835283e+00 -4.891911498400673075e+00 -4.292410113166180707e+00 -4.339380598744610573e+00 -3.653128851469569671e+00 nan nan -3.517593951888174253e+00 nan nan nan nan nan nan
nan nan nan nan nan nan nan -1.096140537583073948e+00 -1.023932584564365644e+00 -1.619060011564980028e+00 -2.728524031827153973e+00 -3.640712421851423741e+00 -4.136017150759610850e+00 -4.536371164508717690e+00 -4.932848625520662722e+00 -5.221490334219872409e+00 -4.900025147482639731e+00 -4.333011334269158077e+00 -3.802998842239770472e+00 -3.129501497481160577e+00 -2.638886481282077590e+00 -2.460100552285334974e+00 -2.074929197815488457e+00 nan nan nan nan nan
nan nan nan nan nan nan nan nan -1.380615675225272510e+00 -1.789925646570870610e+00 -2.790889519638241278e+00 -3.464485466933926006e+00 -3.769141859411379691e+00 -3.761292247646203180e+00 -3.950870233508064544e+00 -4.195721385161421679e+00 -4.060942608857975422e+00 -3.583189366431597023e+00 -2.975146197221704369e+00 -2.293956239389492779e+00 -1.606552622804479746e+00 -1.897175077662249132e+00 -2.144994379860270417e+00 -1.952786376352147579e+00 nan 2.589708796932497364e-02 -5.228177466279562147e-01 nan
nan nan nan nan nan nan nan nan nan -2.131912094518397804e+00 -2.819777213185101772e+00 -3.376230894587858966e+00 -3.470627414380316189e+00 -3.161578938814859185e+00 -3.290236583071300736e+00 -3.266559756914130919e+00 -3.248017330658460100e+00 -2.792322547026912627e+00 -2.139100550657617728e+00 -1.991650958197599630e+00 -1.844605728373349907e+00 -1.765340325351255846e+00 -2.126714505887206563e+00 -2.660868204689138761e+00 nan -1.238327686213202661e+00 -3.005662019831237153e+00 nan
nan nan nan nan nan nan nan nan nan nan -2.521485575318315853e+00 -2.919636504700898527e+00 -2.910550560632064077e+00 -3.300340621342378711e+00 -3.568610312350685820e+00 -3.205162722251289509e+00 -2.637846740688392533e+00 -2.581644084023007935e+00 -2.156443281426310588e+00 -2.005443999063660332e+00 -2.442391738483878250e+00 -2.504707653755092966e+00 -2.663315504729906635e+00 -3.315706458970339998e+00 -4.041775546977552480e+00 -3.730969726096846184e+00 -3.670256085697034543e+00 nan
nan nan nan nan nan nan nan nan nan nan nan nan -2.813271503734026791e+00 -3.403752691643797679e+00 -3.587678117607528083e+00 -3.362506165372290301e+00 -3.095817251323149222e+00 -2.647410658890400725e+00 -2.535031197491560917e+00 -2.475272886727400756e+00 -3.125643548969156527e+00 -3.683583675454356499e+00 -4.123073222608574007e+00 -4.406369086310797378e+00 -4.429633785832486126e+00 -4.093129121077544674e+00 -3.664590706866063030e+00 nan
nan nan nan nan nan nan nan nan nan nan nan nan nan -3.038256407195750075e+00 -3.527945038340645656e+00 -3.307394977250643020e+00 -2.890338730447610249e+00 -2.847235903608742014e+00 -2.732273368557109894e+00 -2.715295237049634824e+00 -3.172049403434576753e+00 -4.658486528011938077e+00 -5.189910439098164296e+00 -4.330146442413793650e+00 -3.998726284318646851e+00 -3.835065827875717481e+00 -3.703716142698547209e+00 nan
nan nan nan nan nan nan nan nan nan nan nan nan nan nan nan -2.702584339913189027e+00 -2.761729775291184463e+00 -2.745555375312809687e+00 -2.782040676494513587e+00 -2.735372064360632738e+00 -2.616192467586249570e+00 -3.106248738889632044e+00 -3.457286840895255065e+00 -3.551504039733663465e+00 -3.128025199636578879e+00 -3.231363441288960470e+00 -3.355394020704056235e+00 nan
nan nan nan nan nan nan nan nan nan nan nan nan nan nan nan nan nan -2.789905198142074827e+00 -2.567456233752910766e+00 -2.510569605746785893e+00 -2.309604602932815443e+00 -2.177099870671157955e+00 -2.482999673594599166e+00 -2.663311721171419233e+00 -2.121009963306602408e+00 -2.174436449766564916e+00 -1.835394772559524768e+00 nan
nan nan nan nan nan nan nan nan nan nan nan nan nan nan nan nan nan nan nan nan -1.459575969612638247e+00 nan nan -1.378725625585316195e+00 -1.236354125896281575e+00 -1.147091215753506033e+00 nan nan
