nan nan nan 4.599458997748563149e+00 3.502744523483546146e+00 1.170675796271652747e+00 nan nan nan nan nan nan nan nan nan nan nan nan nan nan nan nan nan nan nan nan nan nan
nan nan 5.102104975164345468e+00 4.597723781825236777e+00 3.399263034880454448e+00 1.563136000131193581e+00 -1.311924654944239821e+00 nan nan nan nan nan nan nan nan nan nan nan nan nan nan nan nan nan nan nan nan nan
nan nan 5.123436811428600635e+00 4.526527671387131413e+00 3.271425878493358308e+00 1.212720940637259881e+00 -1.262978555633426536e+00 -4.468287705558716461e+00 nan nan nan nan nan nan nan nan nan nan nan nan nan nan nan nan nan nan nan nan
nan 5.092262147874642153e+00 5.189745322763338109e+00 4.709584343290567965e+00 3.441332114638616435e+00 1.349518175138729958e+00 -7.652627766284720856e-01 -3.211285309517196929e+00 -5.992819925506838175e+00 nan nan nan nan nan nan nan nan nan nan nan nan nan nan nan nan nan nan nan
4.714659496465043453e+00 5.206954714863459621e+00 5.308304565684455412e+00 4.861030921473839861e+00 3.613013174501687796e+00 1.925599753712594620e+00 -3.848974603695612395e-02 -2.483287631406562834e+00 -5.190175340698087503e+00 -4.276357977504620322e+00 nan nan nan nan nan nan nan nan nan nan nan nan nan nan nan nan nan nan
4.806142977310557285e+00 5.202943703488470462e+00 5.203269119815344901e+00 4.824654428116514460e+00 3.624370607734729965e+00 2.261930783373909293e+00 5.882092380501203754e-01 -2.190771553297083507e+00 -6.678440353746608160e+00 nan nan nan nan nan nan nan nan nan nan nan nan nan nan nan nan nan nan nan
4.530133664626629475e+00 4.865382064463696032e+00 4.798773272433809467e+00 4.280336312153558254e+00 3.381821148576185987e+00 2.290328715109291480e+00 9.541254504634233413e-01 -2.362745136394925005e+00 -7.426275377036199998e+00 nan nan nan nan nan nan nan nan nan nan nan nan nan nan nan nan nan nan nan
4.052519778607977408e+00 4.277062653380456325e+00 4.085224599528152645e+00 3.616495754117881933e+00 3.040516069046983905e+00 2.053032545528659103e+00 7.185900284593307319e-01 -2.631334484592483758e+00 -7.435503599454106549e+00 nan nan nan nan nan nan nan nan nan nan nan nan nan nan nan nan nan nan nan
nan 3.400552057066164036e+00 3.147782830482738436e+00 2.768282657612404218e+00 2.337446531879664668e+00 1.540492944444466605e+00 1.043149890376438432e-01 -3.208220415542277770e+00 -5.886464477304389042e+00 -5.096306101019668411e+00 nan nan nan nan nan nan nan nan nan nan nan nan nan nan nan nan nan nan
nan 2.445787004765045403e+00 2.287875501523501498e+00 1.980474145804440811e+00 1.598878757286801289e+00 8.841558172935330973e-01 -9.137715660142509133e-01 -3.543295086065845645e+00 -4.983761673717617136e+00 -3.860342826450197329e+00 nan nan nan nan nan nan nan nan nan nan nan nan nan nan nan nan nan nan
nan 2.007152003878776458e+00 1.918779026140884136e+00 1.643935700272954437e+00 1.294995623783775862e+00 2.803894758633664330e-01 -1.589198244854419517e+00 -4.262284631892717002e+00 -4.705767768213762636e+00 -3.469417964479657890e+00 nan nan nan nan nan nan nan nan nan nan nan nan nan nan nan nan nan nan
nan nan 1.602667859925413385e+00 1.241318391652215247e+00 6.405427040324426224e-01 5.744188963240173806e-02 -1.774056450462324408e+00 -4.307776641394616135e+00 -5.012905062523478783e+00 -2.897373005524078060e+00 nan nan nan nan nan nan nan nan nan nan nan nan nan nan nan nan nan nan
nan nan 6.430255292820445945e-01 3.125204056757541204e-01 1.135227741563765991e-01 nan -1.169671235634909490e+00 -3.895683656054452992e+00 -5.499645363933008291e+00 -3.553183785991856691e+00 nan nan nan nan nan nan nan nan nan nan nan nan nan nan nan nan nan nan
nan nan nan nan nan nan -9.442443370248367884e-01 -3.499825894680228089e+00 -5.972397721264135484e+00 -4.371201645441265882e+00 nan nan -1.756695080918059482e+00 nan nan nan nan nan nan nan nan nan nan nan nan nan nan nan
nan nan nan nan nan -5.277711100279119938e-01 -1.337538127726880521e+00 -3.372948445709855303e+00 -5.824102642226605120e+00 -5.748475639093095779e+00 nan nan nan nan nan nan nan nan nan nan nan nan nan nan nan nan nan nan
nan nan nan nan nan -5.642754559330726005e-01 -1.234715260952336413e+00 -2.949762377835147387e+00 -5.077750071698651446e+00 -7.769312211837276827e+00 -4.928784236741922342e+00 nan nan nan nan nan nan nan nan nan nan nan nan nan nan nan nan nan
nan nan nan nan nan -4.294650168547999303e-01 -1.366231359246123267e+00 -2.968839858645274887e+00 -4.600299622591060178e+00 -6.174372668517416507e+00 -7.702459106021274593e+00 -6.425826454074417882e+00 nan -2.521411817959815505e+00 nan nan nan nan nan nan nan nan nan nan nan nan nan nan
nan nan nan nan nan -6.801050674467740143e-01 -1.661808581129894824e+00 -2.905132180704895095e+00 -4.149813704719290008e+00 -5.222030562672716592e+00 -6.560821845972702349e+00 -7.539485269858833050e+00 -7.847491488670013560e+00 -5.865619429799029838e+00 -2.530823432012990981e+00 nan nan nan nan nan nan nan nan nan nan nan nan nan
nan nan nan nan nan -1.288898503592626810e+00 -2.096565453894379871e+00 -2.879975484083218795e+00 -3.752750272539209675e+00 -4.770430904910588410e+00 -5.801944958551485065e+00 -6.566754406135004274e+00 -7.700086551980292349e+00 -8.131295436980371605e+00 -6.848171000105454098e+00 -4.498034853366805308e+00 -2.569180541194164391e+00 nan nan nan nan nan nan nan nan nan nan nan
nan nan nan nan nan nan -2.495188521825944861e+00 -2.989340091427521440e+00 -3.593467085292390895e+00 -4.494005520224302330e+00 -5.744933680746174609e+00 -6.566060888296961551e+00 -7.294846903831418317e+00 -8.092026881267033289e+00 -8.243482365886540819e+00 -7.348317446373672901e+00 -4.822536408566089783e+00 -2.766581878982472986e+00 nan nan nan nan nan nan nan nan nan nan
nan nan nan nan nan nan nan -3.029151766395421941e+00 -3.207837945189870421e+00 -3.804712412267895694e+00 -4.804279528279545630e+00 -5.919041651150638295e+00 -6.799247113230107331e+00 -7.438041253556927579e+00 -8.183113568668234805e+00 -7.931085392759987585e+00 -7.045465479453896229e+00 -5.629624054654841281e+00 -3.428145534589285504e+00 nan nan -1.321705972073759616e+00 nan nan nan nan nan nan
nan nan nan nan nan nan nan -2.734168780571292423e+00 -2.850883555209367426e+00 -3.045800207694568051e+00 -3.735936148999537743e+00 -4.854115313519865360e+00 -5.918538175479776342e+00 -6.487572046950415228e+00 -7.052688591284381303e+00 -7.592864457615457141e+00 -7.290927749032898753e+00 -6.558456126924982144e+00 -5.299186107019137282e+00 -3.710500397345824819e+00 -2.240034234498622379e+00 -1.283547021157979806e+00 -1.177166882642715295e+00 nan nan nan nan nan
nan nan nan nan nan nan nan nan -2.523406660795725731e+00 -2.739853585866804497e+00 -3.301234858265186922e+00 -4.207127689054162900e+00 -5.320254897720438692e+00 -5.995187861889892389e+00 -6.633878434704246096e+00 -7.132567098631393598e+00 -7.512139285616202145e+00 -7.110643864341290588e+00 -6.741867863143134798e+00 -5.748083395361422099e+00 -4.399956532143424859e+00 -3.127436336688544483e+00 -1.302770080324629598e+00 -8.804492019969426542e-01 nan -6.986736869390271221e-02 -5.138906366027983230e-01 nan
nan nan nan nan nan nan nan nan nan -2.651373044381537536e+00 -3.177378579919964086e+00 -3.794865132412268416e+00 -4.609013401694421752e+00 -5.363995946737468934e+00 -6.004105751748333830e+00 -6.618848095328009329e+00 -7.119423349677646229e+00 -7.355628347618556440e+00 -7.327791114796727179e+00 -7.330949006504035026e+00 -6.486487491861366195e+00 -5.522079803067306614e+00 -4.741048205130494964e+00 -3.513762554177541908e+00 nan -8.425391123858623210e-01 -1.515812215680574671e+00 nan
nan nan nan nan nan nan nan nan nan nan -2.955541097286789931e+00 -3.570308208737742017e+00 -4.130961386521999401e+00 -4.743836384976349407e+00 -5.344079071158552630e+00 -5.962492144968399188e+00 -6.823563858125391235e+00 -7.195491552476090291e+00 -7.414444136708366884e+00 -7.669703559142232230e+00 -7.764291544245344845e+00 -7.323071427263611710e+00 -6.674895303164014138e+00 -5.658781417505606370e+00 -4.284769948827729102e+00 -2.380055522912992050e+00 -1.996464015999258823e+00 nan
nan nan nan nan nan nan nan nan nan nan nan nan -3.797643254371650290e+00 -4.211121640824257106e+00 -4.796093524104465544e+00 -5.307156553579435609e+00 -6.114421611896363018e+00 -6.986789597345453018e+00 -7.300561312717484874e+00 -7.467533244926569225e+00 -7.929663792931463284e+00 -8.089042905763689006e+00 -7.285363633003443695e+00 -6.254387130496492198e+00 -5.113374435171660792e+00 -3.570950801983756584e+00 -2.473765822393464209e+00 nan
nan nan nan nan nan nan nan nan nan nan nan nan nan -3.684808060395818874e+00 -3.753300226119355543e+00 -4.015343992987166821e+00 -4.462876391062716053e+00 -5.178565362337765876e+00 -6.078155263522543095e+00 -6.282085200405196801e+00 -6.263811521274342375e+00 -6.566568146781483151e+00 -6.753271561899647502e+00 -5.763610643850172188e+00 -4.566627529962182130e+00 -3.467419316011819408e+00 -2.538253899225366705e+00 nan
nan nan nan nan nan nan nan nan nan nan nan nan nan nan nan -2.824992791194363750e+00 -2.923590305857969529e+00 -2.930838304856132837e+00 -2.539518419640758307e+00 -2.833002228963063196e+00 -3.734723841819383772e+00 -4.207309829053455630e+00 -5.026135522506072206e+00 -5.122712494894758883e+00 -4.218572229762017400e+00 -3.270554536439051585e+00 -2.442279553585116947e+00 nan
nan nan nan nan nan nan nan nan nan nan nan nan nan nan nan nan nan -1.355982714357563124e+00 -9.589745861707764663e-01 -4.210963898117454640e-01 1.298096322559658400e-01 -1.274920774917091215e+00 -2.948271481977827957e+00 -3.072234848980582633e+00 -3.148861468049483747e+00 -2.805961331206525688e+00 -1.855886036485869806e+00 nan
nan nan nan nan nan nan nan nan nan nan nan nan nan nan nan nan nan nan nan nan -6.707069875755843347e-01 nan nan 3.537265588434985730e-01 -6.007836557725883958e-02 -3.295480726828747819e-01 nan nan
