nan nan nan 6.105981098618413760e-01 -5.516139285667989167e-01 -1.984069801044350045e+00 nan nan nan nan nan nan nan nan nan nan nan nan nan nan nan nan nan nan nan nan nan nan
nan nan 2.617874426370045526e+00 1.667692009787477225e+00 2.475034818994334418e-01 -1.487947520359846010e+00 -3.622906137458712816e+00 nan nan nan nan nan nan nan nan nan nan nan nan nan nan nan nan nan nan nan nan nan
nan nan 3.403275692020678811e+00 2.581362842524292933e+00 1.664013689367389359e+00 1.822049011213199288e-01 -2.534802238248577311e+00 -5.098567552209678055e+00 nan nan nan nan nan nan nan nan nan nan nan nan nan nan nan nan nan nan nan nan
nan 4.688051220424065413e+00 4.080427615729834478e+00 3.321049341818456568e+00 2.408524876026494788e+00 1.265655595481775197e+00 -3.598239289572863764e-01 -3.175551993525560501e+00 -5.330720784945475188e+00 nan nan nan nan nan nan nan nan nan nan nan nan nan nan nan nan nan nan nan
5.391369538877461842e+00 5.188326793916325563e+00 4.599086607040398178e+00 3.785127045063792828e+00 3.108588932199260579e+00 2.282296352707284370e+00 9.384491885461445637e-01 -9.873658561945253265e-01 -2.777263567935065680e+00 -4.207029411360377225e+00 nan nan nan nan nan nan nan nan nan nan nan nan nan nan nan nan nan nan
5.789761542993153043e+00 5.444733745910923517e+00 4.866712155857367605e+00 4.072069482185368905e+00 3.506311879793361452e+00 2.817050180376045709e+00 1.605486705150489302e+00 -1.335262363091866966e-01 -2.826892927275729939e+00 nan nan nan nan nan nan nan nan nan nan nan nan nan nan nan nan nan nan nan
6.463219190242534218e+00 5.910227590045799673e+00 5.095610615986607250e+00 4.266628501714047061e+00 3.631355514391723993e+00 2.964188383837707885e+00 1.676900963126034094e+00 -1.638968829102498137e-01 -3.360557350123975162e+00 nan nan nan nan nan nan nan nan nan nan nan nan nan nan nan nan nan nan nan
6.751085778967669704e+00 6.488614169441922819e+00 5.674931481897284691e+00 4.570837965919549717e+00 3.661835640224360144e+00 2.903600184924233663e+00 1.448278354108019084e+00 -5.665717447065852230e-01 -3.917570621610567905e+00 nan nan nan nan nan nan nan nan nan nan nan nan nan nan nan nan nan nan nan
nan 6.700736344932588295e+00 6.180037797245261366e+00 5.155167398992078098e+00 4.080401270523517532e+00 3.088060743003330444e+00 1.427964163413028009e+00 -8.550759281239784793e-01 -3.068318073567422033e+00 -5.155384953663202374e+00 nan nan nan nan nan nan nan nan nan nan nan nan nan nan nan nan nan nan
nan 6.688676432716992970e+00 6.204535892692212506e+00 5.315614594462205744e+00 4.511184674653606841e+00 3.460364710365153140e+00 1.519986375341819018e+00 -8.058573479220596525e-01 -2.400091695815877557e+00 -3.083065222108638093e+00 nan nan nan nan nan nan nan nan nan nan nan nan nan nan nan nan nan nan
nan 6.543702513399396459e+00 6.120875437989494294e+00 5.396736113314263505e+00 4.707743607495370242e+00 3.623047499943544469e+00 1.530738375925050132e+00 -1.052249775308316426e+00 -2.158389627072216044e+00 -3.053640204762710475e+00 nan nan nan nan nan nan nan nan nan nan nan nan nan nan nan nan nan nan
nan nan 5.945173919242393801e+00 5.515111959479165549e+00 4.736154117510044337e+00 3.966534593850805201e+00 1.678608447225588662e+00 -1.141518072063482769e+00 -2.356025622346843651e+00 -3.023769943895421086e+00 nan nan nan nan nan nan nan nan nan nan nan nan nan nan nan nan nan nan
nan nan 4.687620253462999820e+00 4.544363123407806349e+00 3.967996437826776912e+00 nan 1.788236566020117602e+00 -1.633097861313311361e+00 -2.939398920458690334e+00 -3.344742820052449161e+00 nan nan nan nan nan nan nan nan nan nan nan nan nan nan nan nan nan nan
nan nan nan nan nan nan 9.450779464324710055e-01 -1.743987013864133795e+00 -3.541841259262820341e+00 -3.876831947524002064e+00 nan nan -2.322419224436827356e+00 nan nan nan nan nan nan nan nan nan nan nan nan nan nan nan
nan nan nan nan nan 2.594919675380419566e+00 8.697497275821349794e-01 -1.798940928180411847e+00 -4.412512279034172202e+00 -5.284130804777828594e+00 nan nan nan nan nan nan nan nan nan nan nan nan nan nan nan nan nan nan
nan nan nan nan nan 1.300001116423098013e+00 1.202955665695770587e-01 -1.316031575944652365e+00 -4.063275216146586821e+00 -6.709425745720268175e+00 -5.483752508483068944e+00 nan nan nan nan nan nan nan nan nan nan nan nan nan nan nan nan nan
nan nan nan nan nan 1.992173714432613929e+00 3.232795454935465940e-01 -7.171143581523476973e-01 -2.152197343837140231e+00 -4.299662106049958687e+00 -6.418125915632951539e+00 -6.670375561978646672e+00 nan -4.393355739751926059e+00 nan nan nan nan nan nan nan nan nan nan nan nan nan nan
nan nan nan nan nan 3.136195106371944430e+00 1.629197569287869740e+00 3.484193724107121914e-01 -6.225840279316172676e-01 -1.659516046066457973e+00 -3.135970161053575733e+00 -4.686301415361293188e+00 -6.321330466734289999e+00 -7.498399962274342023e+00 -4.263139022328639172e+00 nan nan nan nan nan nan nan nan nan nan nan nan nan
nan nan nan nan nan 4.357743424410665867e+00 2.958503601201518229e+00 1.548024500139187687e+00 4.988512315346804726e-01 -1.780857529320266919e-01 -9.563424391520340961e-01 -2.299678476334377830e+00 -3.917165827482157248e+00 -6.178327586429544382e+00 -7.861582796261227912e+00 -5.481122490513135936e+00 -2.967275309453833998e+00 nan nan nan nan nan nan nan nan nan nan nan
nan nan nan nan nan nan 4.233759402847807607e+00 3.055369287231142650e+00 1.838532556801189655e+00 9.661476764341806467e-01 2.975662747380072304e-01 -5.948778842170645564e-01 -1.837152601815730035e+00 -3.486374638932280501e+00 -6.068395802601286526e+00 -7.982617809120854169e+00 -7.194200062160265752e+00 -4.705158446670626660e+00 nan nan nan nan nan nan nan nan nan nan
nan nan nan nan nan nan nan 4.250373519024615909e+00 3.210722218691135943e+00 2.262097652114976043e+00 1.428409011857111777e+00 7.232421499935037801e-01 -2.871521405862633922e-02 -1.309466757524059721e+00 -2.661792741670395923e+00 -4.116891471186748142e+00 -6.049198463354938049e+00 -6.643350624526155990e+00 -5.760107531554711002e+00 nan nan -2.728428502653653887e+00 nan nan nan nan nan nan
nan nan nan nan nan nan nan 4.887706585005552995e+00 4.116540681923579470e+00 3.376928915594144875e+00 2.541796627430724875e+00 1.694778843234273413e+00 1.205209416207189133e+00 6.028570207271439774e-01 -6.180757783039448894e-01 -1.809393760993581068e+00 -2.586380379757799552e+00 -3.725809776352814406e+00 -4.413976580719774390e+00 -4.352756061219262840e+00 -3.924293442831801482e+00 -3.855349057975757443e+00 -2.314239169051739431e+00 nan nan nan nan nan
nan nan nan nan nan nan nan nan 4.896363029862961014e+00 4.059603911358367512e+00 3.445727745156700994e+00 2.576992537721781051e+00 2.141275549575687442e+00 1.822591315639133347e+00 1.258559509598450754e+00 2.359397824870273497e-01 -7.461006042350232237e-01 -1.410408450477063536e+00 -2.078325541387825659e+00 -2.646991120288182842e+00 -2.997227393572463150e+00 -3.618192925269975824e+00 -3.736691298032192243e+00 -1.949485569198254442e+00 nan -1.210778375170315613e+00 -1.869772998258064201e+00 nan
nan nan nan nan nan nan nan nan nan 4.798821404533040180e+00 3.963266663884311924e+00 3.499227004221639792e+00 3.099311907943501865e+00 2.761014931643558601e+00 2.394703785574366695e+00 1.746297489087595745e+00 8.445662692107875902e-01 -8.017855882702877579e-02 -5.796998621121551842e-01 -1.245511926825142890e+00 -1.584546408212753832e+00 -2.393217799462620921e+00 -3.609171941740036083e+00 -4.036665892851162063e+00 nan -8.522516368866389636e-01 -1.700142120932890411e+00 nan
nan nan nan nan nan nan nan nan nan nan 4.609388616951961559e+00 4.089340948005429688e+00 3.780445269450333434e+00 3.492529810651844091e+00 3.297924996101810002e+00 2.803999193459516537e+00 2.143219454231773291e+00 1.167024968831150478e+00 4.345983103022958427e-01 -3.546495156629147355e-02 -6.539338594596103560e-01 -1.109878813703305545e+00 -2.136890991852445687e+00 -2.884205259281745981e+00 -2.580464814780782490e+00 -1.398962077187159592e+00 -1.280364810781488227e+00 nan
nan nan nan nan nan nan nan nan nan nan nan nan 4.512754025029017235e+00 4.361454695858324015e+00 4.190258680073422504e+00 3.894243659433431759e+00 3.344968315109364543e+00 2.751193303874535978e+00 1.999878681270163883e+00 1.272987212737598073e+00 3.092749231439591018e-01 -2.622223167285238077e-01 -1.281813468064042949e+00 -1.780249809876886635e+00 -1.759999831615448374e+00 -1.399952180614774333e+00 -1.210494816434487753e+00 nan
nan nan nan nan nan nan nan nan nan nan nan nan nan 4.973649224262592483e+00 4.989821616510861979e+00 4.901929137466063402e+00 4.545670295330307198e+00 4.037788243172536262e+00 3.334935785846948164e+00 2.738471590183888082e+00 1.717957652564381599e+00 6.925604505173237335e-01 -2.768960888365067929e-01 -1.338641852537694632e+00 -1.293479254340847762e+00 -1.017220307284991465e+00 -8.810232103265283055e-01 nan
nan nan nan nan nan nan nan nan nan nan nan nan nan nan nan 5.315369679645977286e+00 5.102538748409545022e+00 4.679988243119240110e+00 4.064101076947463476e+00 3.739344836095684244e+00 3.323612671594047274e+00 2.479625262508436290e+00 1.347412414151658355e+00 -4.386037852771470513e-01 -7.588357428318415199e-01 -7.001578898570954834e-01 -5.555437829996676680e-01 nan
nan nan nan nan nan nan nan nan nan nan nan nan nan nan nan nan nan 4.896551410232782509e+00 4.396848148993712790e+00 3.999188754562636561e+00 3.905097529434327974e+00 4.223282372336083057e+00 3.344498918142796651e+00 1.222916781407485498e+00 1.699089520158352240e-01 -6.418165873572985458e-02 -1.169986691101906895e-01 nan
nan nan nan nan nan nan nan nan nan nan nan nan nan nan nan nan nan nan nan nan 2.218290666541844036e+00 nan nan 2.577949133622779332e+00 1.152190106084089560e+00 4.979542666731539002e-01 nan nan
