nan nan nan -3.026114572665079550e+00 -3.135570978524182539e+00 -2.954029587165883708e+00 nan nan nan nan nan nan nan nan nan nan nan nan nan nan nan nan nan nan nan nan nan nan
nan nan -3.319405628487930748e+00 -3.338984066233081638e+00 -3.337994675306594328e+00 -3.140807964333586000e+00 -2.490327032256575368e+00 nan nan nan nan nan nan nan nan nan nan nan nan nan nan nan nan nan nan nan nan nan
nan nan -3.943462132048178415e+00 -3.941873285877566246e+00 -3.727511779023133354e+00 -3.518378953714780710e+00 -2.886541000971401871e+00 -1.803151376478984602e+00 nan nan nan nan nan nan nan nan nan nan nan nan nan nan nan nan nan nan nan nan
nan -4.246679480822403541e+00 -4.363668153424424823e+00 -4.571820098669056698e+00 -4.431147982946289865e+00 -3.884883951847458938e+00 -3.285711813116104718e+00 -1.884125152310644369e+00 -3.188368470435867241e-01 nan nan nan nan nan nan nan nan nan nan nan nan nan nan nan nan nan nan nan
-4.244037611955888245e+00 -4.452933705440436540e+00 -4.640688441569211342e+00 -4.981960501121884377e+00 -4.877235760710781243e+00 -4.431538188927300226e+00 -3.742016137970341827e+00 -2.286905346191674404e+00 -5.592102993433375469e-01 2.318482165988143828e-01 nan nan nan nan nan nan nan nan nan nan nan nan nan nan nan nan nan nan
-4.306485694319288626e+00 -4.458892304710367682e+00 -4.750693975850549755e+00 -5.251720624110508773e+00 -5.231047032068621760e+00 -4.871933231344260484e+00 -4.221648640521163287e+00 -2.861926019253410836e+00 -9.223940785987702062e-01 nan nan nan nan nan nan nan nan nan nan nan nan nan nan nan nan nan nan nan
-4.131510071784748384e+00 -4.213824202560318533e+00 -4.509320934674295955e+00 -5.238209337165804946e+00 -5.517059172144728407e+00 -5.331680759667507985e+00 -4.697172459361564911e+00 -3.362086950520987383e+00 -7.607285203273588259e-01 nan nan nan nan nan nan nan nan nan nan nan nan nan nan nan nan nan nan nan
-3.786673082459999673e+00 -4.024781774244417853e+00 -4.335474078212725679e+00 -5.119931063226283108e+00 -5.701159868695273580e+00 -5.738662129191796524e+00 -5.203224862199911094e+00 -3.874129071706440275e+00 -1.101735199001895760e+00 nan nan nan nan nan nan nan nan nan nan nan nan nan nan nan nan nan nan nan
nan -3.588395703321390240e+00 -4.000743208358909619e+00 -4.836780619290958150e+00 -5.635497058873211174e+00 -6.046943691691693878e+00 -5.686745221063289613e+00 -4.186882756645577963e+00 -1.915194503835848439e+00 1.010145856839620215e+00 nan nan nan nan nan nan nan nan nan nan nan nan nan nan nan nan nan nan
nan -3.223468388536847140e+00 -3.471317019096320955e+00 -4.156323090266186959e+00 -5.420470889529535263e+00 -6.242245147666616312e+00 -6.007578862691824284e+00 -4.576894930659696215e+00 -2.375783678615953409e+00 2.906744925611071118e-01 nan nan nan nan nan nan nan nan nan nan nan nan nan nan nan nan nan nan
nan -2.722226556390864083e+00 -2.878904423652027589e+00 -3.273848516979345202e+00 -5.011243517311803508e+00 -6.304401567638558745e+00 -6.230278436391979646e+00 -4.760776523117625558e+00 -3.114175234621960886e+00 -7.487223880587908775e-01 nan nan nan nan nan nan nan nan nan nan nan nan nan nan nan nan nan nan
nan nan -2.203064321072662146e+00 -2.751865014379256458e+00 -4.046037826715497943e+00 -6.148406856259613029e+00 -6.087038298725047092e+00 -4.903261608358522317e+00 -3.379510508200019636e+00 4.258593371412527223e-03 nan nan nan nan nan nan nan nan nan nan nan nan nan nan nan nan nan nan
nan nan -2.112699305345207557e-01 -2.727788224772540016e+00 -2.925171195556436121e+00 nan -5.301085743411712237e+00 -4.684467523934274347e+00 -3.474845570587461907e+00 -2.969553637789400929e-02 nan nan nan nan nan nan nan nan nan nan nan nan nan nan nan nan nan nan
nan nan nan nan nan nan -3.961669100888828066e+00 -4.332710912014793081e+00 -3.693528454723219223e+00 -3.306950442993238370e-01 nan nan 1.051879450725642373e+00 nan nan nan nan nan nan nan nan nan nan nan nan nan nan nan
nan nan nan nan nan -4.359963113821282654e+00 -4.142595518597356197e+00 -4.249149658570848587e+00 -3.753604622817360070e+00 -1.949354808955197749e+00 nan nan nan nan nan nan nan nan nan nan nan nan nan nan nan nan nan nan
nan nan nan nan nan -3.205640829010840243e+00 -3.882086097815191206e+00 -4.015113808966239262e+00 -3.739041335732968818e+00 -3.001895334903904811e+00 -8.523378683634893482e-01 nan nan nan nan nan nan nan nan nan nan nan nan nan nan nan nan nan
nan nan nan nan nan -3.178441899923786451e+00 -3.402365009549580321e+00 -3.571963980455132859e+00 -3.341884208785359522e+00 -2.726705942824567241e+00 -1.476776886820037715e+00 -8.587795662720851819e-01 nan -7.676232476198181498e-01 nan nan nan nan nan nan nan nan nan nan nan nan nan nan
nan nan nan nan nan -2.499977649568392746e+00 -2.998363805081142086e+00 -3.081163741262550992e+00 -2.918737770265204645e+00 -2.265030407699292869e+00 -1.410915509575732418e+00 -4.330662966039884321e-01 3.612733031189251931e-01 6.509388778864353409e-01 5.432780202792873020e-02 nan nan nan nan nan nan nan nan nan nan nan nan nan
nan nan nan nan nan -2.325133296459219068e+00 -2.773581272199699299e+00 -2.809156501009532292e+00 -2.518065695296816564e+00 -2.200422875423839741e+00 -1.533138176168622691e+00 -6.255533406370511473e-01 1.360155609907628960e-01 8.349180434708354248e-01 1.031450741887458999e+00 -9.206771348196631788e-01 -8.089414488469718334e-01 nan nan nan nan nan nan nan nan nan nan nan
nan nan nan nan nan nan -2.549754425402923186e+00 -2.705597075956763575e+00 -2.470855826599359428e+00 -2.117830055478867379e+00 -1.622321204683027318e+00 -9.544130065836552435e-01 -4.130640802730085048e-01 2.381739346345347619e-01 7.682912398753544148e-01 1.395321583908854413e+00 1.438198790067644728e+00 4.158939282339041976e-01 nan nan nan nan nan nan nan nan nan nan
nan nan nan nan nan nan nan -2.466659335601028236e+00 -2.495189145568573963e+00 -2.176490367176877605e+00 -1.784589128689402227e+00 -1.259683650872780447e+00 -8.180701980387146133e-01 -3.773418686017253609e-01 1.424096761266327449e-01 4.831778465581234028e-01 1.010373025042124118e+00 8.703582120900106300e-01 6.828753744113182922e-01 nan nan -1.073064505613816610e+00 nan nan nan nan nan nan
nan nan nan nan nan nan nan -2.153064964860536001e+00 -2.296035637025623632e+00 -2.249069933764392903e+00 -2.056764587385081722e+00 -1.514096471955332257e+00 -1.100459403354908661e+00 -7.866856908304740159e-01 -3.567506863725986577e-01 8.218820331515797398e-03 3.580638238110577798e-01 8.543952604391358285e-01 7.965759386807299558e-01 8.313906635796636246e-01 6.001346053462963681e-01 1.703895957349837731e-01 4.101057594159619908e-04 nan nan nan nan nan
nan nan nan nan nan nan nan nan -2.129886582980285770e+00 -2.330688204039348843e+00 -2.263211323512752227e+00 -1.775870878705498423e+00 -1.422308072581377925e+00 -9.836102350264636085e-01 -5.768926407508286891e-01 -3.209888777248721126e-01 -9.526081772583269713e-02 4.158636777734251444e-01 7.335826544099827151e-01 8.402361980274275499e-01 6.726177895730903744e-01 3.911555641991346643e-01 7.114141817874103380e-01 5.693093227544622215e-01 nan -4.868995027489183003e-01 -2.898688858245787592e-01 nan
nan nan nan nan nan nan nan nan nan -2.352438269286616368e+00 -2.537144953198054331e+00 -2.069868203845932175e+00 -1.761487147610978798e+00 -1.306872521232074424e+00 -8.991993693083801809e-01 -6.474203713474030453e-01 -5.600674498628340769e-01 -1.418174713467059145e-01 3.157735252292210859e-01 3.939282937697182185e-01 2.564710758795200052e-01 3.833233944502480867e-02 1.217520009604390885e-01 4.552228234153949393e-01 nan 7.215814436797697573e-02 -6.771398389910540105e-01 nan
nan nan nan nan nan nan nan nan nan nan -2.558633591186046718e+00 -2.390183675444221834e+00 -2.098042209044152173e+00 -1.796571838216001860e+00 -1.267103433138009327e+00 -9.571897495121742816e-01 -8.520184559259872392e-01 -8.139270287564648321e-01 -4.970236063167391971e-01 -4.057650442116143008e-01 -3.867176710562322817e-01 -5.815992259351243643e-01 -7.049711459996839125e-01 -5.403623633553944483e-01 -1.116383854299384665e-01 1.750527793133940108e-02 -7.332597026711179522e-01 nan
nan nan nan nan nan nan nan nan nan nan nan nan -2.314334995361394753e+00 -2.155021144373046482e+00 -1.878580568093151104e+00 -1.367897817093228108e+00 -9.977336786702302174e-01 -1.027857881544104401e+00 -1.215689514604473498e+00 -1.265819594230798373e+00 -1.411466084136502319e+00 -1.210583895907912932e+00 -1.126223032723364881e+00 -9.975816289346138843e-01 -7.119221074795086812e-01 -4.808030100020935782e-01 -7.031150167785401583e-01 nan
nan nan nan nan nan nan nan nan nan nan nan nan nan -2.382378091086037930e+00 -2.181755945298529120e+00 -1.888571625841570789e+00 -1.482474933095855762e+00 -1.285028017488754504e+00 -1.435399118477044267e+00 -1.711197854306954147e+00 -2.049885651141551079e+00 -2.037634834465262834e+00 -1.762453510521673428e+00 -1.366338472046828123e+00 -1.140069499642102357e+00 -9.056899922596312047e-01 -8.723786701698634793e-01 nan
nan nan nan nan nan nan nan nan nan nan nan nan nan nan nan -2.100883015416016963e+00 -1.987983106832868385e+00 -1.758870084351789931e+00 -1.550185471791279079e+00 -1.644527210853025112e+00 -2.021970012275160933e+00 -2.300376869977237781e+00 -2.125176903395543881e+00 -1.527823631475182076e+00 -1.226590553854429055e+00 -1.176986302771751092e+00 -1.155599635794358537e+00 nan
nan nan nan nan nan nan nan nan nan nan nan nan nan nan nan nan nan -2.215916936519518821e+00 -1.963385011039128880e+00 -1.793201586770912570e+00 -1.436467297021434053e+00 -5.973939128863136050e-01 -3.188731632841893537e-01 -1.675988549522613225e+00 -1.389355774823960665e+00 -1.299285574498042273e+00 -1.320153958624931567e+00 nan
nan nan nan nan nan nan nan nan nan nan nan nan nan nan nan nan nan nan nan nan -9.870132461034286653e-01 nan nan -1.420920683031175358e+00 -1.797093471548744326e+00 -1.339965747605600166e+00 nan nan
