nan nan nan -3.680391859298513868e+00 -4.171433170272829116e+00 -5.362483748400087791e+00 nan nan nan nan nan nan nan nan nan nan nan nan nan nan nan nan nan nan nan nan nan nan
nan nan -2.775476765846564220e+00 -3.188689557382901718e+00 -3.597886720782614400e+00 -4.243187824419039522e+00 -5.898626639131584248e+00 nan nan nan nan nan nan nan nan nan nan nan nan nan nan nan nan nan nan nan nan nan
nan nan -2.282400814181374304e+00 -2.665551115999912568e+00 -2.960296961436206686e+00 -3.515701888751784132e+00 -4.352671672666104108e+00 -5.975792548334125875e+00 nan nan nan nan nan nan nan nan nan nan nan nan nan nan nan nan nan nan nan nan
nan -1.201667819944704396e+00 -1.712939732509985102e+00 -2.042204968826657918e+00 -2.306997863478229327e+00 -2.758408121448800543e+00 -3.244399522142899173e+00 -3.705688191473879289e+00 -3.330362061966194887e+00 nan nan nan nan nan nan nan nan nan nan nan nan nan nan nan nan nan nan nan
9.935354867311071980e-02 -5.076552428775773507e-01 -9.990940392363373279e-01 -1.420973768286538208e+00 -1.725689504908540783e+00 -2.043258427627979490e+00 -2.593872649295289712e+00 -2.906460103386879545e+00 -2.602310110996747916e+00 -9.958722251616747290e-01 nan nan nan nan nan nan nan nan nan nan nan nan nan nan nan nan nan nan
5.966084474144719429e-01 1.189377545747159343e-01 -2.498972426422788329e-01 -6.322882223159054238e-01 -9.615240502572595105e-01 -1.377312429810926275e+00 -2.005508258259508736e+00 -2.622207435508680629e+00 -2.602202416661921092e+00 nan nan nan nan nan nan nan nan nan nan nan nan nan nan nan nan nan nan nan
9.517815498209062364e-01 5.716541125811397395e-01 3.091436812070281759e-01 7.716786204710211761e-02 -1.341731682635919909e-01 -5.583843750110919490e-01 -1.298721719837978794e+00 -2.224581259737010264e+00 -2.128915360055544603e+00 nan nan nan nan nan nan nan nan nan nan nan nan nan nan nan nan nan nan nan
1.233876891501088702e+00 9.120026159603072946e-01 7.591606084431996582e-01 5.811503314469784742e-01 4.072399168486830479e-01 1.215211442912368378e-01 -4.082221575929882440e-01 -1.496034235867988116e+00 -1.792057627296911981e+00 nan nan nan nan nan nan nan nan nan nan nan nan nan nan nan nan nan nan nan
nan 1.145479235354301739e+00 1.090161728587426770e+00 9.692407423020138468e-01 8.951816367270802877e-01 7.303676655756230485e-01 2.482595795776103564e-01 -5.736432209016072425e-01 -1.077818507896380229e+00 1.468796070507665322e-02 nan nan nan nan nan nan nan nan nan nan nan nan nan nan nan nan nan nan
nan 1.342050619405948719e+00 1.400580035830687686e+00 1.375188805317010932e+00 1.405874994371606679e+00 1.178509606431540124e+00 6.567246303914334726e-01 1.427502087396023689e-01 8.380789394833608463e-02 7.403033347218281879e-01 nan nan nan nan nan nan nan nan nan nan nan nan nan nan nan nan nan nan
nan 1.676642483818313600e+00 1.788132002498921569e+00 1.818041076416055057e+00 1.695349725317923939e+00 1.343148695967895989e+00 7.892247103925272844e-01 5.545894019132762143e-01 5.806294972879876282e-01 4.217271706144092858e-01 nan nan nan nan nan nan nan nan nan nan nan nan nan nan nan nan nan nan
nan nan 2.254013156443678056e+00 1.908836833016877454e+00 1.166856320334585417e+00 8.925273513514029311e-01 6.780463194438729468e-01 7.512603050148058959e-01 1.076476431596940175e+00 1.401616727382848371e+00 nan nan nan nan nan nan nan nan nan nan nan nan nan nan nan nan nan nan
nan nan 2.311775591811839003e+00 3.311787960020525223e-01 1.756964343646044702e-02 nan 2.973050620765904650e-01 9.375956733649326580e-01 1.650928388321730278e+00 2.228967837785095440e+00 nan nan nan nan nan nan nan nan nan nan nan nan nan nan nan nan nan nan
nan nan nan nan nan nan 6.571632038508280482e-01 1.355595092095640775e+00 2.078392352335896920e+00 3.005852447423047913e+00 nan nan 1.349364357880446841e+00 nan nan nan nan nan nan nan nan nan nan nan nan nan nan nan
nan nan nan nan nan -1.409569714506352600e+00 4.706725701478691182e-01 1.454950222001182514e+00 2.205533934021686626e+00 3.255540513137992864e+00 nan nan nan nan nan nan nan nan nan nan nan nan nan nan nan nan nan nan
nan nan nan nan nan -9.767719961770697790e-01 2.717809840487782069e-01 1.261595450009455721e+00 2.115218457286359932e+00 2.815166854668345042e+00 2.075353650050113519e+00 nan nan nan nan nan nan nan nan nan nan nan nan nan nan nan nan nan
nan nan nan nan nan -7.192586410378564166e-01 2.137150099364681644e-01 1.060892142577468222e+00 1.916353386562201555e+00 2.651769290375562527e+00 2.944237598837803560e+00 1.022914228415872318e+00 nan -8.014315599620767117e-01 nan nan nan nan nan nan nan nan nan nan nan nan nan nan
nan nan nan nan nan -9.446862332208257745e-03 4.102344469879297684e-01 1.042471714664079618e+00 1.841402817764255406e+00 2.452985699772103789e+00 2.819197655186023610e+00 2.785190893075850216e+00 1.686787019015583144e+00 6.455148905829232175e-01 -2.093922074921270304e-01 nan nan nan nan nan nan nan nan nan nan nan nan nan
nan nan nan nan nan 2.431880266186840778e-01 5.018342879336828988e-01 1.039699338418885288e+00 1.696819855802293553e+00 2.141340338970165735e+00 2.570819038984546001e+00 2.810917700626894611e+00 2.548031132693164391e+00 1.832691577268194427e+00 1.100079160759908525e+00 -7.784779954669556190e-01 -6.161828130252126057e-01 nan nan nan nan nan nan nan nan nan nan nan
nan nan nan nan nan nan 5.071441204606984554e-01 9.468824308826814251e-01 1.399750023585539793e+00 1.840511594021353003e+00 2.213658716430765949e+00 2.423765747747777421e+00 2.443061007442871357e+00 1.944586650440330189e+00 1.627431800141211360e+00 1.356469017212060812e+00 8.330655630283759772e-01 1.632009058266747914e-02 nan nan nan nan nan nan nan nan nan nan
nan nan nan nan nan nan nan 6.507901763768486614e-01 9.453314306247462273e-01 1.295357414103515792e+00 1.586933200689591095e+00 1.811555259313068822e+00 1.866831145909513268e+00 1.714977140443606496e+00 1.516147157225578690e+00 1.127973393819800219e+00 8.931965585858474554e-01 4.173142214569136033e-01 2.246752821467075667e-01 nan nan -1.407790559649237938e+00 nan nan nan nan nan nan
nan nan nan nan nan nan nan 2.816074707524908738e-01 3.855466467685710885e-01 6.027158321018485365e-01 9.983761423348701536e-01 1.207478101916578339e+00 1.324734103406985053e+00 1.173721200597869441e+00 1.012298252816980826e+00 7.553211983691201503e-01 5.330688849984913658e-01 7.564122387794928182e-01 7.971661273441401629e-01 9.573806827857540558e-01 9.018725012583249656e-01 4.443213251646849216e-01 -2.546000314681422516e-01 nan nan nan nan nan
nan nan nan nan nan nan nan nan -1.146383657949018864e-01 -1.335779243609277467e-01 8.445202505613910726e-02 4.006568869536659694e-01 5.962976574401758212e-01 7.069807131545842172e-01 7.246101844576186002e-01 6.644970119156369259e-01 5.624216575196941958e-01 8.104279290009647196e-01 1.360743032573087374e+00 1.605286826861307414e+00 1.620398938024684377e+00 1.205545247959547872e+00 7.926987339788291731e-01 2.992962709932425747e-01 nan 4.158562056887949998e-01 -4.273000120418695147e-01 nan
nan nan nan nan nan nan nan nan nan -7.884701428006724022e-01 -7.596593772786235377e-01 -3.627662063604523146e-01 -1.480582869633657039e-01 6.119163353879672473e-02 3.101987508708938801e-01 4.605568316063308743e-01 4.476342912910111216e-01 3.497707278476138715e-01 5.898153105032755139e-01 9.559364948707338439e-01 1.147004608385740365e+00 9.511631939760103460e-01 6.202969995530013270e-01 2.826720224161512474e-01 nan -1.442032821754064276e-01 -1.295363399833014295e+00 nan
nan nan nan nan nan nan nan nan nan nan -1.388053272506365676e+00 -1.024603380161001276e+00 -6.604326591075597719e-01 -4.604973153980277956e-01 -3.021258032063715016e-01 -1.351722620316824219e-01 -9.385959761108357557e-02 -3.678192998986614115e-01 -4.254971049782835246e-01 -1.383176429947086949e-01 5.845814611279141065e-02 5.585903889018178220e-02 -2.775992641720199244e-02 -1.310226317490114367e-01 -2.488674050040946273e-01 -6.008827919029651188e-01 -1.302380615914704665e+00 nan
nan nan nan nan nan nan nan nan nan nan nan nan -1.226358014626895088e+00 -9.891882956872245503e-01 -9.586972790950188950e-01 -8.942700874605716832e-01 -9.268525958544207022e-01 -1.177432815051598469e+00 -1.446314867529736814e+00 -1.608202409192715177e+00 -1.382660442808868240e+00 -9.134842816898398610e-01 -9.560927760707270684e-01 -8.308723963472759433e-01 -8.344689222205506907e-01 -1.053467440273313516e+00 -1.432219018064439853e+00 nan
nan nan nan nan nan nan nan nan nan nan nan nan nan -1.838796270195412141e+00 -1.792604461009661643e+00 -1.828546022986766051e+00 -1.946976350831201463e+00 -2.177130197686745205e+00 -2.455566345741448941e+00 -2.715316366090184452e+00 -2.899298504490591899e+00 -2.291811063476424604e+00 -1.741527197848577568e+00 -1.418652749199866836e+00 -1.490683647347380569e+00 -1.722287444697971237e+00 -1.975329675974821564e+00 nan
nan nan nan nan nan nan nan nan nan nan nan nan nan nan nan -2.565323190639702045e+00 -2.864809569747108320e+00 -3.135340823511686636e+00 -3.452619849603859592e+00 -3.650133906003324213e+00 -3.797226933603593757e+00 -3.529536235945148093e+00 -3.046606251972236112e+00 -2.064598915640749599e+00 -2.111400545019548769e+00 -2.275347443958985139e+00 -2.576257070644776714e+00 nan
nan nan nan nan nan nan nan nan nan nan nan nan nan nan nan nan nan -3.743916357614668122e+00 -4.031532554964195825e+00 -4.394389838870090159e+00 -4.554338104289421096e+00 -4.025002081106890728e+00 -3.007127542048655400e+00 -2.643308383986980648e+00 -2.426863198921497045e+00 -2.761136717698827070e+00 -3.099535947490280385e+00 nan
nan nan nan nan nan nan nan nan nan nan nan nan nan nan nan nan nan nan nan nan -2.922568781805990668e+00 nan nan -3.304849950247536139e+00 -3.053441798285838615e+00 -3.052725543580565137e+00 nan nan
