nan nan nan -6.567696761362133095e+00 -6.981217093147068731e+00 -7.270902709495399741e+00 nan nan nan nan nan nan nan nan nan nan nan nan nan nan nan nan nan nan nan nan nan nan
nan nan -5.668190748965433734e+00 -5.942302550565397468e+00 -6.288371209299893572e+00 -6.526038887420912538e+00 -6.975917823507910676e+00 nan nan nan nan nan nan nan nan nan nan nan nan nan nan nan nan nan nan nan nan nan
nan nan -5.287233343024000831e+00 -5.431460597992155748e+00 -5.677026110971524986e+00 -5.806327017183293471e+00 -6.161599501623071795e+00 -6.749513854071232721e+00 nan nan nan nan nan nan nan nan nan nan nan nan nan nan nan nan nan nan nan nan
nan -4.632591923678393897e+00 -4.822397192393963472e+00 -4.956820891972643750e+00 -5.149365660190248661e+00 -5.188100103614296188e+00 -5.305871991091988704e+00 -5.522823943872114505e+00 -4.065059496625261559e+00 nan nan nan nan nan nan nan nan nan nan nan nan nan nan nan nan nan nan nan
-3.630528802737889027e+00 -3.904484191726150133e+00 -4.184739732609989993e+00 -4.427288742755020046e+00 -4.704541307745228274e+00 -4.732441000649585838e+00 -4.924445866469354449e+00 -5.140737397743761150e+00 -4.784338136648440098e+00 -1.260890380310008219e+00 nan nan nan nan nan nan nan nan nan nan nan nan nan nan nan nan nan nan
-3.031060292697160374e+00 -3.198779402572562436e+00 -3.457800856183343541e+00 -3.790054842487384779e+00 -4.126812482015419725e+00 -4.327722600099451533e+00 -4.798473270494795884e+00 -5.365424296512086855e+00 -5.742982080288355995e+00 nan nan nan nan nan nan nan nan nan nan nan nan nan nan nan nan nan nan nan
-2.350790061907575001e+00 -2.415659667148058798e+00 -2.636963086916006560e+00 -2.995235684950191768e+00 -3.412793766162473652e+00 -3.782957199777516433e+00 -4.499635499730775479e+00 -5.322747641761441884e+00 -6.115577049079735872e+00 nan nan nan nan nan nan nan nan nan nan nan nan nan nan nan nan nan nan nan
-1.741956342677340563e+00 -1.771780852033155718e+00 -1.946106784271196322e+00 -2.234612406287642461e+00 -2.641418762065554926e+00 -3.193987066856025070e+00 -3.940424804086854582e+00 -4.835711189046543623e+00 -6.326514697469733939e+00 nan nan nan nan nan nan nan nan nan nan nan nan nan nan nan nan nan nan nan
nan -1.233164749225450718e+00 -1.328110253810092622e+00 -1.701250458562624690e+00 -2.145697085240026780e+00 -2.731829279741323724e+00 -3.448163652878054819e+00 -4.209802132956787624e+00 -5.113991457214557279e+00 -4.407956728786051492e+00 nan nan nan nan nan nan nan nan nan nan nan nan nan nan nan nan nan nan
nan -6.076145227492818490e-01 -7.714563329388874902e-01 -1.246028416596864918e+00 -1.813344465610381429e+00 -2.415753493951509068e+00 -3.291833318047001189e+00 -3.864954061962515119e+00 -4.127122645780332277e+00 -2.964836883765808562e+00 nan nan nan nan nan nan nan nan nan nan nan nan nan nan nan nan nan nan
nan 1.317466787928499306e-01 -2.258187485144121376e-01 -8.489117399243804041e-01 -1.667692199003079079e+00 -2.255300834029827062e+00 -3.214423973620478936e+00 -3.974443555105597881e+00 -4.118951662732158070e+00 -2.934628691447937587e+00 nan nan nan nan nan nan nan nan nan nan nan nan nan nan nan nan nan nan
nan nan 3.667297282914209755e-01 -4.064165655018790457e-01 -1.250150051822341624e+00 -2.062489435695588291e+00 -3.035383910167364530e+00 -4.053394086651958439e+00 -4.621051817106645032e+00 -2.765586654425758795e+00 nan nan nan nan nan nan nan nan nan nan nan nan nan nan nan nan nan nan
nan nan 4.516474126489072316e-01 -7.668773744721978369e-01 -1.590599698119987471e+00 nan -2.635915936798385317e+00 -3.988042841897287971e+00 -5.035519709600133176e+00 -3.595969327222100276e+00 nan nan nan nan nan nan nan nan nan nan nan nan nan nan nan nan nan nan
nan nan nan nan nan nan -2.395652056160869403e+00 -3.834779527219746242e+00 -5.121674672701336917e+00 -4.252006918447068351e+00 nan nan -1.602425727872818007e+00 nan nan nan nan nan nan nan nan nan nan nan nan nan nan nan
nan nan nan nan nan -1.969645415328550309e+00 -2.158449866559633445e+00 -3.383361469910065367e+00 -4.682671187740000462e+00 -4.967784884629874220e+00 nan nan nan nan nan nan nan nan nan nan nan nan nan nan nan nan nan nan
nan nan nan nan nan -1.479708063329202350e+00 -1.833758360098103113e+00 -2.687349263593531212e+00 -3.815627591094094662e+00 -4.665293616977178814e+00 -2.965766003112828120e+00 nan nan nan nan nan nan nan nan nan nan nan nan nan nan nan nan nan
nan nan nan nan nan -9.372718675632879526e-01 -1.429625576863877257e+00 -2.135996773236418900e+00 -2.811972875571830510e+00 -3.152857906498687690e+00 -2.864489091406603904e+00 -2.319190292937272080e+00 nan -9.119755020845420335e-01 nan nan nan nan nan nan nan nan nan nan nan nan nan nan
nan nan nan nan nan -4.154439507358939077e-01 -1.091443186933086951e+00 -1.668450018396705259e+00 -2.015424842142111483e+00 -2.292629098319026060e+00 -1.894891831180765873e+00 -1.155489610973668091e+00 -8.160497607544928700e-01 -2.998846306443949117e-01 1.600131529161030186e-01 nan nan nan nan nan nan nan nan nan nan nan nan nan
nan nan nan nan nan -3.239127524657930968e-01 -7.160744930878782943e-01 -1.076178855226932241e+00 -1.266158462592252842e+00 -1.511594512509577992e+00 -1.470901053424061633e+00 -9.028196302294950737e-01 -4.249777975702956900e-01 -5.970912454404109226e-02 2.095801606132968453e-01 -8.523953782096991283e-01 -4.977600909180642241e-01 nan nan nan nan nan nan nan nan nan nan nan
nan nan nan nan nan nan -1.700285504469092601e-01 -4.680638983995589197e-01 -6.151221975558237576e-01 -7.838895783694862507e-01 -9.944266533005245989e-01 -7.751209866341811638e-01 -5.111654536049572428e-01 -1.230040840997793233e-01 4.031943761896521483e-01 5.425502074923694851e-01 1.442698285892962951e-01 5.955189788513657462e-02 nan nan nan nan nan nan nan nan nan nan
nan nan nan nan nan nan nan 8.585750998582186710e-02 -2.274508963903693060e-01 -3.876762045374193000e-01 -7.778494669679066886e-01 -7.601598485704627040e-01 -6.265692250886958359e-01 -3.595236744610076363e-01 1.418854388555317314e-01 4.636877852135452560e-01 5.151404752943469223e-01 3.041614036517209518e-01 1.643560043496446743e-01 nan nan -4.048501482843742671e-01 nan nan nan nan nan nan
nan nan nan nan nan nan nan 5.357673342361962687e-01 1.512472284904975775e-02 -3.261042961735672874e-01 -6.102105619902745692e-01 -7.811194369077675281e-01 -7.827885185921690248e-01 -7.718497885217742160e-01 -4.954852196663881436e-01 -2.461156291315706734e-01 -1.562354651900797198e-01 -1.113119185207668144e-01 -1.672835129691353784e-01 9.460865754748191969e-02 4.504364034958160401e-01 3.509872405222830838e-01 3.091540421760967661e-01 nan nan nan nan nan
nan nan nan nan nan nan nan nan 8.229750775542733765e-02 -4.869543319349267652e-01 -6.900074103815941884e-01 -8.765658420137423246e-01 -9.312365717561176259e-01 -1.048616067497216253e+00 -1.053780246191279302e+00 -1.028362940628554378e+00 -1.069048258689059727e+00 -9.327789036882722096e-01 -6.614386757724270982e-01 -5.543180787661614595e-01 -4.467394478149342985e-01 -2.375382153304908539e-01 3.434426732901144086e-01 5.801470364669097934e-01 nan -3.007236718013611698e-01 -2.903833408479497558e-01 nan
nan nan nan nan nan nan nan nan nan -7.422784348694740908e-01 -1.228874570396552457e+00 -1.153191594901182615e+00 -1.112147015484236112e+00 -1.100804407974331767e+00 -1.155371376777814429e+00 -1.293490295139237078e+00 -1.609894148533458802e+00 -1.767020563943457079e+00 -1.622094521814695600e+00 -1.475916887752945605e+00 -1.484661678161415921e+00 -1.508235893414339834e+00 -1.333655377857925650e+00 -5.692172851587219418e-01 nan -4.527725790832577979e-01 -6.019980161226525794e-01 nan
nan nan nan nan nan nan nan nan nan nan -1.626554984202900123e+00 -1.724288284760868262e+00 -1.480194959878915917e+00 -1.460794954447704130e+00 -1.498341615198044874e+00 -1.576234718038505234e+00 -1.648648060547743155e+00 -1.712059151701836646e+00 -1.995049480622782312e+00 -2.415136554687363546e+00 -2.569712237466668991e+00 -2.666033980033104545e+00 -2.688741126004514648e+00 -2.204616998918367266e+00 -1.300322054290756091e+00 -8.071153953934294689e-01 -6.865959951944479167e-01 nan
nan nan nan nan nan nan nan nan nan nan nan nan -2.146514334892525522e+00 -1.930892945738222011e+00 -1.846220490452008089e+00 -1.957532954052762841e+00 -2.099847032761863463e+00 -2.093719947304682361e+00 -2.009642829088149618e+00 -2.577570354524970853e+00 -3.204030942926222814e+00 -3.485366870318512333e+00 -3.532160853126403044e+00 -3.188185984525201189e+00 -2.425555384722704932e+00 -1.730762391215626472e+00 -1.351598512264831964e+00 nan
nan nan nan nan nan nan nan nan nan nan nan nan nan -2.516146512001315116e+00 -2.220513186323096022e+00 -2.171248050408299157e+00 -2.396444517095735360e+00 -2.503876409016602800e+00 -2.380133583974299860e+00 -2.433362767456521691e+00 -3.226999094996809703e+00 -3.649300144579969096e+00 -3.728840106504081042e+00 -3.568129203925110460e+00 -2.983273657279230662e+00 -2.404770059504692803e+00 -1.985725009685880504e+00 nan
nan nan nan nan nan nan nan nan nan nan nan nan nan nan nan -2.598156967922029992e+00 -2.609101450435899583e+00 -2.509438725184663710e+00 -2.566452784396229703e+00 -2.643790333680442473e+00 -2.690030760971625412e+00 -3.632952041529918130e+00 -3.501159074719129460e+00 -3.470770540798022274e+00 -3.154052700971263778e+00 -2.769604923808280272e+00 -2.443197111160351653e+00 nan
nan nan nan nan nan nan nan nan nan nan nan nan nan nan nan nan nan -3.019680075798595986e+00 -2.845136978819440277e+00 -2.790025351479646254e+00 -2.616415037230412910e+00 -2.222377573093280656e+00 -1.722517360545839482e+00 -2.685087839397231058e+00 -3.016852467581568220e+00 -2.939629416274442963e+00 -2.749722523044139777e+00 nan
nan nan nan nan nan nan nan nan nan nan nan nan nan nan nan nan nan nan nan nan -2.735087269971114288e-01 nan nan -1.646976976615476929e+00 -2.388515878789358116e+00 -2.866736413893775204e+00 nan nan
