nan nan nan 1.217911324482922053e+00 -1.179957404058076115e-01 -2.523806691680908987e+00 nan nan nan nan nan nan nan nan nan nan nan nan nan nan nan nan nan nan nan nan nan nan
nan nan 2.098774528625334312e+00 1.035414986805330395e+00 -2.946025767480649205e-02 -2.043223985239508877e+00 -4.703905052000100895e+00 nan nan nan nan nan nan nan nan nan nan nan nan nan nan nan nan nan nan nan nan nan
nan nan 1.691033648901820508e+00 9.100501599301603628e-01 1.778490360901157086e-01 -1.678730963852694602e+00 -4.014064082687093027e+00 -6.998277598164396096e+00 nan nan nan nan nan nan nan nan nan nan nan nan nan nan nan nan nan nan nan nan
nan 1.763364529565268235e+00 1.298520399481637222e+00 9.450311356328552348e-01 3.772232533867852511e-01 -1.256391453138681946e+00 -3.219483411907917425e+00 -5.271757458678014707e+00 -6.299276040974391755e+00 nan nan nan nan nan nan nan nan nan nan nan nan nan nan nan nan nan nan nan
1.900590873989292051e+00 1.429216304779747260e+00 1.077057595404097956e+00 8.119611504403616564e-01 7.962329786476708693e-02 -9.635295774288352710e-01 -2.195546573267823209e+00 -3.998075702797719622e+00 -4.568995580161289816e+00 -3.887016285191523313e+00 nan nan nan nan nan nan nan nan nan nan nan nan nan nan nan nan nan nan
1.748171907580784668e+00 1.214755274705342947e+00 9.540820645801919575e-01 6.163014519813181380e-01 -3.339824310958962039e-01 -1.068110199179558295e+00 -1.970763168528546272e+00 -3.506649308366608153e+00 -5.078714880947529764e+00 nan nan nan nan nan nan nan nan nan nan nan nan nan nan nan nan nan nan nan
1.614787373428697270e+00 1.055294070381374683e+00 8.178105173835537034e-01 2.820384151807915907e-01 -4.521728306866767966e-01 -1.140750577538166777e+00 -2.063003547512392011e+00 -3.947341759017799934e+00 -6.063966187193545743e+00 nan nan nan nan nan nan nan nan nan nan nan nan nan nan nan nan nan nan nan
1.599727239772579024e+00 1.036359021178351991e+00 7.086845908591766774e-01 1.464018182020427605e-01 -2.987850674094933989e-01 -1.052844501003172839e+00 -2.306678204078266958e+00 -4.429900754299137766e+00 -6.761245650125674800e+00 nan nan nan nan nan nan nan nan nan nan nan nan nan nan nan nan nan nan nan
nan 1.178732916176826295e+00 7.076219040218644230e-01 2.164851559429068484e-01 -2.064213482475658890e-01 -9.304354378959195371e-01 -2.328935433213050743e+00 -4.447617686917783253e+00 -5.985311451739566024e+00 -4.472422888416866193e+00 nan nan nan nan nan nan nan nan nan nan nan nan nan nan nan nan nan nan
nan 1.300662468830433793e+00 7.216246645608447308e-01 2.487181156698373696e-01 -1.218719184910880826e-01 -8.623572197626429015e-01 -2.245290817733287092e+00 -4.043913377997201408e+00 -4.421791179275375683e+00 -3.535572195703417631e+00 nan nan nan nan nan nan nan nan nan nan nan nan nan nan nan nan nan nan
nan 1.339052319571422789e+00 7.561014374779883029e-01 2.022739089080116126e-01 -1.463846332307945364e-01 -8.130172973159103256e-01 -2.183593933522653074e+00 -3.752201458058903150e+00 -3.864954550506468856e+00 -3.426805437547328914e+00 nan nan nan nan nan nan nan nan nan nan nan nan nan nan nan nan nan nan
nan nan 7.252262297938079083e-01 1.676428497585108479e-01 -9.457376419915682064e-02 -5.048482426304287118e-01 -2.138450496573427451e+00 -3.690509942847146174e+00 -4.115154185891483074e+00 -3.193950732625228994e+00 nan nan nan nan nan nan nan nan nan nan nan nan nan nan nan nan nan nan
nan nan 2.746691630576242882e-01 1.927336447154631704e-01 -2.537566642503558123e-01 nan -1.733173282081712285e+00 -3.641110133810467442e+00 -4.652091609166038033e+00 -3.924886795929963146e+00 nan nan nan nan nan nan nan nan nan nan nan nan nan nan nan nan nan nan
nan nan nan nan nan nan -1.705392012544705960e+00 -3.510789593843769207e+00 -5.323578643226110074e+00 -4.408871534602622155e+00 nan nan -2.230908436141593842e+00 nan nan nan nan nan nan nan nan nan nan nan nan nan nan nan
nan nan nan nan nan 2.874376962454114892e-01 -1.790377806871303434e+00 -3.413422042383558175e+00 -5.501704408781819211e+00 -5.944273876214910324e+00 nan nan nan nan nan nan nan nan nan nan nan nan nan nan nan nan nan nan
nan nan nan nan nan -2.002809812007467216e-01 -1.770516256562925550e+00 -3.426678285302641402e+00 -5.474988770484443990e+00 -8.056907960509905209e+00 -4.785415118178630856e+00 nan nan nan nan nan nan nan nan nan nan nan nan nan nan nan nan nan
nan nan nan nan nan -1.217758087816561696e+00 -2.189621063173195381e+00 -3.683932618719240715e+00 -5.093081387036912488e+00 -7.237210004411945619e+00 -7.120804198707959110e+00 -4.607285761602605056e+00 nan -1.668159125069628379e+00 nan nan nan nan nan nan nan nan nan nan nan nan nan nan
nan nan nan nan nan -2.237577899384323832e+00 -2.950078659854364904e+00 -4.008460142636873336e+00 -5.026852970108675933e+00 -5.926831647276872062e+00 -6.756081969690896472e+00 -6.420985200001147142e+00 -5.081191372232691350e+00 -2.974960794859847546e+00 -1.531767693066976577e+00 nan nan nan nan nan nan nan nan nan nan nan nan nan
nan nan nan nan nan -2.871869813364913426e+00 -3.517741869843515445e+00 -4.131344967020516457e+00 -4.855182867817668502e+00 -5.575580977536360727e+00 -5.977335315169007401e+00 -6.663186573631104004e+00 -6.291342752132456972e+00 -4.876785067611320024e+00 -3.123463898820033613e+00 -2.691458732946441668e+00 -1.733554758583689681e+00 nan nan nan nan nan nan nan nan nan nan nan
nan nan nan nan nan nan -3.773647524895651362e+00 -4.243520240195539195e+00 -4.802196746225186885e+00 -5.351274784959250574e+00 -5.752875629792318257e+00 -6.288814699270845132e+00 -6.936485168872975393e+00 -6.627000139884698271e+00 -5.484644607141068384e+00 -4.259301136092750184e+00 -3.003926137758123449e+00 -2.328998282194055136e+00 nan nan nan nan nan nan nan nan nan nan
nan nan nan nan nan nan nan -4.478393730119376137e+00 -4.867525188957452009e+00 -5.257207681164263846e+00 -5.634659787590774016e+00 -6.177116589712546180e+00 -6.636313132044358909e+00 -7.128762111634267207e+00 -7.007759032707155278e+00 -6.238698640527919004e+00 -5.428219947929173728e+00 -5.052586187375113447e+00 -3.550924310814879803e+00 nan nan -3.079036841719306139e+00 nan nan nan nan nan nan
nan nan nan nan nan nan nan -4.710087866007196311e+00 -5.080365601032236000e+00 -5.270003202173237256e+00 -5.528128042224018657e+00 -6.117616434836043560e+00 -6.628502468362953870e+00 -7.013617563757643225e+00 -7.346773532284926134e+00 -7.190495605551616265e+00 -6.644896768711411994e+00 -5.826584681399534560e+00 -5.242006100526958257e+00 -4.536060795256215528e+00 -3.456521227060892265e+00 -2.458515181375936720e+00 -1.519262553881067790e+00 nan nan nan nan nan
nan nan nan nan nan nan nan nan -5.205550997249173584e+00 -5.334148411815976765e+00 -5.256663747225437611e+00 -5.674663085466229440e+00 -6.313927700980848989e+00 -6.762908157456159586e+00 -7.091776454309422384e+00 -7.117595857019004768e+00 -7.401658201241482438e+00 -7.074332024894671278e+00 -6.672491489100898399e+00 -6.543704868210492798e+00 -6.762278473930466660e+00 -6.358686203510076851e+00 -5.036870904024762119e+00 -3.675939131253028069e+00 nan -2.311289574141990766e+00 -4.714281163796961494e+00 nan
nan nan nan nan nan nan nan nan nan -5.229779105044461751e+00 -5.186452432452462347e+00 -5.427096280690369312e+00 -5.822886589775333022e+00 -6.242732696530500114e+00 -6.783919440021730196e+00 -6.736780440498463918e+00 -6.839589517384137451e+00 -7.097734639723421779e+00 -7.096972143066175853e+00 -7.248312990412456358e+00 -7.651087427595483881e+00 -8.351051408578202384e+00 -9.045649029255415030e+00 -9.027680426094176980e+00 nan -5.780172080024843950e+00 -6.765643952517835125e+00 nan
nan nan nan nan nan nan nan nan nan nan -5.203979932891057203e+00 -5.297461213142847569e+00 -5.402956774826429331e+00 -5.412551170271054701e+00 -5.820178725934661124e+00 -6.296771273267903091e+00 -6.485379903666759205e+00 -6.625128717146103519e+00 -6.893681626898814585e+00 -7.340930805582806862e+00 -7.971060308963526353e+00 -8.840286884839674286e+00 -9.639365620926314548e+00 -9.707812933109634557e+00 -8.685013373085368471e+00 -7.252056785780935932e+00 -6.734577434822238473e+00 nan
nan nan nan nan nan nan nan nan nan nan nan nan -5.238075771002466574e+00 -4.947927812861273367e+00 -5.010020190493814418e+00 -5.364311912285838702e+00 -5.990854705024131199e+00 -6.443431045796247147e+00 -6.745868980410002713e+00 -7.160512542387189150e+00 -7.753772592421142029e+00 -8.101543903345325148e+00 -8.463036316029214134e+00 -8.691046166851700505e+00 -8.221307379976927621e+00 -7.368166436534391295e+00 -6.503129250699857700e+00 nan
nan nan nan nan nan nan nan nan nan nan nan nan nan -4.699232420873074467e+00 -4.391818854027129682e+00 -4.715779112978699672e+00 -5.147070510222059525e+00 -5.598029499944845000e+00 -6.376805422273712054e+00 -6.953394586620884610e+00 -7.140323831057716397e+00 -7.228698981835206538e+00 -7.389671104712460803e+00 -7.811865022339871345e+00 -7.463518096060782980e+00 -6.538952600736863019e+00 -5.752646139318200014e+00 nan
nan nan nan nan nan nan nan nan nan nan nan nan nan nan nan -4.421524173203395414e+00 -4.271281009857830213e+00 -4.221559664613415919e+00 -4.480646619772267414e+00 -5.243751304139362190e+00 -6.030303277332000000e+00 -6.498831778429751793e+00 -6.678022799165518109e+00 -6.725532162373162315e+00 -6.805658672963467382e+00 -6.223954880319563010e+00 -5.453957206631077526e+00 nan
nan nan nan nan nan nan nan nan nan nan nan nan nan nan nan nan nan -3.687538666138597154e+00 -3.651620153961388393e+00 -3.949179741415179024e+00 -4.380556032116693643e+00 -4.892446961612301415e+00 -4.800148564011467833e+00 -5.179209514601668118e+00 -5.348624790114281602e+00 -5.632731810778432546e+00 -5.158042977282661923e+00 nan
nan nan nan nan nan nan nan nan nan nan nan nan nan nan nan nan nan nan nan nan -2.668192773768902182e+00 nan nan -3.645153955750675134e+00 -4.212934274895827613e+00 -4.623189192717822138e+00 nan nan
