nan nan nan -3.778746527978368519e+00 -4.516950089091250398e+00 -5.760904504468605580e+00 nan nan nan nan nan nan nan nan nan nan nan nan nan nan nan nan nan nan nan nan nan nan
nan nan -3.919264117072500664e+00 -4.030841251012762250e+00 -4.343826390541896565e+00 -5.088750965365263390e+00 -6.235080587042922673e+00 nan nan nan nan nan nan nan nan nan nan nan nan nan nan nan nan nan nan nan nan nan
nan nan -4.103104989465792940e+00 -4.175099875349371104e+00 -4.314905296968116311e+00 -4.795392247905029492e+00 -5.538655003734239024e+00 -6.219933890995320347e+00 nan nan nan nan nan nan nan nan nan nan nan nan nan nan nan nan nan nan nan nan
nan -3.673924155368664124e+00 -4.017314644675989754e+00 -4.058175445021972472e+00 -4.229063581122545656e+00 -4.555403343228262791e+00 -5.077066108876103101e+00 -5.503066957473360610e+00 -3.956994959411971990e+00 nan nan nan nan nan nan nan nan nan nan nan nan nan nan nan nan nan nan nan
-3.252630435077616955e+00 -3.574350926681363116e+00 -3.819010918882661532e+00 -3.940462078567240845e+00 -4.092372164461129280e+00 -4.463314701560272546e+00 -5.059565318420054858e+00 -5.427592945922785184e+00 -4.637454872000746242e+00 1.194451339942060042e-01 nan nan nan nan nan nan nan nan nan nan nan nan nan nan nan nan nan nan
-3.292376124584939667e+00 -3.667815845379943873e+00 -3.868375397343202238e+00 -3.889382670212696791e+00 -4.072039957749016281e+00 -4.573655353363064613e+00 -5.354666874092873563e+00 -6.138564045207874464e+00 -5.221851135381560205e+00 nan nan nan nan nan nan nan nan nan nan nan nan nan nan nan nan nan nan nan
-3.061081122908389407e+00 -3.697479135091043201e+00 -3.915405964990430920e+00 -4.067365242471124631e+00 -4.219593069361457616e+00 -4.614143122292982291e+00 -5.530244489858216816e+00 -6.821217158744606657e+00 -5.493929483048223261e+00 nan nan nan nan nan nan nan nan nan nan nan nan nan nan nan nan nan nan nan
-2.660063574453314761e+00 -3.278271998659415321e+00 -3.729633046083374204e+00 -3.911401849654366991e+00 -4.088514814891858862e+00 -4.503349944173454134e+00 -5.461198473416008170e+00 -6.974705599782137000e+00 -6.086924831920782708e+00 nan nan nan nan nan nan nan nan nan nan nan nan nan nan nan nan nan nan nan
nan -2.823751805930017511e+00 -3.259034190814668719e+00 -3.480314366997094844e+00 -3.757795877671274098e+00 -4.242522600686196910e+00 -5.212724754713330633e+00 -6.299356398729784701e+00 -5.957451331392173088e+00 -3.488003966378999010e+00 nan nan nan nan nan nan nan nan nan nan nan nan nan nan nan nan nan nan
nan -2.379959018198877896e+00 -2.829513416855943930e+00 -3.076001605862263233e+00 -3.360193773757699898e+00 -3.999562348402363909e+00 -5.043929293060828378e+00 -5.796685887398431269e+00 -5.334830285582913945e+00 -3.013838639147295329e+00 nan nan nan nan nan nan nan nan nan nan nan nan nan nan nan nan nan nan
nan -1.794434499322830501e+00 -2.170317087858182337e+00 -2.510057178835105596e+00 -2.974558793273687218e+00 -3.999188221862910897e+00 -5.101709911075210435e+00 -5.673412532438947053e+00 -4.946609186576437445e+00 -2.883146629743981393e+00 nan nan nan nan nan nan nan nan nan nan nan nan nan nan nan nan nan nan
nan nan -1.452490101045793791e+00 -1.718281198578753166e+00 -2.469141914591163278e+00 -4.040029296409585413e+00 -5.273424583856413328e+00 -5.797218780495190238e+00 -5.026088826333100279e+00 -2.263268708604019075e+00 nan nan nan nan nan nan nan nan nan nan nan nan nan nan nan nan nan nan
nan nan 2.927089838257406623e-02 -1.664397783216034599e+00 -2.207646311627994962e+00 nan -4.857805999136677322e+00 -5.912282225960437287e+00 -5.492295445728649028e+00 -2.816662562224314215e+00 nan nan nan nan nan nan nan nan nan nan nan nan nan nan nan nan nan nan
nan nan nan nan nan nan -4.134124810190017207e+00 -5.911400536177957576e+00 -6.207661594633330893e+00 -3.956957147803088048e+00 nan nan -1.125189586890695814e+00 nan nan nan nan nan nan nan nan nan nan nan nan nan nan nan
nan nan nan nan nan -3.657294236681729149e+00 -4.674144047844188243e+00 -5.866048621710149291e+00 -6.498905179628515327e+00 -5.531942394194270918e+00 nan nan nan nan nan nan nan nan nan nan nan nan nan nan nan nan nan nan
nan nan nan nan nan -3.051020518012092175e+00 -4.233504087522876880e+00 -5.373786651021025484e+00 -5.981028875222237140e+00 -6.159972519351053499e+00 -3.804440185381449790e+00 nan nan nan nan nan nan nan nan nan nan nan nan nan nan nan nan nan
nan nan nan nan nan -2.623977460693692088e+00 -3.601406750556706449e+00 -4.584322915682615296e+00 -5.098097526790271949e+00 -5.208881197998454837e+00 -4.496157636316221229e+00 -2.864884909890918596e+00 nan -6.611449975311464167e-01 nan nan nan nan nan nan nan nan nan nan nan nan nan nan
nan nan nan nan nan -1.603780762902104140e+00 -2.955966173938389119e+00 -3.863966027574358364e+00 -4.315874524804176104e+00 -4.374111084712355435e+00 -3.999015576545232431e+00 -2.878624580057310478e+00 -1.747341492299490984e+00 -8.249685689245435105e-01 4.001225730112882850e-01 nan nan nan nan nan nan nan nan nan nan nan nan nan
nan nan nan nan nan -9.528609016414103516e-01 -2.417952297072839762e+00 -3.340813383435847772e+00 -3.674547359797228463e+00 -3.742987217822584256e+00 -3.533532606247158814e+00 -3.052829335191785010e+00 -2.010990551254624670e+00 -1.189766405196095889e+00 -8.494139164426498523e-01 -2.478109297020029411e-01 -1.933280753651405240e-02 nan nan nan nan nan nan nan nan nan nan nan
nan nan nan nan nan nan -1.764378905585209933e+00 -2.807101509637169645e+00 -3.213181587840682862e+00 -3.381347939175943118e+00 -3.069396326267806341e+00 -2.829040421356735724e+00 -2.335318465248250597e+00 -1.388507149845181088e+00 -8.589937558779340288e-01 -5.926863767047060305e-01 -2.921669109674128739e-01 -3.433766544706022827e-01 nan nan nan nan nan nan nan nan nan nan
nan nan nan nan nan nan nan -2.049444686285057937e+00 -2.749996134448583707e+00 -3.048541205624855532e+00 -2.863447234927438245e+00 -2.693133470845586519e+00 -2.553375213413763500e+00 -1.729014693450262152e+00 -9.483736049688374914e-01 -3.464344682548118892e-01 -2.864679206399622369e-01 -6.001301849506410768e-01 -8.640764950563364355e-01 nan nan -4.656105572279970461e-01 nan nan nan nan nan nan
nan nan nan nan nan nan nan -1.124095749916916187e+00 -2.211400570167971757e+00 -2.691237705989526940e+00 -2.727442315584713839e+00 -2.519172045694177076e+00 -2.546011812325152057e+00 -2.259874444686607475e+00 -1.583180452834333840e+00 -8.452262274016283383e-01 -5.171505659235041685e-01 -5.075629913759083234e-01 -7.497550639467543965e-01 -8.050319824198848284e-01 -6.042470258336691824e-01 -5.520597101602063850e-01 -6.995712876382389478e-01 nan nan nan nan nan
nan nan nan nan nan nan nan nan -1.542470288978845305e+00 -2.461284466551665773e+00 -2.678679811740703354e+00 -2.587505005823354409e+00 -2.388943597798403040e+00 -2.197469024599450371e+00 -1.991695902749422320e+00 -1.433976966157427979e+00 -8.936920425639662824e-01 -6.840907756563159303e-01 -6.920273365631099960e-01 -8.288955187687452320e-01 -8.594596705852881602e-01 -7.021853021139181639e-01 -5.910644912026205011e-01 -5.375185387894945155e-01 nan 3.353388164519725823e-02 -3.751996420797074627e-01 nan
nan nan nan nan nan nan nan nan nan -2.105103536879130655e+00 -2.716382587871051246e+00 -2.765472181525507445e+00 -2.757544706479854391e+00 -2.482317877432746123e+00 -2.305246554320542707e+00 -2.230771048722782535e+00 -2.003245559435489209e+00 -1.575914661316344834e+00 -1.478438442234362604e+00 -1.485808691434717499e+00 -1.405977977430317827e+00 -1.479987567195953257e+00 -1.659385807470820318e+00 -1.762031656182912354e+00 nan -1.443735436301392561e+00 -1.651833656434038788e+00 nan
nan nan nan nan nan nan nan nan nan nan -2.850210720276694865e+00 -3.119074947870108971e+00 -3.158909017886533110e+00 -3.045172469455355024e+00 -2.862519198177824187e+00 -2.845487863244055227e+00 -2.759359406517862379e+00 -2.627729796031790688e+00 -2.382030222032888833e+00 -2.454222203385584500e+00 -2.659672083385766328e+00 -2.857934560135769519e+00 -2.984866419677102201e+00 -3.094445077261345212e+00 -2.944747458847529309e+00 -2.249199803524251084e+00 -1.904983554394157563e+00 nan
nan nan nan nan nan nan nan nan nan nan nan nan -3.626033391022139618e+00 -3.575573657223576340e+00 -3.559340470136789225e+00 -3.691808414124577276e+00 -3.664970288810672105e+00 -3.788985769764626976e+00 -3.737594677905196505e+00 -3.911458786772616936e+00 -3.953423560278188198e+00 -3.912701158450353933e+00 -3.848833440090315250e+00 -3.645390289171300591e+00 -3.435334061894906199e+00 -2.868159022006477876e+00 -2.507196682930674658e+00 nan
nan nan nan nan nan nan nan nan nan nan nan nan nan -4.199233097291822148e+00 -4.223311240979263914e+00 -4.355429452071969187e+00 -4.420596623166828110e+00 -4.578455992374078853e+00 -4.666299164455571358e+00 -4.906444413670975280e+00 -5.047985756447122441e+00 -4.716945500839176297e+00 -4.468750920432769114e+00 -4.083706426224748220e+00 -3.786832327271898446e+00 -3.400733867606520189e+00 -2.910768568601796780e+00 nan
nan nan nan nan nan nan nan nan nan nan nan nan nan nan nan -4.779770596118250836e+00 -4.849383478916478474e+00 -5.085400507638216716e+00 -5.167795229948656477e+00 -5.333624590319065994e+00 -5.491563312912868255e+00 -5.397183235065236673e+00 -4.625071134124921102e+00 -3.982211665209590024e+00 -3.628234733848804350e+00 -3.393779361410362405e+00 -3.025108223596540746e+00 nan
nan nan nan nan nan nan nan nan nan nan nan nan nan nan nan nan nan -4.990885080872916824e+00 -5.080431751109917293e+00 -4.941413505071911239e+00 -4.841915405193890187e+00 -4.427143774732801518e+00 -3.413566649325368907e+00 -3.466284402057493441e+00 -3.354387730415814506e+00 -3.126366446321425574e+00 -2.790273507111743712e+00 nan
nan nan nan nan nan nan nan nan nan nan nan nan nan nan nan nan nan nan nan nan -1.985947389862332324e+00 nan nan -2.665163461977499981e+00 -2.800990241239504464e+00 -2.704108740307613168e+00 nan nan
