nan nan nan -7.996364304492024067e-01 -8.610825817965351847e-01 -1.328263003164292577e+00 nan nan nan nan nan nan nan nan nan nan nan nan nan nan nan nan nan nan nan nan nan nan
nan nan -1.546268262009448780e+00 -1.375973567716385793e+00 -1.420537882225546777e+00 -1.335987306707519195e+00 -1.947690350583083596e+00 nan nan nan nan nan nan nan nan nan nan nan nan nan nan nan nan nan nan nan nan nan
nan nan -1.858492095693890400e+00 -1.954657708841853747e+00 -2.103627517595115570e+00 -1.952207609737983685e+00 -1.768666081953135460e+00 -2.977585292907263703e+00 nan nan nan nan nan nan nan nan nan nan nan nan nan nan nan nan nan nan nan nan
nan -1.656968692794530407e+00 -1.827341137829368911e+00 -2.236008708003068612e+00 -2.599460668819614018e+00 -2.677432457580531278e+00 -2.270607129733572815e+00 -2.416180007573792921e+00 -3.318999950172004443e+00 nan nan nan nan nan nan nan nan nan nan nan nan nan nan nan nan nan nan nan
-1.231435313075006199e+00 -1.312600891131755487e+00 -1.613451237013197259e+00 -2.183665621192537820e+00 -2.702308124547625479e+00 -3.301133548508368598e+00 -3.451985316054356545e+00 -3.320935555915064175e+00 -2.776094925479714703e+00 -1.441858780403185492e+00 nan nan nan nan nan nan nan nan nan nan nan nan nan nan nan nan nan nan
-1.013847065273455694e+00 -9.752358127605371685e-01 -1.169218292123644698e+00 -1.678670605718637798e+00 -2.479544027067093204e+00 -3.689099571452280735e+00 -4.490727375784569375e+00 -4.926253353109735222e+00 -3.802861138976440181e+00 nan nan nan nan nan nan nan nan nan nan nan nan nan nan nan nan nan nan nan
-5.952432596309562562e-01 -6.597561647707903543e-01 -8.045118777721766978e-01 -1.140482692245294416e+00 -1.901859207011141750e+00 -3.271097424732184233e+00 -4.867173441730998640e+00 -6.088777224397833088e+00 -5.492105486265003833e+00 nan nan nan nan nan nan nan nan nan nan nan nan nan nan nan nan nan nan nan
1.979069045419753481e-01 -3.017827651051990800e-01 -5.412515706102906110e-01 -6.386659050744920574e-01 -1.019391894532362119e+00 -2.268540951224194302e+00 -4.389422037744347804e+00 -6.294284972787885124e+00 -6.547820255592709415e+00 nan nan nan nan nan nan nan nan nan nan nan nan nan nan nan nan nan nan nan
nan 4.805900315661638666e-01 -1.124207353025612199e-01 -2.287502949370281979e-01 -4.202784361599787299e-01 -1.298888764455229605e+00 -3.223348670615762579e+00 -5.491537724759050221e+00 -6.272977089685404017e+00 -4.079436350568840908e+00 nan nan nan nan nan nan nan nan nan nan nan nan nan nan nan nan nan nan
nan 1.361835739621248154e+00 7.185621381260682838e-01 1.993445801573445475e-01 -6.849058985146161405e-02 -7.929064973221205959e-01 -2.348506241725970334e+00 -4.530327485461203452e+00 -5.439392429216105107e+00 -3.653993425427161323e+00 nan nan nan nan nan nan nan nan nan nan nan nan nan nan nan nan nan nan
nan 2.073750429778374205e+00 1.619346454288269843e+00 8.434104868410997602e-01 2.215568861757996333e-01 -5.195477570836161130e-01 -2.238512645853989458e+00 -4.061414682014877542e+00 -5.552215469536426973e+00 -3.472874415996370701e+00 nan nan nan nan nan nan nan nan nan nan nan nan nan nan nan nan nan nan
nan nan 2.008795316682310705e+00 1.332962791130978042e+00 5.928646414132716647e-01 -2.636161034520673185e-01 -2.348388905274121807e+00 -4.310706924488253655e+00 -6.148274770578034953e+00 -3.245635185046983562e+00 nan nan nan nan nan nan nan nan nan nan nan nan nan nan nan nan nan nan
nan nan 1.486966820735819317e+00 1.137537534105479420e+00 8.118400923399857749e-01 nan -1.615513791325879689e+00 -4.715730427468418640e+00 -7.221665326938659923e+00 -4.412224388937728392e+00 nan nan nan nan nan nan nan nan nan nan nan nan nan nan nan nan nan nan
nan nan nan nan nan nan -1.378832707942401425e+00 -5.092398517629534993e+00 -8.229642779750843573e+00 -6.107470755353527458e+00 nan nan -2.051569448134268114e+00 nan nan nan nan nan nan nan nan nan nan nan nan nan nan nan
nan nan nan nan nan 1.819290584672370148e+00 -4.671425913023226628e-01 -4.910522414038731576e+00 -8.344313788364033257e+00 -8.867923484914147281e+00 nan nan nan nan nan nan nan nan nan nan nan nan nan nan nan nan nan nan
nan nan nan nan nan 1.841877955775100828e+00 1.805487480951393220e-01 -3.758330364231194931e+00 -7.068505953211373871e+00 -1.052415137941201095e+01 -6.821396083160561119e+00 nan nan nan nan nan nan nan nan nan nan nan nan nan nan nan nan nan
nan nan nan nan nan 1.712780169221505666e+00 1.313915968346402730e-01 -2.292941170527805994e+00 -4.328181152680104837e+00 -6.716630859491941941e+00 -8.879388792668143182e+00 -6.867703304922756935e+00 nan -2.408351310172200499e+00 nan nan nan nan nan nan nan nan nan nan nan nan nan nan
nan nan nan nan nan 1.480702063558309911e+00 3.930034021688358359e-02 -1.598258717093081760e+00 -2.963005344392718232e+00 -4.440216482548104970e+00 -5.572109841551919907e+00 -6.401356045914214477e+00 -6.339508411163408574e+00 -4.918649132917080280e+00 -1.725266272349911478e+00 nan nan nan nan nan nan nan nan nan nan nan nan nan
nan nan nan nan nan 1.325291151526293509e+00 1.845756463759024302e-01 -1.126325415572609900e+00 -2.343465493208727324e+00 -3.446713496609481009e+00 -4.710450195242737337e+00 -5.284962765097750648e+00 -5.536873836216517297e+00 -5.445244136676594238e+00 -4.851278835781945631e+00 -2.537207607527769415e+00 -1.430475677059416251e+00 nan nan nan nan nan nan nan nan nan nan nan
nan nan nan nan nan nan 4.680950395699539635e-01 -7.525973009423386761e-01 -1.975414240344195660e+00 -2.840255070434430706e+00 -3.987443396849273736e+00 -4.650223073720404443e+00 -5.051039183652886067e+00 -5.097656364905058801e+00 -5.386946632586536055e+00 -4.923537795385962035e+00 -2.788294767462057067e+00 -1.501289622657691725e+00 nan nan nan nan nan nan nan nan nan nan
nan nan nan nan nan nan nan -4.554107682447964267e-01 -1.670966378657950058e+00 -2.348415704602708320e+00 -3.142790250479438274e+00 -4.045243957461082118e+00 -4.284657228178209820e+00 -4.576103266486431842e+00 -4.512040239255541429e+00 -4.841873416956246068e+00 -4.496939833084945271e+00 -3.686623728708128489e+00 -2.597035819710707294e+00 nan nan -1.701932722780728602e+00 nan nan nan nan nan nan
nan nan nan nan nan nan nan -1.053010479822857198e-01 -1.248966011620386674e+00 -1.936746375485250082e+00 -2.419157151121023919e+00 -3.304729819730219287e+00 -3.752660837962925822e+00 -3.714849977250139101e+00 -3.850428018001797348e+00 -3.808011642017633758e+00 -3.954687230084928729e+00 -3.848518712110902129e+00 -3.105778981402175898e+00 -2.134061196297915686e+00 -9.939606477319894440e-01 -5.293721807184187389e-01 -1.036244763383786127e+00 nan nan nan nan nan
nan nan nan nan nan nan nan nan -7.748904272315141339e-01 -1.591340236506492811e+00 -2.084676863215222387e+00 -2.695757107716003631e+00 -3.375583402429606750e+00 -3.493440031643086918e+00 -3.590437438162253692e+00 -3.612741168646518730e+00 -3.568074731832063584e+00 -3.768294724432934562e+00 -3.586620817811996709e+00 -2.934360801690945042e+00 -1.765426417396773973e+00 -7.111397510214026996e-01 1.553098530109515429e-01 -5.243522581285290363e-01 nan -1.215862560932317593e-01 -1.798333485532682241e+00 nan
nan nan nan nan nan nan nan nan nan -1.179180897337922307e+00 -1.856614430518939152e+00 -2.473911435750803633e+00 -3.168112258165189932e+00 -3.544462056447295506e+00 -3.595330672882821599e+00 -3.545072745675281300e+00 -3.595593247584872199e+00 -3.907148559507642727e+00 -4.195936168307615510e+00 -3.918126242558827688e+00 -3.124565476098399852e+00 -2.375617985579800973e+00 -1.870473615570658499e+00 -1.962606050808390457e+00 nan -1.770478570499845583e+00 -3.797674925558744086e+00 nan
nan nan nan nan nan nan nan nan nan nan -1.117765257683951852e+00 -2.286699499715621808e+00 -2.966221284631944233e+00 -3.566763509236826390e+00 -3.610004736906166745e+00 -3.469747446234119792e+00 -3.369609627361178639e+00 -3.849685694209231013e+00 -4.703988404688160152e+00 -5.066121266630670306e+00 -4.737954385120707101e+00 -3.869061278773573420e+00 -3.503731406100695445e+00 -3.339063741671308705e+00 -3.897998327328719537e+00 -3.829589537842354119e+00 -4.597300418740743133e+00 nan
nan nan nan nan nan nan nan nan nan nan nan nan -2.431381991029290646e+00 -2.938071117947526290e+00 -3.455096628216274723e+00 -3.557330056397132179e+00 -3.491902988617161530e+00 -3.543871308974187784e+00 -4.302062169091918520e+00 -5.175804787545533081e+00 -5.940374560899246426e+00 -5.772904854631133453e+00 -4.851820492631760295e+00 -4.301797358670517823e+00 -4.015958095815331141e+00 -3.928618270518461131e+00 -4.397123146823310513e+00 nan
nan nan nan nan nan nan nan nan nan nan nan nan nan -2.094898243355178824e+00 -2.681437003554525411e+00 -3.087689584144542199e+00 -3.492854471585287168e+00 -3.945406531839545039e+00 -4.601282180639790553e+00 -5.304526516577368511e+00 -6.110751368217703039e+00 -6.718936923235781400e+00 -6.713157028234666868e+00 -5.422923250787040850e+00 -4.311527138033607542e+00 -3.683954234160206287e+00 -3.905117420214072599e+00 nan
nan nan nan nan nan nan nan nan nan nan nan nan nan nan nan -2.835918811835047126e+00 -3.406235262942832964e+00 -4.122282852919172846e+00 -4.790885709299857353e+00 -5.595919466600553172e+00 -6.377700457406593415e+00 -6.765302725379305215e+00 -7.019822566926461782e+00 -6.196592864109585541e+00 -4.636828024889974920e+00 -3.839868974654448763e+00 -3.620227098717594405e+00 nan
nan nan nan nan nan nan nan nan nan nan nan nan nan nan nan nan nan -4.133494342463788662e+00 -4.647450769740037124e+00 -5.121178332648645082e+00 -5.582597874500344837e+00 -5.540071660120701402e+00 -5.469903471135144635e+00 -6.096692707603766692e+00 -5.006924067063469153e+00 -4.237420646618399012e+00 -3.777208646040662643e+00 nan
nan nan nan nan nan nan nan nan nan nan nan nan nan nan nan nan nan nan nan nan -2.718039377841795279e+00 nan nan -5.535827224359604948e+00 -5.536557162600673543e+00 -4.548914261815100168e+00 nan nan
