nan nan nan -7.783089161145391621e+00 -8.254343163062166866e+00 -9.475616494940592105e+00 nan nan nan nan nan nan nan nan nan nan nan nan nan nan nan nan nan nan nan nan nan nan
nan nan -6.853098290413005778e+00 -7.789670220320560112e+00 -8.445509231273137019e+00 -9.292200172280555392e+00 -1.072889724473255058e+01 nan nan nan nan nan nan nan nan nan nan nan nan nan nan nan nan nan nan nan nan nan
nan nan -6.639937402569233704e+00 -7.519324501528202198e+00 -8.439200954331106175e+00 -8.965486437365273176e+00 -1.017756513587883838e+01 -1.128496427631224464e+01 nan nan nan nan nan nan nan nan nan nan nan nan nan nan nan nan nan nan nan nan
nan -5.742325321229688306e+00 -6.392282161148878039e+00 -6.929476120076714096e+00 -7.697434449746461738e+00 -8.327026748543380208e+00 -9.223394159082825894e+00 -1.018531286925582258e+01 -9.603894629933382276e+00 nan nan nan nan nan nan nan nan nan nan nan nan nan nan nan nan nan nan nan
-4.282973643973649658e+00 -5.133436612044231850e+00 -6.096349598874483355e+00 -6.475692737443707436e+00 -6.831406078051365682e+00 -7.605086324264648034e+00 -8.320155531546589600e+00 -9.236606298215638944e+00 -9.199216050635547148e+00 -4.557098189286625356e+00 nan nan nan nan nan nan nan nan nan nan nan nan nan nan nan nan nan nan
-3.793697119523545158e+00 -4.429732913024472474e+00 -5.475545600069529506e+00 -6.043521384593907975e+00 -6.047959782844721133e+00 -6.948788000709057222e+00 -7.792815002004693348e+00 -9.211758192602765405e+00 -9.329696161045783143e+00 nan nan nan nan nan nan nan nan nan nan nan nan nan nan nan nan nan nan nan
-3.427575642950437818e+00 -4.048784170450081099e+00 -4.829949410822353961e+00 -5.302516224016159185e+00 -5.542159223072583352e+00 -6.463952616347131475e+00 -7.671529655899144373e+00 -9.392443497572463329e+00 -9.811915679831402670e+00 nan nan nan nan nan nan nan nan nan nan nan nan nan nan nan nan nan nan nan
-3.255294804452787627e+00 -3.919823728265837470e+00 -4.507238960086215052e+00 -4.875980060563652962e+00 -5.193460879382593376e+00 -6.168968472070915254e+00 -7.695495050544450599e+00 -9.583286509503270878e+00 -1.033403339592278058e+01 nan nan nan nan nan nan nan nan nan nan nan nan nan nan nan nan nan nan nan
nan -3.668976634730048314e+00 -4.226070439260483980e+00 -4.647925581861557021e+00 -5.031893721578296841e+00 -5.916397142811075760e+00 -7.545113578111288355e+00 -9.423511554763068787e+00 -9.743226048064210332e+00 -6.541699395418050678e+00 nan nan nan nan nan nan nan nan nan nan nan nan nan nan nan nan nan nan
nan -3.339692268210976422e+00 -3.834452422637344871e+00 -4.207879790243894469e+00 -4.740766227424860091e+00 -5.848158996477253346e+00 -7.767775386490351153e+00 -9.284382417345025118e+00 -8.785829407439525340e+00 -5.767586866100513632e+00 nan nan nan nan nan nan nan nan nan nan nan nan nan nan nan nan nan nan
nan -2.867352003031740093e+00 -3.347228807569920583e+00 -3.828627023811195684e+00 -4.539433808906469636e+00 -5.955817489706811685e+00 -8.158239173711185899e+00 -9.199879524303735678e+00 -8.097965142150675533e+00 -4.819930919853770312e+00 nan nan nan nan nan nan nan nan nan nan nan nan nan nan nan nan nan nan
nan nan -3.121826587830267119e+00 -4.250004871057465827e+00 -4.465899649027915252e+00 -6.121356797864711652e+00 -8.640009126087376146e+00 -9.451315913374171984e+00 -8.102560638965261575e+00 -4.171030147916016340e+00 nan nan nan nan nan nan nan nan nan nan nan nan nan nan nan nan nan nan
nan nan -2.761679196335125486e+00 -3.961934149484066303e+00 -4.576792780980897923e+00 nan -8.796027239922270979e+00 -1.027299941478665701e+01 -9.078491983787056796e+00 -4.909113124756810720e+00 nan nan nan nan nan nan nan nan nan nan nan nan nan nan nan nan nan nan
nan nan nan nan nan nan -8.534806906188331155e+00 -1.113774076435122495e+01 -1.112202015164075597e+01 -6.507197539199451874e+00 nan nan -2.335007608364048970e+00 nan nan nan nan nan nan nan nan nan nan nan nan nan nan nan
nan nan nan nan nan -6.082081355776865372e+00 -8.538944917073330032e+00 -1.141221928405090402e+01 -1.301648311495771360e+01 -1.030911700117597896e+01 nan nan nan nan nan nan nan nan nan nan nan nan nan nan nan nan nan nan
nan nan nan nan nan -4.974070883633672224e+00 -7.740806253799920711e+00 -1.049814265614912756e+01 -1.332601273584810109e+01 -1.434671846976701914e+01 -8.291878246378642459e+00 nan nan nan nan nan nan nan nan nan nan nan nan nan nan nan nan nan
nan nan nan nan nan -4.387264528246419992e+00 -6.720113972221700038e+00 -8.925620135163988778e+00 -1.098635051762041925e+01 -1.339254276276936295e+01 -1.358729381502642575e+01 -9.543045961028129298e+00 nan -3.219768889803923173e+00 nan nan nan nan nan nan nan nan nan nan nan nan nan nan
nan nan nan nan nan -3.656677438095417010e+00 -5.521868894555915119e+00 -7.382669032898116157e+00 -9.151900324102683726e+00 -1.059815419523070013e+01 -1.207695475393622786e+01 -1.256750270829378913e+01 -1.137598853282234934e+01 -8.924031016488999768e+00 -3.647354984187899607e+00 nan nan nan nan nan nan nan nan nan nan nan nan nan
nan nan nan nan nan -2.850998861912104942e+00 -4.123811774969972532e+00 -5.795425699243073048e+00 -7.380340101364591732e+00 -8.736592745490550982e+00 -9.946950313517502806e+00 -1.115723033174758960e+01 -1.186756261787276578e+01 -1.162757997345279826e+01 -1.020010936745164543e+01 -5.771663065636725598e+00 -2.899674912788706482e+00 nan nan nan nan nan nan nan nan nan nan nan
nan nan nan nan nan nan -2.774278869462021291e+00 -3.989758347394779747e+00 -5.474195889586940922e+00 -6.764967768068854248e+00 -7.736085241891406561e+00 -8.814072263682311004e+00 -1.005147613993169919e+01 -1.111400125811197448e+01 -1.211037253918592960e+01 -1.133532322643449852e+01 -8.647152816532997832e+00 -5.483802529109634172e+00 nan nan nan nan nan nan nan nan nan nan
nan nan nan nan nan nan nan -2.405066402597803688e+00 -3.478808037316686530e+00 -4.642143196188198928e+00 -5.509136052737708233e+00 -6.458598080669017527e+00 -7.577838616665180993e+00 -8.826818484807230192e+00 -9.884283718667711938e+00 -1.035848294191464269e+01 -9.891703462453040885e+00 -9.077091858086797416e+00 -7.315139478938232465e+00 nan nan -2.956010692861081868e+00 nan nan nan nan nan nan
nan nan nan nan nan nan nan -1.076849366517345530e+00 -1.789535199428815559e+00 -2.818880094834943506e+00 -3.735522215048522998e+00 -4.561772026539055780e+00 -5.682063210757047678e+00 -6.727124690942559937e+00 -7.569140231645647532e+00 -8.283023722499834207e+00 -8.391895378041317244e+00 -7.863958635089510096e+00 -7.274998513404385747e+00 -6.654276134327376191e+00 -5.493741057220073998e+00 -4.256330821613909521e+00 -2.206750447965575290e+00 nan nan nan nan nan
nan nan nan nan nan nan nan nan -2.938000634335146688e-01 -1.099222178930719940e+00 -1.920553109597922914e+00 -2.861457236581027352e+00 -3.621489514155363132e+00 -4.697365092621285321e+00 -5.641902879413001060e+00 -6.133385363548995883e+00 -6.582210569402246136e+00 -6.528899724555654593e+00 -6.409491479249012968e+00 -5.659847127068395878e+00 -5.453676714189329644e+00 -5.363513461958834050e+00 -4.525374581604437729e+00 -2.319961043317036342e+00 nan -7.516050412060069075e-01 -1.315672853176179213e+00 nan
nan nan nan nan nan nan nan nan nan 8.451568918177616574e-01 -4.485357246236305884e-02 -6.819131518541131642e-01 -1.561441242611346203e+00 -2.266886979693139015e+00 -3.156941597357458829e+00 -3.904992325079699178e+00 -4.449732062245224107e+00 -4.978937894271640907e+00 -5.268667952721411751e+00 -5.293603390981787449e+00 -4.954778869604765212e+00 -5.430524090747627319e+00 -5.967193673168921464e+00 -5.653615549968045606e+00 nan -1.834528461208856598e+00 -1.981173494981071093e+00 nan
nan nan nan nan nan nan nan nan nan nan 1.594937729707071927e+00 7.483830875971830832e-01 6.844738694503180176e-02 -5.586431888415736013e-01 -1.113753150135372127e+00 -2.108033063519418882e+00 -2.718333373139417031e+00 -3.339577216505907664e+00 -4.046378014893504904e+00 -4.355621965132878692e+00 -4.355800475340328326e+00 -4.545089687686282964e+00 -5.795247618129852896e+00 -6.185638645850797701e+00 -5.063252626840227144e+00 -3.188797719006584597e+00 -2.324445203999375043e+00 nan
nan nan nan nan nan nan nan nan nan nan nan nan 9.242876917608917609e-01 3.411502753293194079e-01 -4.196000919959536751e-02 -7.409212952826416121e-01 -1.449997853764594558e+00 -1.853682612515820560e+00 -2.547602705260262557e+00 -3.195003119247164847e+00 -3.358136528626226802e+00 -3.568394551369820533e+00 -4.738696342926237648e+00 -5.851973232139826564e+00 -5.204396146005100476e+00 -3.878591811422378743e+00 -2.762159428226279356e+00 nan
nan nan nan nan nan nan nan nan nan nan nan nan nan 1.162744256386215591e+00 7.046239729784418149e-01 1.643643408827162589e-01 -4.611106414966182898e-01 -9.709403487853426329e-01 -1.249585185310702062e+00 -1.860666600152571348e+00 -2.169500052150599601e+00 -2.464920034188863518e+00 -2.978990249990732586e+00 -4.560237448622304512e+00 -4.925517995064185861e+00 -4.127649784884419581e+00 -3.040509199234572524e+00 nan
nan nan nan nan nan nan nan nan nan nan nan nan nan nan nan 1.072121460813669103e+00 7.098037267142336404e-01 -6.945279060842307617e-02 -2.819594490975238510e-01 -5.094079536708241429e-01 -7.837776520080617093e-01 -1.268124193448573633e+00 -1.885104934452210612e+00 -2.768173457088649148e+00 -3.413271436029274408e+00 -3.462950573394506293e+00 -2.752608046247874807e+00 nan
nan nan nan nan nan nan nan nan nan nan nan nan nan nan nan nan nan 1.108372740216079899e+00 8.498791696000360663e-01 3.112249396350406094e-01 4.097840399088821806e-01 2.422890261968521641e-01 1.461071157198609305e-01 -5.267206052243159631e-01 -1.352358118553311783e+00 -2.294809113434350234e+00 -1.700116587683817571e+00 nan
nan nan nan nan nan nan nan nan nan nan nan nan nan nan nan nan nan nan nan nan -8.273651386840021049e-02 nan nan 1.241450481410813600e+00 3.259205883299784445e-01 -8.142623815613860838e-01 nan nan
