nan nan nan 1.020274736074218591e+00 1.120027928222298241e+00 1.530714227471328265e-02 nan nan nan nan nan nan nan nan nan nan nan nan nan nan nan nan nan nan nan nan nan nan
nan nan 1.179835013529706877e+00 1.384375482412469882e+00 1.434302104307139114e+00 6.585050030552739297e-01 -1.506901674008896741e+00 nan nan nan nan nan nan nan nan nan nan nan nan nan nan nan nan nan nan nan nan nan
nan nan 1.538672736940957186e+00 1.604044968734151810e+00 1.464593752322266740e+00 5.275416008649851385e-01 -7.279257166300013848e-01 -3.388422393806107991e+00 nan nan nan nan nan nan nan nan nan nan nan nan nan nan nan nan nan nan nan nan
nan 1.980162762531927356e+00 2.106665623873925419e+00 2.112611748418489199e+00 1.738751446232281506e+00 8.699040089742736681e-01 -1.245496998357188551e-01 -2.021491289241486911e+00 -3.144165388726834820e+00 nan nan nan nan nan nan nan nan nan nan nan nan nan nan nan nan nan nan nan
2.580749901056127005e+00 2.567139062380029646e+00 2.473314973915621273e+00 2.385152192379818015e+00 2.101993932818194910e+00 1.183017624737993101e+00 2.314432080391348734e-01 -1.410727999689735279e+00 -2.830980786511966052e+00 -2.608454769606382673e+00 nan nan nan nan nan nan nan nan nan nan nan nan nan nan nan nan nan nan
3.420558523767542880e+00 3.200232363642127265e+00 2.991425411790176181e+00 2.636072291737590056e+00 2.135263984613149812e+00 1.178887396535540422e+00 2.863250277942028799e-01 -1.173955610765914592e+00 -3.136459986844437609e+00 nan nan nan nan nan nan nan nan nan nan nan nan nan nan nan nan nan nan nan
4.520357493693754058e+00 4.191944490016346947e+00 3.809987302342028759e+00 3.047663205669331354e+00 2.243904131877057395e+00 1.150783130396757059e+00 2.958028012578369989e-02 -1.436718983736656297e+00 -3.973336649943101317e+00 nan nan nan nan nan nan nan nan nan nan nan nan nan nan nan nan nan nan nan
5.449125752313817017e+00 4.945983590905424165e+00 4.580477706129400417e+00 4.156905329909799107e+00 3.103074365037582716e+00 1.481210439264714740e+00 7.340684101410598073e-02 -1.611520093368044471e+00 -4.347542317339451401e+00 nan nan nan nan nan nan nan nan nan nan nan nan nan nan nan nan nan nan nan
nan 6.113776682230602333e+00 5.444802205488277203e+00 4.928792528485658408e+00 4.008911961429054926e+00 2.449562006958269311e+00 8.828614547818259828e-01 -1.137793916817255280e+00 -3.008015938527405453e+00 -5.305016687893007621e+00 nan nan nan nan nan nan nan nan nan nan nan nan nan nan nan nan nan nan
nan 7.472399419507924634e+00 6.740357056299456140e+00 5.796204227994405045e+00 4.685103330898592766e+00 3.302021221040866372e+00 1.579852188178816119e+00 -1.690229026672547541e-01 -1.722910827503209230e+00 -2.993370154724563026e+00 nan nan nan nan nan nan nan nan nan nan nan nan nan nan nan nan nan nan
nan 7.773938402876156673e+00 7.406883239228418070e+00 6.717850395042186840e+00 5.555864379715527157e+00 4.029790660294978011e+00 2.462754934805371665e+00 2.206965515454432092e-01 -1.001429633235308092e+00 -2.365140507602307096e+00 nan nan nan nan nan nan nan nan nan nan nan nan nan nan nan nan nan nan
nan nan 7.354989270794419554e+00 6.907572921280547895e+00 5.734768020115540210e+00 4.675996703743884986e+00 3.377679102814272749e+00 8.284745550754948340e-01 -1.057172853964657877e+00 -2.906732879508467704e+00 nan nan nan nan nan nan nan nan nan nan nan nan nan nan nan nan nan nan
nan nan 5.491433659312018989e+00 4.959585627588871226e+00 4.361660789918256675e+00 nan 3.390917235489121051e+00 1.389231138098997898e+00 -1.114117776455772368e+00 -4.328666029045857400e+00 nan nan nan nan nan nan nan nan nan nan nan nan nan nan nan nan nan nan
nan nan nan nan nan nan 2.540681908474161865e+00 1.723365745828088436e+00 -7.075459780988943015e-01 -4.390009831515304661e+00 nan nan -3.028091065648274238e+00 nan nan nan nan nan nan nan nan nan nan nan nan nan nan nan
nan nan nan nan nan 3.955006143127429930e+00 3.491922249048930116e+00 2.446112863829327910e+00 2.842302362511881508e-01 -2.973409352981410514e+00 nan nan nan nan nan nan nan nan nan nan nan nan nan nan nan nan nan nan
nan nan nan nan nan 2.671695267080490321e+00 3.393664381908510830e+00 3.017449432701018175e+00 1.549342094310750539e+00 -7.428277791877192504e-01 -2.724386055841267584e+00 nan nan nan nan nan nan nan nan nan nan nan nan nan nan nan nan nan
nan nan nan nan nan 3.692501508698613488e+00 3.519622331298187135e+00 3.156518771139608326e+00 2.477794803841273374e+00 1.413054744281730724e+00 1.531863686909302469e-01 -1.665239191923053141e+00 nan -3.732945949196229574e+00 nan nan nan nan nan nan nan nan nan nan nan nan nan nan
nan nan nan nan nan 4.905188589647964115e+00 4.473808166626530358e+00 3.924922275247189507e+00 3.316470750802397394e+00 2.747732315943375969e+00 2.277505067461722543e+00 1.690735776821198799e+00 3.217704296188125257e-01 -1.660912572648036045e+00 -3.749513364914827118e+00 nan nan nan nan nan nan nan nan nan nan nan nan nan
nan nan nan nan nan 6.068799270618578490e+00 5.140198452897307035e+00 4.628275400482531055e+00 4.285915671904163560e+00 3.872442548026046261e+00 3.304245578950857354e+00 2.826365988964647080e+00 2.286776173307516924e+00 1.239237670895012355e+00 -1.178252930328918424e+00 -4.126372889862592430e+00 -3.103773849072352764e+00 nan nan nan nan nan nan nan nan nan nan nan
nan nan nan nan nan nan 5.985469636618275580e+00 5.454737488474793672e+00 5.095757116484365135e+00 4.746636364498684202e+00 4.219671802840986530e+00 3.595951026851998744e+00 3.287441275691425080e+00 2.832615835825420980e+00 1.996626626188876763e+00 2.691152532965426086e-02 -1.484204534957632049e+00 -1.882960671316191492e+00 nan nan nan nan nan nan nan nan nan nan
nan nan nan nan nan nan nan 6.348491410700714432e+00 5.881659762207316788e+00 5.476490797107065767e+00 4.855964729168030125e+00 4.164097800483817835e+00 3.896312100002388146e+00 3.615175987336115337e+00 3.443908459415740086e+00 3.005090322404606606e+00 1.782227695249798183e+00 1.310263354296446803e+00 7.964851531113020799e-01 nan nan -1.422422187628260115e+00 nan nan nan nan nan nan
nan nan nan nan nan nan nan 7.271672917962064275e+00 6.723502728548223395e+00 6.105291767063016017e+00 5.355544418318031852e+00 4.397099849131743454e+00 4.152491924427963887e+00 4.028181371505720421e+00 3.908407947039426400e+00 3.808956750076986975e+00 3.341430115569084425e+00 2.564898032301132336e+00 2.310966175297596070e+00 1.980760419693282204e+00 1.647792579550352521e+00 9.815663036756429038e-01 1.594838069335040853e-01 nan nan nan nan nan
nan nan nan nan nan nan nan nan 7.710005625612009084e+00 6.957559190887973699e+00 5.668165853911498075e+00 4.540870001511351894e+00 4.399995125945698859e+00 4.298689583958685390e+00 4.230588568463601540e+00 4.214047314813933909e+00 4.154130141982581570e+00 3.564095495044850459e+00 3.036204662180645997e+00 2.829304817472192646e+00 2.785903235170056114e+00 2.956216080609363139e+00 2.761219604205288558e+00 1.901037317109051994e+00 nan 4.822880035815939159e+00 5.315416337778741784e+00 nan
nan nan nan nan nan nan nan nan nan 7.294006844726953709e+00 5.774927320023053312e+00 4.789157218027362717e+00 4.529272884860898962e+00 4.426854313704665422e+00 4.383786332234377525e+00 4.483934291579447340e+00 4.627778858149363295e+00 4.371431544376236822e+00 3.816539412745784787e+00 3.508161851668169184e+00 3.532569096457538027e+00 3.771033830110676721e+00 4.307623439926723030e+00 4.551580487041538170e+00 nan 6.037894289721204899e+00 7.013846594465235285e+00 nan
nan nan nan nan nan nan nan nan nan nan 6.411924265040511273e+00 5.156403169507470352e+00 4.722702277152674100e+00 4.623445873867123801e+00 4.656897109641427335e+00 4.693949603118125147e+00 4.844638752004437166e+00 4.977180346531199895e+00 4.597500192535941110e+00 4.629627050443488656e+00 4.069513507313092582e+00 4.049604427377073712e+00 4.349919341397737504e+00 5.115965484248250483e+00 5.840408358785429854e+00 6.868314268103786091e+00 7.261492113669279824e+00 nan
nan nan nan nan nan nan nan nan nan nan nan nan 5.356269564774080116e+00 5.105909813720225010e+00 5.067549857471547625e+00 5.062294376139076846e+00 5.151558752897497762e+00 5.416409069931479081e+00 5.640542662373826843e+00 5.625154934911529736e+00 5.506518436603312416e+00 4.548111635207845893e+00 4.296801884143776284e+00 4.683656908515922090e+00 5.317259035091826291e+00 6.150280899476070040e+00 6.655805355616882579e+00 nan
nan nan nan nan nan nan nan nan nan nan nan nan nan 5.843746701493086171e+00 5.872649182115287303e+00 5.909376058885595029e+00 5.993511629525106521e+00 6.002401242751677302e+00 6.127457570498685335e+00 6.481610512446063233e+00 6.251540586897011309e+00 5.607047656836085636e+00 5.439971258411281596e+00 4.632135076067590340e+00 4.669532201753399114e+00 5.521333278030834180e+00 6.102784234465437940e+00 nan
nan nan nan nan nan nan nan nan nan nan nan nan nan nan nan 6.334229346465884980e+00 6.425970489488217474e+00 6.447355917030995975e+00 6.501384028942874593e+00 6.617730663755613030e+00 6.559353286597514376e+00 6.126831089996241708e+00 5.624069697772802634e+00 4.875543950705706564e+00 3.951030668039037685e+00 4.131701952485698826e+00 4.967048229084306321e+00 nan
nan nan nan nan nan nan nan nan nan nan nan nan nan nan nan nan nan 6.370338650117751911e+00 6.419220730344945558e+00 6.345415734611159486e+00 6.194673201504302895e+00 5.612860530983539320e+00 4.915682140866999283e+00 3.882608805068520574e+00 3.474985032427762022e+00 3.407054275856927550e+00 3.994060416046832707e+00 nan
nan nan nan nan nan nan nan nan nan nan nan nan nan nan nan nan nan nan nan nan 2.413746373966121794e+00 nan nan 3.817218900729433706e+00 3.450386984920580602e+00 3.610822808985744814e+00 nan nan
