nan nan nan -5.718773474451912087e+00 -7.083225787206540502e+00 -8.978865308135549839e+00 nan nan nan nan nan nan nan nan nan nan nan nan nan nan nan nan nan nan nan nan nan nan
nan nan -3.470181028939423928e+00 -5.044416968997285089e+00 -6.454495531143852105e+00 -7.993901729082324437e+00 -9.600025244575656203e+00 nan nan nan nan nan nan nan nan nan nan nan nan nan nan nan nan nan nan nan nan nan
nan nan -2.491465824688390285e+00 -4.130606393886963268e+00 -5.695789409181908347e+00 -7.194047464908221556e+00 -8.449407705245342015e+00 -9.826570372370239781e+00 nan nan nan nan nan nan nan nan nan nan nan nan nan nan nan nan nan nan nan nan
nan -6.775679351658427940e-01 -1.763200839987017821e+00 -3.244543264721051923e+00 -4.676475520835164268e+00 -6.252005229903503825e+00 -7.557248304120772531e+00 -8.476836478807671327e+00 -7.204113377173285926e+00 nan nan nan nan nan nan nan nan nan nan nan nan nan nan nan nan nan nan nan
2.922883995860431905e-01 -2.097080299545888149e-01 -9.972891951123846743e-01 -2.362911845380353704e+00 -3.778874739010136707e+00 -5.307681472863586158e+00 -6.675560660938304025e+00 -7.783091871668487371e+00 -7.277139312498348112e+00 -3.086235975516348429e+00 nan nan nan nan nan nan nan nan nan nan nan nan nan nan nan nan nan nan
8.012353125237841045e-01 3.858369889416121690e-01 -3.249279668958472422e-01 -1.630339131476593817e+00 -3.077939258516190435e+00 -4.474283452567172858e+00 -6.077434852814969979e+00 -7.626860642640465926e+00 -7.395849360701936881e+00 nan nan nan nan nan nan nan nan nan nan nan nan nan nan nan nan nan nan nan
1.002948601540198048e+00 6.274140548718644128e-01 1.291851342372395128e-01 -1.071488533797970044e+00 -2.559798269737629806e+00 -3.899263329698424041e+00 -5.706047351534048850e+00 -7.425118768515289069e+00 -7.418790505303836547e+00 nan nan nan nan nan nan nan nan nan nan nan nan nan nan nan nan nan nan nan
1.323295041829508412e+00 1.047756788918776438e+00 4.396536438734245933e-01 -6.503606436770167365e-01 -2.017775797787949799e+00 -3.397369937302663789e+00 -5.394100465453933957e+00 -7.387378586867353825e+00 -7.839940079401060302e+00 nan nan nan nan nan nan nan nan nan nan nan nan nan nan nan nan nan nan nan
nan 1.528336783189871761e+00 7.097146089037433825e-01 -2.667007418640950367e-01 -1.490904522735031046e+00 -2.926153968344479939e+00 -5.120468621187449720e+00 -6.760061876386788349e+00 -7.522769531353556971e+00 -5.203791576168339539e+00 nan nan nan nan nan nan nan nan nan nan nan nan nan nan nan nan nan nan
nan 1.827140201469379832e+00 1.075572734466119007e+00 1.073499426129759238e-01 -1.000439268164793782e+00 -2.598855081238655274e+00 -4.857928573410752016e+00 -6.207371114468737794e+00 -6.302386829946591718e+00 -4.596654924905919870e+00 nan nan nan nan nan nan nan nan nan nan nan nan nan nan nan nan nan nan
nan 2.020521023967113194e+00 1.483351355829948259e+00 6.238033794481216976e-01 -5.909598073625358383e-01 -2.461616956354180541e+00 -4.790743715023438654e+00 -5.740285732429604160e+00 -5.635392723656716285e+00 -4.043396908954495217e+00 nan nan nan nan nan nan nan nan nan nan nan nan nan nan nan nan nan nan
nan nan 1.883200237270104882e+00 8.013388458068696485e-01 -5.521557343475128610e-01 -2.199909771682343695e+00 -4.877817363353953439e+00 -5.563860434953911138e+00 -5.475364718936183372e+00 -3.055147908493462960e+00 nan nan nan nan nan nan nan nan nan nan nan nan nan nan nan nan nan nan
nan nan 1.612875742772300169e+00 -6.647541073955136152e-03 -8.849857786383765745e-01 nan -4.582894796499805246e+00 -5.571178329312204802e+00 -5.697207125922341575e+00 -3.587685855935114354e+00 nan nan nan nan nan nan nan nan nan nan nan nan nan nan nan nan nan nan
nan nan nan nan nan nan -3.494997542283369008e+00 -5.184422645730103696e+00 -5.844502629989775322e+00 -4.272866001794803914e+00 nan nan -1.563187497391231195e+00 nan nan nan nan nan nan nan nan nan nan nan nan nan nan nan
nan nan nan nan nan -2.365660437344758282e+00 -3.327813468945466369e+00 -4.732310227222867205e+00 -5.528512865335584614e+00 -5.184701666481396742e+00 nan nan nan nan nan nan nan nan nan nan nan nan nan nan nan nan nan nan
nan nan nan nan nan -1.465158377660194855e+00 -2.552854733140146326e+00 -3.836280961998868921e+00 -4.924262895349175828e+00 -5.657353874680135064e+00 -3.734692344585840207e+00 nan nan nan nan nan nan nan nan nan nan nan nan nan nan nan nan nan
nan nan nan nan nan -1.026764464230219609e+00 -1.579390900461165259e+00 -2.568801261080014164e+00 -3.675152896651554979e+00 -4.074344869186276696e+00 -3.837735091929425302e+00 -2.487523243425169728e+00 nan -1.272202832550745732e+00 nan nan nan nan nan nan nan nan nan nan nan nan nan nan
nan nan nan nan nan -2.585495335764800839e-01 -9.280395757090085240e-01 -1.697709420528111801e+00 -2.522116297004725283e+00 -2.759078957091936513e+00 -2.397469270768487259e+00 -1.792080168809568219e+00 -1.174204429096289415e+00 -5.189202360021749616e-01 -4.396296437586325601e-01 nan nan nan nan nan nan nan nan nan nan nan nan nan
nan nan nan nan nan -4.464887021401783285e-01 -7.951794576153526917e-01 -1.250690620453628998e+00 -1.853822551595951884e+00 -2.085396913975910760e+00 -1.903767127729005582e+00 -1.374796233330974005e+00 -8.740470361376894148e-01 -4.286212183012677590e-01 2.659356064354969143e-02 -8.617137891652844051e-01 -6.346239463464334873e-01 nan nan nan nan nan nan nan nan nan nan nan
nan nan nan nan nan nan -9.856848422919515240e-01 -1.182237127251476227e+00 -1.562736437586565552e+00 -1.761901052652544264e+00 -1.616305953232481496e+00 -1.278243810551885629e+00 -8.136334432751483048e-01 -5.021505614096118952e-01 -2.689351793336341445e-01 3.248051141624819782e-01 5.146880510761759481e-02 -9.258336195530305623e-01 nan nan nan nan nan nan nan nan nan nan
nan nan nan nan nan nan nan -1.174548143600423256e+00 -1.241020644921794203e+00 -1.463998813075664929e+00 -1.420665737467873058e+00 -1.154992538349445486e+00 -8.450515307346645466e-01 -3.695502349269397246e-01 -2.105020871834862306e-01 -2.942836909023573977e-01 -5.461216196096759651e-02 -6.409449931646135079e-01 -1.403329114051887538e+00 nan nan -1.710775999843361594e+00 nan nan nan nan nan nan
nan nan nan nan nan nan nan -1.344075402113233508e+00 -1.159351306437039097e+00 -1.178171358376883138e+00 -1.301506101948656235e+00 -1.147099905343532456e+00 -9.637690150719080417e-01 -6.057223179119051171e-01 -3.750657658750382040e-01 -5.017134992781594471e-01 -5.749172849126115148e-01 -4.458740213488381898e-01 -6.770218930988467498e-01 -9.898105586724053051e-01 -1.112755589851872617e+00 -1.161552346549187487e+00 -9.755578891639927752e-01 nan nan nan nan nan
nan nan nan nan nan nan nan nan -1.563873086547877156e+00 -1.435340352538008402e+00 -1.347421165829552736e+00 -1.268571518902401829e+00 -1.018871169824116629e+00 -8.782615949372294395e-01 -6.533048215850443263e-01 -5.611014797330475812e-01 -7.253734475293864836e-01 -7.431894787276787095e-01 -6.997083236329426637e-01 -8.480405072508535591e-01 -9.838603726539332239e-01 -8.970082082910121324e-01 -8.039595595671015227e-01 -1.707157040141318860e-01 nan -2.143669624201777479e-01 4.443977478216004084e-01 nan
nan nan nan nan nan nan nan nan nan -1.799459543581504395e+00 -1.662428552358023115e+00 -1.508377609161380306e+00 -1.314129931397158613e+00 -1.124113822556737308e+00 -1.056855800391674149e+00 -8.761854003585122230e-01 -9.641747533481664911e-01 -1.119543615379986035e+00 -1.193166200834682611e+00 -1.151016528543308715e+00 -1.406385413730093958e+00 -1.327715284000657192e+00 -1.205334268874232118e+00 -8.004817163742576902e-01 nan 3.876670579830365782e-01 5.119743146426252167e-01 nan
nan nan nan nan nan nan nan nan nan nan -1.986920106091603078e+00 -1.778086306361411406e+00 -1.546391095507626323e+00 -1.349350272395678729e+00 -1.304260981726683699e+00 -1.249378417866554125e+00 -1.258122402364278525e+00 -1.482090095992467216e+00 -1.648025008170748151e+00 -1.602723383040323579e+00 -1.697724909221163259e+00 -1.866027134870205995e+00 -1.868870076542972658e+00 -1.592258830765534316e+00 -9.949587906717473063e-01 -1.897611574716292493e-01 4.724844711242297268e-02 nan
nan nan nan nan nan nan nan nan nan nan nan nan -1.855975427446731052e+00 -1.700626374183863643e+00 -1.649427660501662674e+00 -1.564905748207878755e+00 -1.570677211913531490e+00 -1.726048527130635390e+00 -1.878612736264409611e+00 -2.022440616111916611e+00 -2.200386065095893073e+00 -2.170142246557637211e+00 -2.326104833302928387e+00 -2.161521167775439789e+00 -1.692941052339571817e+00 -1.128813458536197523e+00 -7.419950297778989956e-01 nan
nan nan nan nan nan nan nan nan nan nan nan nan nan -2.318117295305464953e+00 -2.170513286984002033e+00 -2.130577928568004875e+00 -2.150288696421901680e+00 -2.197399845037349309e+00 -2.255151781998362637e+00 -2.263101944661228160e+00 -2.413582800577863896e+00 -2.466872385996399686e+00 -2.581871863564518588e+00 -2.420283185037253926e+00 -1.913449291850942258e+00 -1.509508611076318507e+00 -1.163659413965315581e+00 nan
nan nan nan nan nan nan nan nan nan nan nan nan nan nan nan -2.770645934103215247e+00 -2.731616497165386459e+00 -2.741765379862450835e+00 -2.731163610794453689e+00 -2.535225465058179584e+00 -2.497099488924124699e+00 -2.632493920985694125e+00 -2.558070034639265078e+00 -2.608002442536874632e+00 -2.230025882650750635e+00 -1.629844219721971799e+00 -1.302973551757444115e+00 nan
nan nan nan nan nan nan nan nan nan nan nan nan nan nan nan nan nan -3.211882013744037145e+00 -3.049396183255958626e+00 -3.008103865094261309e+00 -2.874170971628200011e+00 -2.498944786819718988e+00 -1.759049581728838074e+00 -2.172003113943494768e+00 -2.258487668312677332e+00 -1.998170170105840970e+00 -1.539001519677644758e+00 nan
nan nan nan nan nan nan nan nan nan nan nan nan nan nan nan nan nan nan nan nan -1.615565968597739266e+00 nan nan -2.254159270699789275e+00 -2.403591333686371012e+00 -2.219867135725335672e+00 nan nan
