nan nan nan -3.059566759774195788e+00 -3.805394126686625800e+00 -4.323544384823216014e+00 nan nan nan nan nan nan nan nan nan nan nan nan nan nan nan nan nan nan nan nan nan nan
nan nan -1.858591616585770545e+00 -2.535010718320114265e+00 -3.233606548530482794e+00 -3.746217042006632525e+00 -4.046994494990275193e+00 nan nan nan nan nan nan nan nan nan nan nan nan nan nan nan nan nan nan nan nan nan
nan nan -1.595884098949075680e+00 -2.070058641209016059e+00 -2.547329215482411424e+00 -2.909967857962438398e+00 -3.474990709225472152e+00 -3.623850459401280588e+00 nan nan nan nan nan nan nan nan nan nan nan nan nan nan nan nan nan nan nan nan
nan -1.288008616138863527e+00 -1.551462603934445905e+00 -1.817964979212544074e+00 -2.034424676785195452e+00 -2.101113385662251698e+00 -2.753322656023277304e+00 -2.913402941614960717e+00 -1.998971302536502126e+00 nan nan nan nan nan nan nan nan nan nan nan nan nan nan nan nan nan nan nan
-1.081413061463424530e+00 -1.400197790958908506e+00 -1.603274362008482168e+00 -1.849240138073129591e+00 -1.866963460466457558e+00 -1.693469884900271172e+00 -1.998953888596774364e+00 -2.537539235819987748e+00 -2.248846232225899744e+00 -5.567743288086550724e-01 nan nan nan nan nan nan nan nan nan nan nan nan nan nan nan nan nan nan
-1.294662752570256758e+00 -1.620464199376406622e+00 -1.840800469707438491e+00 -1.966323270690911507e+00 -2.008225191541398669e+00 -1.767675864247621575e+00 -1.774543273886235006e+00 -2.187517040792641865e+00 -2.428881923227907969e+00 nan nan nan nan nan nan nan nan nan nan nan nan nan nan nan nan nan nan nan
-1.459426858179170949e+00 -1.908001114425116995e+00 -2.124291567333122632e+00 -2.258444575961029432e+00 -2.287215251668035965e+00 -1.989655283228358718e+00 -1.738367872819101212e+00 -2.256563011724720180e+00 -1.888092571915892082e+00 nan nan nan nan nan nan nan nan nan nan nan nan nan nan nan nan nan nan nan
-1.241703039088869920e+00 -1.875231117762711230e+00 -2.269414707996564307e+00 -2.519231917497500639e+00 -2.545028761457250432e+00 -2.217390831897135151e+00 -1.855668600972944615e+00 -2.336242154319595699e+00 -1.882759227867424334e+00 nan nan nan nan nan nan nan nan nan nan nan nan nan nan nan nan nan nan nan
nan -1.280225902084890288e+00 -1.850089158507010501e+00 -2.583875757545629703e+00 -2.784568050618740020e+00 -2.434559680687495398e+00 -2.095081912243882183e+00 -2.301177814100458630e+00 -1.747651990338775718e+00 -1.092650716170004248e-02 nan nan nan nan nan nan nan nan nan nan nan nan nan nan nan nan nan nan
nan -7.937098021213222498e-01 -1.408534316396418573e+00 -2.184540707892506983e+00 -2.728498727947574309e+00 -2.623525948916668682e+00 -2.529688355713005876e+00 -2.353112819657543930e+00 -1.380252450033364608e+00 3.156824289935558636e-01 nan nan nan nan nan nan nan nan nan nan nan nan nan nan nan nan nan nan
nan -2.374766731112785967e-01 -8.098132694030847345e-01 -1.695730704751132745e+00 -2.749064579000231934e+00 -2.854775832556613047e+00 -2.949188016545190028e+00 -2.585760888574812011e+00 -1.686389087115114815e+00 -4.511125314099244665e-01 nan nan nan nan nan nan nan nan nan nan nan nan nan nan nan nan nan nan
nan nan -4.463940491124983034e-01 -1.430579728500025016e+00 -2.583352990860115383e+00 -3.112630678951716412e+00 -3.163882565997890861e+00 -2.616544326016367439e+00 -1.749367375286915216e+00 3.022800799266583960e-01 nan nan nan nan nan nan nan nan nan nan nan nan nan nan nan nan nan nan
nan nan 2.931693018156042996e-01 -1.730862542523041281e+00 -1.687849740435708901e+00 nan -2.814410180854748589e+00 -2.326787295101333530e+00 -1.557139071234928451e+00 7.972845159183953312e-01 nan nan nan nan nan nan nan nan nan nan nan nan nan nan nan nan nan nan
nan nan nan nan nan nan -1.842770090062828992e+00 -1.844473988168651601e+00 -1.486695252264726319e+00 8.020810525699583193e-01 nan nan 1.220931668554998017e+00 nan nan nan nan nan nan nan nan nan nan nan nan nan nan nan
nan nan nan nan nan -2.983566894802533120e+00 -2.446985072217326973e+00 -2.323176493644274032e+00 -1.676982943286206451e+00 -2.606508956598381777e-01 nan nan nan nan nan nan nan nan nan nan nan nan nan nan nan nan nan nan
nan nan nan nan nan -2.697931072863013480e+00 -3.067810597487163893e+00 -2.966028991357636535e+00 -2.299977476039487545e+00 -1.479344110292917680e+00 -4.445149010799264722e-01 nan nan nan nan nan nan nan nan nan nan nan nan nan nan nan nan nan
nan nan nan nan nan -2.840426897994011046e+00 -3.011481375914895064e+00 -3.164149464691113245e+00 -2.720408027246598692e+00 -2.194068945889361189e+00 -1.823082945374222996e+00 -1.764605078980083119e+00 nan -6.701535385714684212e-01 nan nan nan nan nan nan nan nan nan nan nan nan nan nan
nan nan nan nan nan -1.349299276102433387e+00 -2.086101932536783554e+00 -2.631488591206572192e+00 -2.764746321409006669e+00 -2.483673154507671121e+00 -2.324372761906894791e+00 -2.359674997397667173e+00 -1.905164580205219949e+00 -9.234370028216116744e-01 4.876544331830308665e-01 nan nan nan nan nan nan nan nan nan nan nan nan nan
nan nan nan nan nan -1.278821790824078208e+00 -1.635124999102635091e+00 -2.083671234946037565e+00 -2.305030702116880992e+00 -2.516509490188308718e+00 -2.504810049451588139e+00 -2.620811517322819029e+00 -2.444906099927622645e+00 -2.243831870789734229e+00 -1.605250398552486635e+00 -1.099610803117986313e+00 -3.743483552888959287e-01 nan nan nan nan nan nan nan nan nan nan nan
nan nan nan nan nan nan -1.533302509058480645e+00 -1.800860257024760047e+00 -2.035326485655370554e+00 -2.287777350193580528e+00 -2.537177738268403093e+00 -2.592754960153027977e+00 -2.532512957492261130e+00 -2.516912863905068853e+00 -2.344745542785178660e+00 -1.951867015555214024e+00 -1.399773041534854601e+00 -1.348894838237193028e+00 nan nan nan nan nan nan nan nan nan nan
nan nan nan nan nan nan nan -1.832804105314624898e+00 -1.912002525888108373e+00 -2.089776718714408066e+00 -2.301653475073493382e+00 -2.514173207400519416e+00 -2.608489858821312346e+00 -2.564766747315009532e+00 -2.471421309584485471e+00 -2.253493783528391248e+00 -1.885027333792117510e+00 -1.903733507576987449e+00 -1.763790091760706780e+00 nan nan -4.816656394997320678e-01 nan nan nan nan nan nan
nan nan nan nan nan nan nan -2.140935299323764252e+00 -2.204289810571007369e+00 -2.173288880459463446e+00 -2.176809012855156045e+00 -2.366984912701293631e+00 -2.538448527025328971e+00 -2.644873665936623652e+00 -2.538428932620131917e+00 -2.430273537467563472e+00 -2.015562970016754551e+00 -1.924242425061247763e+00 -2.001003424998429203e+00 -2.012024472922004037e+00 -1.788752030537323678e+00 -1.081803973310807354e+00 1.657288023586581949e-01 nan nan nan nan nan
nan nan nan nan nan nan nan nan -2.510370513471867238e+00 -2.467988846562580108e+00 -2.322947362106431157e+00 -2.343234262246197908e+00 -2.526475398351633039e+00 -2.596624819115028071e+00 -2.523124622944874051e+00 -2.498182840271768512e+00 -1.967120643526206969e+00 -1.757579186045673758e+00 -1.830172927613398448e+00 -2.004340020330743322e+00 -2.237952909300163995e+00 -2.350984721577179304e+00 -1.551865359307318393e+00 3.601944236124161869e-02 nan -1.159164907009428758e+00 -2.153630393994438730e-01 nan
nan nan nan nan nan nan nan nan nan -2.624668506385952060e+00 -2.528145911867426765e+00 -2.385394721637780435e+00 -2.419531073832304369e+00 -2.452179774084727537e+00 -2.370360985319906355e+00 -2.230666175084682568e+00 -2.064895582527082940e+00 -1.666033415135047546e+00 -1.562101944794902941e+00 -1.709481994840071239e+00 -2.035774195551141474e+00 -2.519634163870012156e+00 -2.702135055104882611e+00 -2.192105417992402661e+00 nan -7.627551000863432851e-01 -5.247082652147253556e-01 nan
nan nan nan nan nan nan nan nan nan nan -2.720067711710168368e+00 -2.563614961188120933e+00 -2.392969589979750289e+00 -2.304671384950825797e+00 -2.163717756883927201e+00 -2.028703412688345864e+00 -1.858285423325590990e+00 -1.947187322402658127e+00 -1.668424669348047340e+00 -1.551803525567033937e+00 -1.617013401392212835e+00 -2.047701821590737659e+00 -2.538581810896019864e+00 -2.628684315785768444e+00 -2.098931324507042007e+00 -1.381777127952664497e+00 -9.377351979096574253e-01 nan
nan nan nan nan nan nan nan nan nan nan nan nan -2.555891352733725252e+00 -2.259301736583802622e+00 -1.911848103942345167e+00 -1.728102342058345453e+00 -1.543868602884424179e+00 -1.686364369549867792e+00 -1.797619011472462169e+00 -1.700113175902168150e+00 -1.471508186568417420e+00 -1.611506535639153803e+00 -2.025258037437041470e+00 -2.245249271602919983e+00 -1.933025704524497845e+00 -1.471177469855535103e+00 -1.016165926957762533e+00 nan
nan nan nan nan nan nan nan nan nan nan nan nan nan -2.274767987175428718e+00 -1.908867983217620967e+00 -1.510074159522385440e+00 -9.874684016211117132e-01 -9.723782679201145029e-01 -1.057043915903875364e+00 -1.428478536482640227e+00 -1.505512927543509072e+00 -1.455250720904929906e+00 -1.425402917319248175e+00 -1.640152964862594542e+00 -1.496497105212455159e+00 -1.092545328454932241e+00 -6.769022565087773335e-01 nan
nan nan nan nan nan nan nan nan nan nan nan nan nan nan nan -1.511446653897728476e+00 -9.340338528641717319e-01 -3.895462078469584810e-01 -2.837652300921206239e-01 -4.236256152269565756e-01 -1.138503695025418372e+00 -1.459651957476489237e+00 -1.089869654792078535e+00 -8.193834245201612188e-01 -8.388903527089613954e-01 -6.024239263296996549e-01 -3.231442723483902157e-01 nan
nan nan nan nan nan nan nan nan nan nan nan nan nan nan nan nan nan -3.921042642276955092e-01 -1.368250833653075760e-01 -2.460046895644160125e-01 -3.530969118644170512e-01 -7.520141672151195444e-02 4.901952504156829038e-01 -3.016341951564385782e-01 -9.718851347551850373e-02 -1.448052838290143397e-02 8.799210346339504663e-02 nan
nan nan nan nan nan nan nan nan nan nan nan nan nan nan nan nan nan nan nan nan -5.733737498182234216e-01 nan nan -3.163728254133020834e-01 3.447801154721238381e-01 4.816939461192371597e-01 nan nan
