nan nan nan -1.376793659150366222e+00 -1.759284323406471229e+00 -2.693286870579853165e+00 nan nan nan nan nan nan nan nan nan nan nan nan nan nan nan nan nan nan nan nan nan nan
nan nan -1.760672943531586876e+00 -1.345514988218125874e+00 -1.394244833856117527e+00 -2.016265930275750851e+00 -2.975458815683646119e+00 nan nan nan nan nan nan nan nan nan nan nan nan nan nan nan nan nan nan nan nan nan
nan nan -2.296134225735133150e+00 -1.840855543035848640e+00 -1.552642630721464689e+00 -1.483126971048912557e+00 -1.902142086565042245e+00 -3.360198238844071206e+00 nan nan nan nan nan nan nan nan nan nan nan nan nan nan nan nan nan nan nan nan
nan -2.806597211451127727e+00 -2.685488948935669473e+00 -2.332341791599067182e+00 -2.040669267778508988e+00 -1.725012332319465491e+00 -1.333556331272203188e+00 -1.748116017645307219e+00 -1.984767322982210702e+00 nan nan nan nan nan nan nan nan nan nan nan nan nan nan nan nan nan nan nan
-2.922878016880211316e+00 -3.068528098042963670e+00 -2.981504229011069373e+00 -2.750719191286095988e+00 -2.425888381178628705e+00 -2.054865301944103884e+00 -1.679570498324978400e+00 -1.559097383174093965e+00 -1.112718745753681127e+00 -1.475761375646479578e+00 nan nan nan nan nan nan nan nan nan nan nan nan nan nan nan nan nan nan
-3.193855821363128289e+00 -3.157712517123549834e+00 -3.163242449729276817e+00 -2.995740520897989256e+00 -2.768884318744537332e+00 -2.414729955661854444e+00 -2.029106628612653118e+00 -1.999494436613309167e+00 -1.752513329493469829e+00 nan nan nan nan nan nan nan nan nan nan nan nan nan nan nan nan nan nan nan
-3.427965601909318316e+00 -3.371531010945422846e+00 -3.320569511040785127e+00 -3.262410703676542845e+00 -3.134385535515922694e+00 -2.773951104440977922e+00 -2.331591317346139558e+00 -2.384604440604084719e+00 -1.782801576797663046e+00 nan nan nan nan nan nan nan nan nan nan nan nan nan nan nan nan nan nan nan
-3.704496294335267503e+00 -3.618394854142485517e+00 -3.539189633493404763e+00 -3.511778342984159362e+00 -3.485817847576401451e+00 -3.179717690141993458e+00 -2.664235779182339225e+00 -2.506653649842416343e+00 -1.900719829030223185e+00 nan nan nan nan nan nan nan nan nan nan nan nan nan nan nan nan nan nan nan
nan -3.814302604926882001e+00 -3.712220586476347783e+00 -3.711522812375830593e+00 -3.708753659428919658e+00 -3.531209426588764799e+00 -2.957722781157977376e+00 -2.681857584245623372e+00 -1.734803360996398869e+00 -1.215363074401170307e+00 nan nan nan nan nan nan nan nan nan nan nan nan nan nan nan nan nan nan
nan -3.849402431071266228e+00 -3.756807961475496782e+00 -3.812419883339217552e+00 -3.843442626862478839e+00 -3.759820801163165527e+00 -3.300247851919496878e+00 -2.810413911128111675e+00 -1.562231352960131936e+00 -9.385282173699488473e-01 nan nan nan nan nan nan nan nan nan nan nan nan nan nan nan nan nan nan
nan -4.049993005344227903e+00 -3.815928650145926415e+00 -3.735630915439112520e+00 -3.698959860357866614e+00 -3.694807219417374888e+00 -3.400444027722277163e+00 -3.097142892779595424e+00 -1.810056061741827982e+00 -1.068695711022440431e+00 nan nan nan nan nan nan nan nan nan nan nan nan nan nan nan nan nan nan
nan nan -4.021409873585870542e+00 -3.698556093588879268e+00 -3.162136758095211331e+00 -3.332216535555557968e+00 -3.295953493191008388e+00 -3.084270757489783410e+00 -2.226969587058752253e+00 -8.328759518425548070e-01 nan nan nan nan nan nan nan nan nan nan nan nan nan nan nan nan nan nan
nan nan -3.062280734794693871e+00 -3.175711042649229654e+00 -2.686113695343355534e+00 nan -2.946522540471547380e+00 -3.265212106642602308e+00 -2.514071201976693093e+00 -1.367261077629045252e+00 nan nan nan nan nan nan nan nan nan nan nan nan nan nan nan nan nan nan
nan nan nan nan nan nan -2.754096686247097914e+00 -3.548554568860732061e+00 -3.060658998652822760e+00 -1.292505152197571450e+00 nan nan -7.869750736309326644e-01 nan nan nan nan nan nan nan nan nan nan nan nan nan nan nan
nan nan nan nan nan -2.185058727298956338e+00 -3.370445338722224626e+00 -4.074179390830221514e+00 -3.807589232897587106e+00 -2.362191435063012435e+00 nan nan nan nan nan nan nan nan nan nan nan nan nan nan nan nan nan nan
nan nan nan nan nan -2.477819766347079788e+00 -3.849356101304598266e+00 -4.545718543939618606e+00 -4.361517852227000169e+00 -4.051124355919446529e+00 -2.493599886941507915e+00 nan nan nan nan nan nan nan nan nan nan nan nan nan nan nan nan nan
nan nan nan nan nan -3.730755477636176209e+00 -4.260867006308087568e+00 -4.921666162028894398e+00 -4.878110043900682591e+00 -4.334691800094959468e+00 -3.679102566940581465e+00 -2.879275078481044137e+00 nan -1.447307754113286604e+00 nan nan nan nan nan nan nan nan nan nan nan nan nan nan
nan nan nan nan nan -4.487257110234915913e+00 -4.770343114937175777e+00 -5.173091336388784711e+00 -5.114963394309681277e+00 -4.732116832402650353e+00 -4.374522629588413203e+00 -4.024321279818240171e+00 -3.482519227737675305e+00 -2.961437761791185785e+00 -1.875004315154036982e+00 nan nan nan nan nan nan nan nan nan nan nan nan nan
nan nan nan nan nan -4.952695792406109021e+00 -5.047844549813420123e+00 -5.320102825552237569e+00 -5.295983922497993213e+00 -5.182402884575596502e+00 -4.785405256149965147e+00 -4.511261386879957591e+00 -4.214438650790087060e+00 -3.449316135871911548e+00 -2.817708254300160586e+00 -2.291576267487163587e+00 -1.425428255384748599e+00 nan nan nan nan nan nan nan nan nan nan nan
nan nan nan nan nan nan -5.074869381009172287e+00 -5.337774659596970395e+00 -5.560015802417392017e+00 -5.515797751217926148e+00 -5.206318586674260729e+00 -4.949419120586497023e+00 -4.750117695975395016e+00 -4.392775426076704015e+00 -3.638962175609614658e+00 -3.029702483378360345e+00 -2.221316263034477156e+00 -1.800128026210640053e+00 nan nan nan nan nan nan nan nan nan nan
nan nan nan nan nan nan nan -5.055811749572835190e+00 -5.473588237877721419e+00 -5.663896431294421774e+00 -5.614158486861789754e+00 -5.248325514117900603e+00 -4.982540829913437719e+00 -4.815108971503718749e+00 -4.526043921757565869e+00 -3.838290117434607573e+00 -3.398135594740600673e+00 -3.374027885040471908e+00 -2.791407590433616193e+00 nan nan -2.983321129401852456e+00 nan nan nan nan nan nan
nan nan nan nan nan nan nan -5.110205717830893057e+00 -5.148129796157174809e+00 -5.452850658618722868e+00 -5.522137198003669312e+00 -5.355704480081578289e+00 -5.166275507656603594e+00 -4.997946780897485120e+00 -4.970895323426419488e+00 -4.679308387623414944e+00 -3.720753838274777792e+00 -3.213261357930346840e+00 -2.623842354439690272e+00 -2.199832160061478081e+00 -1.658287459895898985e+00 -1.294070935732228644e+00 -1.512911791864182565e+00 nan nan nan nan nan
nan nan nan nan nan nan nan nan -5.046783238037079400e+00 -5.400730049126104326e+00 -5.306823202909566994e+00 -5.204149485493885230e+00 -5.322390060955077828e+00 -5.287145411081978885e+00 -5.090338551155014102e+00 -4.938953203549790061e+00 -4.362138559410685623e+00 -3.460270656718113624e+00 -2.712810626001138647e+00 -2.229378501834887949e+00 -1.817163861814697690e+00 -1.399067383372676554e+00 -7.866962055621209426e-01 -1.098080505759430281e+00 nan -5.918335882005667514e-01 -1.539937004610675064e+00 nan
nan nan nan nan nan nan nan nan nan -5.301264668292397175e+00 -5.422558062839279103e+00 -5.033670791983345438e+00 -5.172002054177056607e+00 -5.411223063482691664e+00 -5.338601938148331172e+00 -5.033762732662554917e+00 -4.876710770704255182e+00 -3.988020035294858268e+00 -3.315042582639227131e+00 -2.884706402488730337e+00 -2.488027139545415878e+00 -2.351589974945157646e+00 -2.330486268817334672e+00 -2.497855526511738589e+00 nan -2.152934036413445273e+00 -3.216524108679655214e+00 nan
nan nan nan nan nan nan nan nan nan nan -5.527141068894036557e+00 -5.146262920174996758e+00 -5.004207346329474504e+00 -5.115013115669542643e+00 -5.247303397837704608e+00 -5.333262329747528341e+00 -5.320336198052486587e+00 -5.105282448685598773e+00 -4.316205033988206985e+00 -3.825434420054242945e+00 -3.393764077453490735e+00 -3.244166870789258805e+00 -3.444867336998434837e+00 -3.990158281987057354e+00 -3.934622232063397451e+00 -3.497950008023863244e+00 -3.373818927812721302e+00 nan
nan nan nan nan nan nan nan nan nan nan nan nan -4.988826739116590581e+00 -4.873985885387447148e+00 -4.780918645527088451e+00 -5.049776468345378966e+00 -5.669038214881015669e+00 -5.798368249165879895e+00 -5.573867732933921459e+00 -5.221285644428120598e+00 -4.721631003782277958e+00 -4.140098641503436205e+00 -3.994047499094511178e+00 -4.218473935467043745e+00 -4.030657906386336364e+00 -3.583344870705769569e+00 -3.498310423792249324e+00 nan
nan nan nan nan nan nan nan nan nan nan nan nan nan -4.874713734444061863e+00 -4.793073599132093854e+00 -4.849481452370419277e+00 -5.271317277403015922e+00 -5.725070710047401867e+00 -5.947394615505593229e+00 -5.981310917120647552e+00 -5.977585003410048614e+00 -5.455732589008380096e+00 -4.909591716520266047e+00 -4.431940104802003511e+00 -4.091384906408820576e+00 -3.917799194544548502e+00 -3.568628024021727185e+00 nan
nan nan nan nan nan nan nan nan nan nan nan nan nan nan nan -4.882985249844097098e+00 -5.101184105819292824e+00 -5.480623981767847930e+00 -5.790122656247175037e+00 -6.088967428857901432e+00 -6.251400526800635404e+00 -5.972095105645100155e+00 -5.845118708944206709e+00 -5.058677714132933545e+00 -4.405883423529470377e+00 -4.181400437805499415e+00 -3.892085947563921344e+00 nan
nan nan nan nan nan nan nan nan nan nan nan nan nan nan nan nan nan -5.183622738319382250e+00 -5.402163679093902715e+00 -5.556965627630460425e+00 -5.682421715501640769e+00 -5.597786014181243885e+00 -5.075048219894760848e+00 -5.413854006225659710e+00 -4.771274496790727682e+00 -4.313313117650917405e+00 -4.112452464820936626e+00 nan
nan nan nan nan nan nan nan nan nan nan nan nan nan nan nan nan nan nan nan nan -2.474722095962885948e+00 nan nan -5.046702186499879339e+00 -5.089624092222376106e+00 -4.694144982335295424e+00 nan nan
