nan nan nan -4.515148620577802419e+00 -5.634181892550232718e+00 -6.728192451578845379e+00 nan nan nan nan nan nan nan nan nan nan nan nan nan nan nan nan nan nan nan nan nan nan
nan nan -2.309000400397843489e+00 -3.488880241745446753e+00 -4.478266685258182278e+00 -5.309973872075964607e+00 -7.267056722151013837e+00 nan nan nan nan nan nan nan nan nan nan nan nan nan nan nan nan nan nan nan nan nan
nan nan -1.665490750161690237e+00 -2.618403622573619138e+00 -3.478349297120585160e+00 -4.226513164922486077e+00 -5.294574324163018986e+00 -8.694264890371220744e+00 nan nan nan nan nan nan nan nan nan nan nan nan nan nan nan nan nan nan nan nan
nan -5.129176419332658748e-02 -1.093019244453307559e+00 -1.892910334985720144e+00 -2.587258622520765439e+00 -3.289271960221951119e+00 -4.202038614918780723e+00 -5.897683028059518051e+00 -6.477144297517134497e+00 nan nan nan nan nan nan nan nan nan nan nan nan nan nan nan nan nan nan nan
1.362197007451933173e+00 3.940800974363176112e-01 -5.794988701625954919e-01 -1.338173118105644654e+00 -1.966309719272430145e+00 -2.584352310548051257e+00 -3.440000116631527938e+00 -4.917412397722738859e+00 -5.577794124781473961e+00 -2.040681554791166086e+00 nan nan nan nan nan nan nan nan nan nan nan nan nan nan nan nan nan nan
1.690248916803001267e+00 7.564057580017662374e-01 -1.522415891900043561e-01 -8.142844347105795411e-01 -1.436442682113061808e+00 -2.104609966993529646e+00 -3.037720525121184956e+00 -4.382144613299939095e+00 -5.405265231706520623e+00 nan nan nan nan nan nan nan nan nan nan nan nan nan nan nan nan nan nan nan
1.889492999902214088e+00 9.763844364200154891e-01 1.840242624482635037e-01 -3.896818534496508946e-01 -1.021377518565675935e+00 -1.674104213035374267e+00 -2.596892314508981947e+00 -4.059725645820246420e+00 -4.844990946590375991e+00 nan nan nan nan nan nan nan nan nan nan nan nan nan nan nan nan nan nan nan
2.070487839571870659e+00 1.249288949046936104e+00 4.564629130528771728e-01 -1.700724975250302307e-01 -7.143301265694925739e-01 -1.351576404142311505e+00 -2.065524014081706827e+00 -3.532930103080201611e+00 -4.690512923900535647e+00 nan nan nan nan nan nan nan nan nan nan nan nan nan nan nan nan nan nan nan
nan 1.421669923688542170e+00 5.789392716820345175e-01 -1.619673869562213986e-01 -6.466964944673359028e-01 -1.186018705296653541e+00 -1.506815095224332657e+00 -2.827088955717827368e+00 -3.966459887527464812e+00 -1.960695770531407200e+00 nan nan nan nan nan nan nan nan nan nan nan nan nan nan nan nan nan nan
nan 1.533794444750105956e+00 5.889601494762241041e-01 -3.226507489629794612e-01 -9.072877995183430411e-01 -1.205120305249231860e+00 -1.326559243859851911e+00 -1.991066919458776896e+00 -2.742441212958816710e+00 -1.879250572159393506e+00 nan nan nan nan nan nan nan nan nan nan nan nan nan nan nan nan nan nan
nan 1.502379218853888476e+00 6.004917346454441418e-01 -4.988340679094417363e-01 -1.465435911326075757e+00 -1.625607484607173081e+00 -1.699892513258746574e+00 -2.136362712118579310e+00 -2.625429071199950393e+00 -1.692506983943493193e+00 nan nan nan nan nan nan nan nan nan nan nan nan nan nan nan nan nan nan
nan nan 5.656223551531884830e-01 -6.590309643680287710e-01 -1.813303652795295928e+00 -2.275402349277133141e+00 -2.346436731856365920e+00 -2.708851741063510676e+00 -2.486313170649028681e+00 -6.573787475233492383e-01 nan nan nan nan nan nan nan nan nan nan nan nan nan nan nan nan nan nan
nan nan 7.345222179035060250e-01 -1.335267960487096728e+00 -2.269762798635943657e+00 nan -2.620108995339989200e+00 -2.832803587794602063e+00 -2.433092220644812453e+00 -5.994751485433759131e-01 nan nan nan nan nan nan nan nan nan nan nan nan nan nan nan nan nan nan
nan nan nan nan nan nan -2.068802787395572995e+00 -2.627981335720678047e+00 -2.333827260849998364e+00 -6.088771937403444356e-01 nan nan -8.964182285850633147e-02 nan nan nan nan nan nan nan nan nan nan nan nan nan nan nan
nan nan nan nan nan -2.969895931259393773e+00 -2.596798004651990510e+00 -2.824020045504231025e+00 -2.606262649526633890e+00 -1.087776199717071401e+00 nan nan nan nan nan nan nan nan nan nan nan nan nan nan nan nan nan nan
nan nan nan nan nan -2.629462506661667476e+00 -3.266378387198730859e+00 -3.510370222414322061e+00 -3.345462419011908217e+00 -2.516661737972127444e+00 -1.123618650163643595e+00 nan nan nan nan nan nan nan nan nan nan nan nan nan nan nan nan nan
nan nan nan nan nan -3.579087675329085450e+00 -4.009820349050024824e+00 -4.182295472513184897e+00 -4.219963370564598470e+00 -3.986066418493190433e+00 -3.420451046579791488e+00 -2.850649799661848505e+00 nan -8.084441880792093693e-01 nan nan nan nan nan nan nan nan nan nan nan nan nan nan
nan nan nan nan nan -4.209398692917860174e+00 -4.775137913357822228e+00 -4.850372843177594540e+00 -5.025790296402056434e+00 -4.897648780841411309e+00 -4.430519585574003827e+00 -3.688212868439676217e+00 -3.181691914264963117e+00 -2.385265608722086039e+00 -1.430030275662476924e-01 nan nan nan nan nan nan nan nan nan nan nan nan nan
nan nan nan nan nan -4.875528648280454291e+00 -5.258857206107195204e+00 -5.359532821665577096e+00 -5.429636844364581272e+00 -5.402513681838802206e+00 -5.017093322543548339e+00 -4.521262511109727988e+00 -3.944968085519850565e+00 -3.778037078794902026e+00 -3.394916251215492675e+00 -1.796038740631072272e+00 -5.754231396072795324e-01 nan nan nan nan nan nan nan nan nan nan nan
nan nan nan nan nan nan -5.321495235258539402e+00 -5.597610065365103083e+00 -5.823864562722548932e+00 -5.929202358666281647e+00 -5.703854651437881174e+00 -5.338918031879683390e+00 -4.862288984697255678e+00 -4.514772427471426042e+00 -4.357045678181662218e+00 -4.342181664165259747e+00 -3.336007374603538356e+00 -1.945852022904483780e+00 nan nan nan nan nan nan nan nan nan nan
nan nan nan nan nan nan nan -5.656632383635056271e+00 -6.072977495325137198e+00 -6.329043741029306780e+00 -6.276214678991103746e+00 -6.003773169526334996e+00 -5.586761333256575313e+00 -5.186083757745447720e+00 -4.920831337771752523e+00 -4.713687573360057392e+00 -4.457996015488668640e+00 -3.811449155763572350e+00 -2.897228202162114741e+00 nan nan -2.504394193827931825e-01 nan nan nan nan nan nan
nan nan nan nan nan nan nan -5.657209734176821492e+00 -6.104375031891554393e+00 -6.296270576900679039e+00 -6.363637218675832763e+00 -6.328086570080923678e+00 -6.088960609108707622e+00 -5.802625850054715428e+00 -5.700131983928435453e+00 -5.372304371090239172e+00 -5.098827205182180577e+00 -4.649392717098174366e+00 -3.882851437824346608e+00 -3.026381388032527209e+00 -2.092850542997811925e+00 -1.141441968344589775e+00 -4.895194370333543765e-01 nan nan nan nan nan
nan nan nan nan nan nan nan nan -5.379075926984804745e+00 -5.926346239302435315e+00 -6.274684494152246828e+00 -6.447033224647854333e+00 -6.348941716593270002e+00 -6.199357008437581307e+00 -6.236181161055831090e+00 -6.311340767528359486e+00 -5.829839574273957936e+00 -5.432383139679581419e+00 -4.956984513132639769e+00 -4.216512189471307792e+00 -3.635001176483957153e+00 -2.625682663705605879e+00 -1.202083343545393701e+00 -5.871596230821682916e-01 nan -6.442596750880940082e-01 -7.562594475116466430e-01 nan
nan nan nan nan nan nan nan nan nan -5.537086546746697202e+00 -6.009710448177004061e+00 -6.310807771500443586e+00 -6.422146236916675299e+00 -6.360868659412155957e+00 -6.417060056321475692e+00 -6.451480543383365074e+00 -6.582964572808348791e+00 -6.031314441578621732e+00 -5.834489739074053105e+00 -5.602352263682308653e+00 -5.048681709739120116e+00 -4.568794150700777656e+00 -3.931439629183785200e+00 -3.138690620253580921e+00 nan -1.208261703785378893e+00 -1.175469638589586863e+00 nan
nan nan nan nan nan nan nan nan nan nan -5.520436674110037245e+00 -5.979696963972215507e+00 -6.150031620582395497e+00 -6.295617514651824287e+00 -6.378008199047448201e+00 -6.387119652737580644e+00 -6.580969718996624529e+00 -7.092010047573984011e+00 -6.901416708032581226e+00 -6.609824982664556536e+00 -6.190817627839385828e+00 -5.778976566398958070e+00 -5.417081739287096909e+00 -4.671038396111500290e+00 -3.329134791764052359e+00 -2.273081182436909042e+00 -1.771420113679754049e+00 nan
nan nan nan nan nan nan nan nan nan nan nan nan -5.987967002686813700e+00 -6.053696637971061278e+00 -6.129060730775408139e+00 -6.379135168264379097e+00 -6.519701616861823368e+00 -6.887642597377920950e+00 -7.267077346317314834e+00 -7.580140466452923498e+00 -7.388353763217728520e+00 -6.422962474832962343e+00 -6.041006571512127721e+00 -5.491600316724919217e+00 -4.719260520521984859e+00 -3.759516855547694991e+00 -2.925410688099674861e+00 nan
nan nan nan nan nan nan nan nan nan nan nan nan nan -6.008629904688318923e+00 -6.099729057174645419e+00 -6.320563264838007456e+00 -6.401027956041794198e+00 -6.649820587001433303e+00 -6.989572998671676807e+00 -7.324649726207475453e+00 -7.818081024607865359e+00 -7.254300725942258943e+00 -6.318032506101145529e+00 -5.749089154435485405e+00 -5.054237331412071654e+00 -4.278041015129641522e+00 -3.572866067859711503e+00 nan
nan nan nan nan nan nan nan nan nan nan nan nan nan nan nan -6.116785542394665320e+00 -6.138667304422354754e+00 -6.163049094546206419e+00 -6.293974897639701638e+00 -6.472937323194424053e+00 -7.127458864081017254e+00 -7.687222897349216488e+00 -6.288755318198445465e+00 -5.330653803627228626e+00 -4.734377712207293420e+00 -4.275337260392113592e+00 -3.811137932085026936e+00 nan
nan nan nan nan nan nan nan nan nan nan nan nan nan nan nan nan nan -5.285995262497905856e+00 -5.104448102836117940e+00 -5.065587309303409391e+00 -4.849598633834254713e+00 -5.900993260385677175e+00 -4.575953817118031175e+00 -4.315277068095866753e+00 -4.129987106099754612e+00 -4.025008971136196934e+00 -3.700997495781027880e+00 nan
nan nan nan nan nan nan nan nan nan nan nan nan nan nan nan nan nan nan nan nan -2.780747480699066632e+00 nan nan -3.026335954059750755e+00 -3.692665678541135588e+00 -3.630981112444071623e+00 nan nan
