nan nan nan 3.130681879722346128e+00 2.571016745389833158e+00 9.647120050466542196e-01 nan nan nan nan nan nan nan nan nan nan nan nan nan nan nan nan nan nan nan nan nan nan
nan nan 3.241912274751360012e+00 3.006938051446906623e+00 2.384979240822424629e+00 1.314242111397973201e+00 -1.253494398203371940e+00 nan nan nan nan nan nan nan nan nan nan nan nan nan nan nan nan nan nan nan nan nan
nan nan 3.479536799504341360e+00 2.955462140784606007e+00 2.276337691280851949e+00 1.245285094418520755e+00 -6.806980782436287125e-01 -4.206753062298829171e+00 nan nan nan nan nan nan nan nan nan nan nan nan nan nan nan nan nan nan nan nan
nan 3.663855993265141109e+00 3.631603952227029808e+00 2.949454019297840457e+00 2.249309274929816915e+00 1.152286068605135494e+00 -6.908868127360193734e-01 -2.795378620101018896e+00 -5.056900430708689775e+00 nan nan nan nan nan nan nan nan nan nan nan nan nan nan nan nan nan nan nan
3.415658276948994043e+00 3.512319482577669572e+00 3.515966300602479055e+00 2.886361113040192716e+00 2.133171915060799506e+00 1.036924953777055514e+00 -5.650198827621748521e-01 -2.524030584191256033e+00 -4.754186560233856440e+00 -4.913863655997221969e+00 nan nan nan nan nan nan nan nan nan nan nan nan nan nan nan nan nan nan
3.347899206460649424e+00 3.451469508615073067e+00 3.411123268248440255e+00 2.731241566583185953e+00 2.229842362973879499e+00 1.044067155641335232e+00 -5.882711759689233100e-01 -2.426073094942803099e+00 -4.964249992470302075e+00 nan nan nan nan nan nan nan nan nan nan nan nan nan nan nan nan nan nan nan
3.664501951159493842e+00 3.558754981561724762e+00 3.304091968145427050e+00 2.726259805520625523e+00 2.272127704820254834e+00 1.111597099191778959e+00 -6.591182965946601469e-01 -2.508375234210177940e+00 -5.110715036938600520e+00 nan nan nan nan nan nan nan nan nan nan nan nan nan nan nan nan nan nan nan
4.075229228849569729e+00 3.549119462268641723e+00 3.153885116689214119e+00 2.769036845662408819e+00 2.353574241842692594e+00 1.361139449320820427e+00 -4.796259624412433364e-01 -2.707171977790700623e+00 -5.155713703622609501e+00 nan nan nan nan nan nan nan nan nan nan nan nan nan nan nan nan nan nan nan
nan 3.753485881413240133e+00 3.276899541500782220e+00 2.950002770481249925e+00 2.561204729048280893e+00 1.729559195689652329e+00 -1.391517166273754380e-01 -2.738140246306200343e+00 -4.389776316635392917e+00 -5.577255644587982175e+00 nan nan nan nan nan nan nan nan nan nan nan nan nan nan nan nan nan nan
nan 4.230196173289422212e+00 3.629892274240405836e+00 3.129010165979083880e+00 2.748465258249472409e+00 1.959823297868380720e+00 -7.307695702176539299e-02 -2.562519866466431040e+00 -3.509349675840116589e+00 -4.607092026167603827e+00 nan nan nan nan nan nan nan nan nan nan nan nan nan nan nan nan nan nan
nan 4.239529517898213307e+00 3.603044180323465628e+00 3.199364642960230487e+00 2.805571840851618148e+00 2.175199339871143334e+00 2.479556653487582640e-01 -2.426432275777268277e+00 -3.100518311187511866e+00 -3.259204598634628969e+00 nan nan nan nan nan nan nan nan nan nan nan nan nan nan nan nan nan nan
nan nan 3.368752141156947655e+00 2.954952098277780603e+00 2.666577674514962304e+00 2.200769920895673248e+00 5.761248532643897802e-01 -2.232388309756526024e+00 -3.635365179966577820e+00 -3.668640285090043474e+00 nan nan nan nan nan nan nan nan nan nan nan nan nan nan nan nan nan nan
nan nan 2.298609143769298147e+00 2.300883632998534711e+00 2.062522130886322191e+00 nan 8.187999927630040808e-01 -2.299930003187527827e+00 -4.348365607600758409e+00 -5.277206685389365326e+00 nan nan nan nan nan nan nan nan nan nan nan nan nan nan nan nan nan nan
nan nan nan nan nan nan 8.410011754885822199e-01 -1.895611678774313580e+00 -4.837445152747590349e+00 -6.464166336414860936e+00 nan nan -3.048517431218114915e+00 nan nan nan nan nan nan nan nan nan nan nan nan nan nan nan
nan nan nan nan nan 2.361890584198620413e+00 4.908211190674638402e-01 -1.709903277334255289e+00 -4.988494043850123738e+00 -7.427777383331759076e+00 nan nan nan nan nan nan nan nan nan nan nan nan nan nan nan nan nan nan
nan nan nan nan nan 1.624353561093586862e+00 -3.539438244927087945e-02 -1.520170149030091400e+00 -3.964711156238991840e+00 -8.088886025004169866e+00 -6.698333060831509478e+00 nan nan nan nan nan nan nan nan nan nan nan nan nan nan nan nan nan
nan nan nan nan nan 9.281873347560475329e-01 -1.763719164271682904e-01 -1.322317169818493898e+00 -2.629443282910557844e+00 -5.279553963968706576e+00 -7.434174407059355616e+00 -7.295019298194358903e+00 nan -3.965542920752047173e+00 nan nan nan nan nan nan nan nan nan nan nan nan nan nan
nan nan nan nan nan 8.861563864218017228e-01 -1.222945000256710490e-01 -9.828035172820769327e-01 -1.978942025873295485e+00 -3.639431217819922182e+00 -5.130067987007328689e+00 -6.307515027248500772e+00 -7.150531186018543650e+00 -7.879988019291525703e+00 -4.433187460369786059e+00 nan nan nan nan nan nan nan nan nan nan nan nan nan
nan nan nan nan nan 8.747026868561268431e-01 3.360922692108030407e-01 -5.492035765556194660e-01 -1.494175065734834273e+00 -2.661678676877977878e+00 -4.015137408719652079e+00 -5.317648803500372168e+00 -5.940854994638282704e+00 -7.011526530558168879e+00 -8.841840425655259850e+00 -6.043556860815848530e+00 -3.371158351333259695e+00 nan nan nan nan nan nan nan nan nan nan nan
nan nan nan nan nan nan 6.953973341461869850e-01 8.108799672164074268e-02 -9.127027332709920504e-01 -1.914590633583981738e+00 -3.122434671054551636e+00 -4.080718396129660697e+00 -4.628317945871556205e+00 -5.467819086091741276e+00 -7.157240159796742773e+00 -9.215753853409200502e+00 -7.363011067831208400e+00 -4.426764565974593779e+00 nan nan nan nan nan nan nan nan nan nan
nan nan nan nan nan nan nan 7.671595805458559791e-01 -2.454442075649487798e-03 -9.456569506780471146e-01 -2.170633650182078878e+00 -2.908560351940074451e+00 -3.133322922996535809e+00 -3.475753867883269788e+00 -3.979726074050013995e+00 -5.023721831600719057e+00 -6.194946663334544468e+00 -6.017953533480615569e+00 -4.636743464589574870e+00 nan nan -2.758354128298917018e+00 nan nan nan nan nan nan
nan nan nan nan nan nan nan 1.053174797590639811e+00 6.924419937267424219e-01 8.256180167711776874e-02 -1.191514338075046142e+00 -1.820676086868589616e+00 -1.952532501494139927e+00 -2.095819067139472747e+00 -2.371295283590133085e+00 -2.685467595442678324e+00 -3.343557436563760810e+00 -4.283728478235209636e+00 -4.510309029987302765e+00 -4.126804352428226963e+00 -3.534692621394284195e+00 -2.989238991851675298e+00 -2.013962272616702798e+00 nan nan nan nan nan
nan nan nan nan nan nan nan nan 1.086341890078752481e+00 6.908089653634306160e-01 -2.980110446886897746e-01 -7.497261917369733020e-01 -8.726833216766102241e-01 -9.594201435991102089e-01 -1.266132711297793811e+00 -1.419788024227691903e+00 -1.756217906776105231e+00 -2.137978375829597599e+00 -2.734294687433088455e+00 -3.269014343107496945e+00 -3.244573337530364476e+00 -3.293317401873938621e+00 -3.043202170474365253e+00 -1.861354033645558514e+00 nan -1.487220489328451578e-01 -7.556681310745094748e-01 nan
nan nan nan nan nan nan nan nan nan 1.120370946812599744e+00 3.336101510500811829e-01 -5.822825634705441206e-02 -1.917086953631617074e-01 -6.247929126259302995e-02 -2.695749501906829493e-01 -3.890363964729747215e-01 -3.932291244810603992e-01 -7.020833574271414523e-01 -8.616805024829278237e-01 -1.403196542992973805e+00 -2.067847963707545755e+00 -2.576694094739814034e+00 -3.066199994393696393e+00 -3.511269244794548161e+00 nan -6.236487639360683843e-01 -8.625785846461889728e-01 nan
nan nan nan nan nan nan nan nan nan nan 1.323217800220416462e+00 8.880652021039883159e-01 5.491741758379652394e-01 3.724091094218791032e-01 3.734534607374173087e-01 3.431906624436603104e-01 3.982295435792834737e-01 6.242993023673063524e-01 5.702804008720065987e-01 4.304524782752614520e-01 -8.643266637831173993e-01 -1.843867103588672007e+00 -2.277044312154459238e+00 -2.687262392007790712e+00 -2.416180087255602960e+00 -1.215491876375823788e+00 -8.315410205930084953e-01 nan
nan nan nan nan nan nan nan nan nan nan nan nan 1.320469958265017452e+00 8.492385995334728044e-01 7.220858117551245403e-01 7.664895256425252601e-01 7.676887940106958963e-01 1.186309030401550446e+00 1.509673948099688578e+00 1.692894944826006220e+00 1.108958727006843503e+00 -9.072574393769214929e-01 -1.388674042160783051e+00 -1.633810205697353357e+00 -1.414163256452397599e+00 -9.323035822827974162e-01 -7.931605627665224700e-01 nan
nan nan nan nan nan nan nan nan nan nan nan nan nan 1.356151298891928425e+00 1.075420038859496996e+00 1.117478131348812465e+00 1.145203527388636733e+00 1.353528424771214711e+00 1.692648453419325350e+00 2.060680572579595360e+00 2.215247372837495732e+00 1.327343315934974566e+00 1.814418145615923905e-01 -8.822777471571152663e-01 -8.785183993291566518e-01 -4.637520712949655399e-01 -6.653820658369605789e-01 nan
nan nan nan nan nan nan nan nan nan nan nan nan nan nan nan 1.346197573826262595e+00 1.296423761944067721e+00 1.431433121405469855e+00 1.694750707785710686e+00 2.270785221438130996e+00 2.742967497454734449e+00 2.341928271335802503e+00 1.573984527154048685e+00 -1.435004495399149205e-01 -5.018643141911784955e-01 -2.253861945331243621e-01 -3.468088175172606702e-01 nan
nan nan nan nan nan nan nan nan nan nan nan nan nan nan nan nan nan 1.408590916662774140e+00 1.593485902235779905e+00 1.898724501234762885e+00 2.318464746984737257e+00 2.112324935650276014e+00 1.844520024818335768e+00 7.413807035046598992e-01 -5.752664366516178213e-02 -2.154821738429132938e-01 -1.932044648811885590e-01 nan
nan nan nan nan nan nan nan nan nan nan nan nan nan nan nan nan nan nan nan nan 2.032936340070479742e-01 nan nan 1.059587795344155703e+00 4.707924159294130662e-01 -1.789778500293061902e-01 nan nan
