nan nan nan -1.062006990845674181e+00 -2.024732598152318541e+00 -3.149326212217236520e+00 nan nan nan nan nan nan nan nan nan nan nan nan nan nan nan nan nan nan nan nan nan nan
nan nan -4.680269187084555860e-01 -9.520715307715549303e-01 -2.227925614055429993e+00 -3.729723391674979016e+00 -4.793367785275026272e+00 nan nan nan nan nan nan nan nan nan nan nan nan nan nan nan nan nan nan nan nan nan
nan nan -4.582822586116544472e-01 -1.301554438218235354e+00 -2.599367425859345548e+00 -4.477317144600908350e+00 -6.054104143684826411e+00 -6.691545571721775332e+00 nan nan nan nan nan nan nan nan nan nan nan nan nan nan nan nan nan nan nan nan
nan -4.893410748854724046e-01 -6.425301693152344340e-01 -1.368124606238683372e+00 -2.742738436196427987e+00 -4.334947333661122393e+00 -6.042455987092572478e+00 -7.335273556121729044e+00 -8.061610701463019169e+00 nan nan nan nan nan nan nan nan nan nan nan nan nan nan nan nan nan nan nan
-3.149764049513424924e-01 -4.532865901021417843e-01 -6.958699013545608381e-01 -1.406805280175944972e+00 -2.632905845184022375e+00 -3.929276931462371447e+00 -5.221531897980940862e+00 -6.511544446009175147e+00 -6.771189858962580743e+00 -7.004300331926780920e+00 nan nan nan nan nan nan nan nan nan nan nan nan nan nan nan nan nan nan
-2.016791269691918867e-02 -3.963696392230787180e-01 -7.873321789268827864e-01 -1.284482390119846551e+00 -2.250304254903872980e+00 -3.397240370368296958e+00 -4.511167913782131222e+00 -5.209778676985050261e+00 -6.214367198237498613e+00 nan nan nan nan nan nan nan nan nan nan nan nan nan nan nan nan nan nan nan
1.259507043905482016e-01 -3.319701832799750729e-01 -7.710687535641123080e-01 -1.192433296866724168e+00 -1.972424296376249719e+00 -2.985442873271543451e+00 -4.205350680624692750e+00 -5.194882625769925433e+00 -5.139280119179574946e+00 nan nan nan nan nan nan nan nan nan nan nan nan nan nan nan nan nan nan nan
1.781489196544935594e-01 -2.904268188040528553e-01 -5.314767789030828693e-01 -9.888787848238310696e-01 -1.765445452668638282e+00 -3.138984197882359606e+00 -4.460277705538514326e+00 -6.029430073414306257e+00 -5.672532840305771096e+00 nan nan nan nan nan nan nan nan nan nan nan nan nan nan nan nan nan nan nan
nan -3.243158255054366945e-01 -5.735730104945346852e-01 -8.923728699662953900e-01 -1.665215737596634327e+00 -3.054507016526723184e+00 -4.544796725718436292e+00 -6.227895981219300658e+00 -6.218876696857890352e+00 -4.991681333780844554e+00 nan nan nan nan nan nan nan nan nan nan nan nan nan nan nan nan nan nan
nan -2.867108838973634888e-01 -8.232848001417134576e-01 -1.183343900745428723e+00 -1.490339707524001023e+00 -2.490780556962306935e+00 -4.232220267919572620e+00 -5.549129345974065153e+00 -5.514609147980769954e+00 -5.335909619521722824e+00 nan nan nan nan nan nan nan nan nan nan nan nan nan nan nan nan nan nan
nan 2.572381703132449182e-01 -6.778512536952860934e-01 -1.100730556276114935e+00 -1.285701851356173986e+00 -2.237186658191178790e+00 -4.144149716887143953e+00 -5.810441325110313748e+00 -4.433964721136244513e+00 -3.550895785605201915e+00 nan nan nan nan nan nan nan nan nan nan nan nan nan nan nan nan nan nan
nan nan 1.277374667414739318e-01 -7.672296417365209731e-01 -8.565743404470890221e-01 -2.208780328570658646e+00 -4.333051981034031996e+00 -6.599497591876508196e+00 -5.493786032282870657e+00 -3.042070882889452044e+00 nan nan nan nan nan nan nan nan nan nan nan nan nan nan nan nan nan nan
nan nan 1.264148631693847280e+00 2.195693866566293673e-01 -2.088726755854144745e-01 nan -4.172114954015369470e+00 -7.226625684082679690e+00 -7.419479249904706641e+00 -3.843467214171134572e+00 nan nan nan nan nan nan nan nan nan nan nan nan nan nan nan nan nan nan
nan nan nan nan nan nan -4.661344714079914908e+00 -7.556959441707066460e+00 -8.913710358654530097e+00 -6.107185655059646834e+00 nan nan -1.882006996837858104e+00 nan nan nan nan nan nan nan nan nan nan nan nan nan nan nan
nan nan nan nan nan -1.222315391521632488e+00 -4.995408708304275969e+00 -8.044981889059359403e+00 -9.994854486216487643e+00 -8.783071326270304624e+00 nan nan nan nan nan nan nan nan nan nan nan nan nan nan nan nan nan nan
nan nan nan nan nan -1.709765405753274292e+00 -4.989622796044141495e+00 -8.102595649189085592e+00 -1.046018195561772046e+01 -1.171971997831115608e+01 -7.911924176311310397e+00 nan nan nan nan nan nan nan nan nan nan nan nan nan nan nan nan nan
nan nan nan nan nan -2.501273786972515456e+00 -4.770924011927025532e+00 -7.466297172630077306e+00 -9.597904988007416094e+00 -1.125703974374167515e+01 -1.151149227103078410e+01 -9.390887423875545537e+00 nan -4.470369739925946106e+00 nan nan nan nan nan nan nan nan nan nan nan nan nan nan
nan nan nan nan nan -1.877148005975218803e+00 -3.928170744145069726e+00 -6.115802332155743315e+00 -8.003457643113451425e+00 -9.471187001567745511e+00 -1.045471702173098905e+01 -1.143381402523840507e+01 -1.177413618662113493e+01 -1.072480895794231159e+01 -5.662802543423214097e+00 nan nan nan nan nan nan nan nan nan nan nan nan nan
nan nan nan nan nan -9.722823807872160717e-01 -2.626345766496011702e+00 -4.544616778343722352e+00 -6.083345695540945286e+00 -7.653288593175952670e+00 -8.394641350588418760e+00 -9.519697613504247258e+00 -1.166158737442235349e+01 -1.339815643237136911e+01 -1.400938748911521081e+01 -9.855684634501205466e+00 -5.065297273626973684e+00 nan nan nan nan nan nan nan nan nan nan nan
nan nan nan nan nan nan -1.643040283452553041e+00 -3.357143335501389547e+00 -4.479331280802129278e+00 -5.781656305959153919e+00 -6.644671762627080369e+00 -7.061649627625784298e+00 -8.505401097791718712e+00 -1.166003710638829460e+01 -1.446515290299116430e+01 -1.601189285828331421e+01 -1.438854717660340654e+01 -9.833318923603616923e+00 nan nan nan nan nan nan nan nan nan nan
nan nan nan nan nan nan nan -2.017503978714116464e+00 -3.281912684558491389e+00 -4.353701228163779469e+00 -5.236661621359077756e+00 -5.430973002642039305e+00 -5.565161238066020033e+00 -6.851409595055034885e+00 -9.892361073068725474e+00 -1.139421134472946662e+01 -1.210074669481620901e+01 -1.214090967462533754e+01 -1.151970279571273714e+01 nan nan -5.894316537780579068e+00 nan nan nan nan nan nan
nan nan nan nan nan nan nan -2.801491597939795297e-01 -1.988874105851888618e+00 -3.353140716170195379e+00 -4.284325657342975546e+00 -4.468020824089035337e+00 -4.312333944267929375e+00 -4.358165330404144555e+00 -5.146712067653750999e+00 -7.277183843321870071e+00 -8.404983402470502796e+00 -9.069853650255645050e+00 -9.316855961680122533e+00 -9.137990266845804399e+00 -9.077295941378427102e+00 -8.625884316147960362e+00 -4.986122873545427936e+00 nan nan nan nan nan
nan nan nan nan nan nan nan nan -2.227366191284694263e-01 -2.139867544165282798e+00 -3.438238954290367744e+00 -3.708070370224862078e+00 -3.556883281308218514e+00 -3.522923799191054250e+00 -3.792346939261221905e+00 -4.318860417163715049e+00 -5.734850305216729893e+00 -7.010684934548323533e+00 -7.479321429563353441e+00 -7.850095157852821970e+00 -7.792068236391460623e+00 -7.833297610851866821e+00 -7.754348998289777306e+00 -4.678133314278946742e+00 nan -1.783427648825794964e+00 -3.085424494613773216e+00 nan
nan nan nan nan nan nan nan nan nan -4.145620333522794798e-01 -2.428426632749749903e+00 -2.735008386355426424e+00 -2.615210132478933858e+00 -2.675937562505463774e+00 -2.945466204366926632e+00 -2.928782641189033864e+00 -3.150483975255835123e+00 -4.736114601446984373e+00 -5.926783973918500870e+00 -6.718559462602955890e+00 -7.106313497708265814e+00 -7.389064200408480332e+00 -7.418049984584420997e+00 -7.374854871975278670e+00 nan -2.738322911276795946e+00 -3.131632393256006175e+00 nan
nan nan nan nan nan nan nan nan nan nan -9.162780500277993845e-01 -1.897052044641501345e+00 -1.814147914156716057e+00 -1.964058235611851000e+00 -2.105409596139128592e+00 -2.001256931960336605e+00 -1.916224921422652550e+00 -2.886168398526403944e+00 -4.444782118961080997e+00 -5.557405917608636337e+00 -6.235337447402324429e+00 -6.894795518604428075e+00 -7.219216858262517356e+00 -6.790801077483594739e+00 -5.899000201806687826e+00 -4.360076598476852361e+00 -3.627122444587764782e+00 nan
nan nan nan nan nan nan nan nan nan nan nan nan -1.328253802286345264e+00 -1.351470742046972484e+00 -1.486562195826246047e+00 -1.379379749075730466e+00 -1.415296060384628074e+00 -2.050273910770759045e+00 -3.024466221267965604e+00 -4.358974259547745866e+00 -5.307951903836346297e+00 -5.923490847421597039e+00 -6.656705922244911200e+00 -6.048664448400273841e+00 -5.259600301395124688e+00 -4.566025569377913484e+00 -4.146874163138082992e+00 nan
nan nan nan nan nan nan nan nan nan nan nan nan nan -8.134430745783134409e-01 -1.044344693941073432e+00 -1.077739588262700110e+00 -1.147481732710314839e+00 -1.683597725581784443e+00 -2.462070062099674050e+00 -3.456229374565868984e+00 -4.597208033151447104e+00 -5.324195265627122531e+00 -6.007658478527004853e+00 -5.914083334902833222e+00 -5.266775926627423665e+00 -4.879386261843092321e+00 -4.714034315659912266e+00 nan
nan nan nan nan nan nan nan nan nan nan nan nan nan nan nan -1.022418683689951369e+00 -9.884546527435813523e-01 -1.173264595784370812e+00 -2.037947750887109777e+00 -3.076948001978534908e+00 -3.833434758929269659e+00 -5.234266688249580746e+00 -6.000034103305690536e+00 -5.734804929670306528e+00 -5.349446521278507838e+00 -5.102944867726277423e+00 -5.141584409413124668e+00 nan
nan nan nan nan nan nan nan nan nan nan nan nan nan nan nan nan nan -1.033191923637429843e+00 -1.620084469343239908e+00 -2.607576342262677649e+00 -2.842886538013722930e+00 -4.745948003297516316e+00 -5.289654167292032305e+00 -5.290978264513072737e+00 -5.326711091679156240e+00 -5.155350753093592253e+00 -5.313178830703138011e+00 nan
nan nan nan nan nan nan nan nan nan nan nan nan nan nan nan nan nan nan nan nan -2.566696759681946549e+00 nan nan -4.498593259340910144e+00 -5.261097736095643462e+00 -5.258626493568356430e+00 nan nan
