nan nan nan -1.185427606251696631e+00 -2.065458207505818322e+00 -3.069273270526362563e+00 nan nan nan nan nan nan nan nan nan nan nan nan nan nan nan nan nan nan nan nan nan nan
nan nan -1.045269085514688001e+00 -1.679503329695104075e+00 -2.500423644433606096e+00 -3.178216738619882964e+00 -4.327475909430416934e+00 nan nan nan nan nan nan nan nan nan nan nan nan nan nan nan nan nan nan nan nan nan
nan nan -1.727276788994589252e+00 -2.325353356829254814e+00 -3.011210593889452447e+00 -3.701547514710092468e+00 -4.397465376938638038e+00 -5.827725907391661408e+00 nan nan nan nan nan nan nan nan nan nan nan nan nan nan nan nan nan nan nan nan
nan -1.744215836521050944e+00 -2.265813423701396268e+00 -2.797331247060434123e+00 -3.304254864414903903e+00 -3.944912005587638326e+00 -4.754809300499521107e+00 -5.657642899357168353e+00 -5.288213583375069859e+00 nan nan nan nan nan nan nan nan nan nan nan nan nan nan nan nan nan nan nan
-1.597190545278496687e+00 -2.007201917681989300e+00 -2.531475591715839357e+00 -3.013530467572202554e+00 -3.401288993395093829e+00 -3.979667419823542218e+00 -4.704409128802898188e+00 -5.365776584380025582e+00 -4.914669821710756281e+00 -3.594209765113262733e+00 nan nan nan nan nan nan nan nan nan nan nan nan nan nan nan nan nan nan
-1.724619388575567847e+00 -2.093623273187824818e+00 -2.521221508493716623e+00 -2.885488693840695174e+00 -3.386283664748720668e+00 -3.969099619366498022e+00 -4.471906382199490437e+00 -4.980048539333192359e+00 -4.673099454849956480e+00 nan nan nan nan nan nan nan nan nan nan nan nan nan nan nan nan nan nan nan
-1.757031894845467290e+00 -2.118016588201499850e+00 -2.431941455926666329e+00 -2.670592947778176018e+00 -3.090080918049606051e+00 -3.794808144785307924e+00 -4.190254632186478645e+00 -4.751225114094710378e+00 -4.221706610398005211e+00 nan nan nan nan nan nan nan nan nan nan nan nan nan nan nan nan nan nan nan
-1.654448290998562276e+00 -2.138123924603898995e+00 -2.346751269957632946e+00 -2.437823524420949184e+00 -2.884260746922105323e+00 -3.607000107221941754e+00 -3.959881140509996733e+00 -4.805775131828156077e+00 -4.217412937750741442e+00 nan nan nan nan nan nan nan nan nan nan nan nan nan nan nan nan nan nan nan
nan -2.046813509449682655e+00 -2.161898300250681970e+00 -2.211359943073629708e+00 -2.737762956342073561e+00 -3.381446745465689130e+00 -3.762498018078114015e+00 -4.583451035993537204e+00 -4.092899662881032796e+00 -2.200734947299470612e+00 nan nan nan nan nan nan nan nan nan nan nan nan nan nan nan nan nan nan
nan -1.631414427126910427e+00 -1.898930786100719637e+00 -1.944763028379137282e+00 -2.308285921043740530e+00 -2.932154401571189783e+00 -3.755539996808805014e+00 -4.153401003731294061e+00 -3.422826431422349991e+00 -1.820915938110823751e+00 nan nan nan nan nan nan nan nan nan nan nan nan nan nan nan nan nan nan
nan -8.852665558699340798e-01 -1.439291297106312095e+00 -1.694829735460392506e+00 -1.993011349558370116e+00 -2.697585806847467627e+00 -3.861059155492708506e+00 -4.276156616661888954e+00 -3.308885622293618045e+00 -1.473486559053812428e+00 nan nan nan nan nan nan nan nan nan nan nan nan nan nan nan nan nan nan
nan nan -9.687257230390720064e-01 -1.616128345725722060e+00 -1.644293535720555255e+00 -2.524588041093082769e+00 -3.969075539462640023e+00 -4.357716788515224593e+00 -3.533231624721466346e+00 -1.419055481567361721e+00 nan nan nan nan nan nan nan nan nan nan nan nan nan nan nan nan nan nan
nan nan -5.804400671855246552e-01 -1.217026533276187594e+00 -1.356069785220787249e+00 nan -3.680020882654557735e+00 -4.802299141413177708e+00 -4.052200185207415650e+00 -1.910227600872856257e+00 nan nan nan nan nan nan nan nan nan nan nan nan nan nan nan nan nan nan
nan nan nan nan nan nan -3.484372681468249855e+00 -5.192559152236735365e+00 -5.091173393500106670e+00 -2.668550111505825662e+00 nan nan -7.379251279802886421e-01 nan nan nan nan nan nan nan nan nan nan nan nan nan nan nan
nan nan nan nan nan -1.503676239367654821e+00 -3.989562219782183838e+00 -5.520977926101203970e+00 -6.144631148684010391e+00 -4.591877768301250384e+00 nan nan nan nan nan nan nan nan nan nan nan nan nan nan nan nan nan nan
nan nan nan nan nan -1.716693197278032601e+00 -3.913111520440320401e+00 -5.689968942672877006e+00 -6.561575585935827348e+00 -6.640652459810850061e+00 -3.527484359824355042e+00 nan nan nan nan nan nan nan nan nan nan nan nan nan nan nan nan nan
nan nan nan nan nan -2.325410644625051759e+00 -3.609810916457523611e+00 -5.591930128168628222e+00 -6.470995860229852958e+00 -6.617863936038790307e+00 -5.656860690073029829e+00 -4.179752850275975540e+00 nan -2.008021845646593029e+00 nan nan nan nan nan nan nan nan nan nan nan nan nan nan
nan nan nan nan nan -2.230298858516992500e+00 -3.131082162121208157e+00 -4.805672578770071368e+00 -6.176224388513135821e+00 -6.552129764481691154e+00 -6.376153838623675796e+00 -5.467905178801235166e+00 -4.661127246410919689e+00 -3.124245056544889820e+00 -1.554663092381407319e+00 nan nan nan nan nan nan nan nan nan nan nan nan nan
nan nan nan nan nan -2.072066485136796476e+00 -2.883302559137177035e+00 -4.030185707540147710e+00 -5.205649023062780323e+00 -6.388888748532989048e+00 -6.787150088305776485e+00 -6.784763367164625691e+00 -5.992817275427344548e+00 -5.103578406976308379e+00 -3.505772115686593082e+00 -2.461120785956221635e+00 -1.531684745096746347e+00 nan nan nan nan nan nan nan nan nan nan nan
nan nan nan nan nan nan -2.761596777977930905e+00 -3.650874884178409996e+00 -4.531823707404282864e+00 -5.723840400207630630e+00 -6.784867928207630072e+00 -6.994453789295513424e+00 -6.832903960964541668e+00 -6.432614314983685411e+00 -5.552824389507430958e+00 -4.828294855621789949e+00 -3.851793839603955050e+00 -3.252873006845682369e+00 nan nan nan nan nan nan nan nan nan nan
nan nan nan nan nan nan nan -3.332296001679853958e+00 -4.090615996690562639e+00 -5.151101539519515882e+00 -6.554349400019913396e+00 -7.080746607099460022e+00 -7.225738584153088340e+00 -6.922663551916933500e+00 -6.425128235158970469e+00 -5.943456585918486468e+00 -5.390287612459316868e+00 -4.797806772605976100e+00 -3.828201718701876199e+00 nan nan -3.947177964503999270e+00 nan nan nan nan nan nan
nan nan nan nan nan nan nan -3.261511872395126410e+00 -3.856454888708849893e+00 -4.803457352425082760e+00 -6.188187895944046168e+00 -7.031679785122506132e+00 -7.267345151534810199e+00 -7.321600909411912106e+00 -6.939216135870994506e+00 -6.056761883488018583e+00 -5.202928732696579850e+00 -4.363797574376371280e+00 -3.821600078400457789e+00 -3.352822544643815572e+00 -2.810411459940741263e+00 -2.221942517905682202e+00 -1.748638992511114543e+00 nan nan nan nan nan
nan nan nan nan nan nan nan nan -3.826549491134012548e+00 -4.449381676264630769e+00 -5.552677412344627861e+00 -6.676753579681708572e+00 -6.886974278654578896e+00 -6.985268188190381089e+00 -6.982125772349492721e+00 -6.248292699935570127e+00 -5.135205391966847444e+00 -4.036207534559102861e+00 -3.202249628271638393e+00 -2.951405408443162237e+00 -2.937781217911908715e+00 -2.761621559028142769e+00 -2.608243771946552769e+00 -2.635128225809555413e+00 nan -1.965080852902415520e+00 -3.653114322294994221e+00 nan
nan nan nan nan nan nan nan nan nan -4.293788897066038501e+00 -4.862003277028990489e+00 -5.858832288603942118e+00 -6.367884878628172984e+00 -6.486121641459636322e+00 -6.433124858004096502e+00 -6.011040151069133586e+00 -5.262000120592317920e+00 -4.377147964344255904e+00 -3.524052249343642362e+00 -3.025884973271012246e+00 -2.787528851540311603e+00 -3.153606546580674852e+00 -3.978675980653401556e+00 -4.726717719492277148e+00 nan -3.879207298034644147e+00 -5.251626451641596027e+00 nan
nan nan nan nan nan nan nan nan nan nan -4.578486654683869617e+00 -5.122002925838686771e+00 -5.936463904152351923e+00 -6.061831512542933176e+00 -6.127916881966945617e+00 -5.957522374561214029e+00 -5.634463788525426509e+00 -5.097393698219241820e+00 -4.549310729814115994e+00 -4.197886229282199011e+00 -4.002744508098809106e+00 -4.043281563273506407e+00 -4.434339541041528499e+00 -5.273987244279398467e+00 -5.419093624571773127e+00 -5.097577994520939626e+00 -5.093153482652094333e+00 nan
nan nan nan nan nan nan nan nan nan nan nan nan -5.432296345330970055e+00 -5.976044040910178268e+00 -5.857435514155650225e+00 -5.854915742055645467e+00 -5.893576964008859775e+00 -5.942714659876180860e+00 -5.721455501945087008e+00 -5.411523074241027409e+00 -5.178767215432718451e+00 -4.875493578532575256e+00 -4.752163182938437203e+00 -4.839989371427166454e+00 -4.980817376132320895e+00 -5.009729914149346541e+00 -4.874998122145392188e+00 nan
nan nan nan nan nan nan nan nan nan nan nan nan nan -5.937246684577067057e+00 -5.959707694794611044e+00 -5.802786035371092943e+00 -5.823159464800737872e+00 -5.996018896202899739e+00 -6.262927647798502306e+00 -6.383854858590257919e+00 -6.050823693606611542e+00 -5.553254082276860792e+00 -4.860773207064837287e+00 -4.658710451072271219e+00 -4.513474378027672707e+00 -4.604178450561351887e+00 -4.617521685983732915e+00 nan
nan nan nan nan nan nan nan nan nan nan nan nan nan nan nan -5.989156514086607430e+00 -5.927403217066943064e+00 -6.021465759776866378e+00 -6.297268667894297067e+00 -6.585934159879153427e+00 -6.901274996884814605e+00 -6.037672164451032941e+00 -4.453433723019986523e+00 -3.970173042630907201e+00 -3.885943103057951653e+00 -4.068070635999268880e+00 -4.272630852545267643e+00 nan
nan nan nan nan nan nan nan nan nan nan nan nan nan nan nan nan nan -5.427973643665045422e+00 -5.528928022257487029e+00 -5.788791722320703492e+00 -6.475226489905641536e+00 -6.207811951676604600e+00 -3.753025955127279101e+00 -3.050675426068556018e+00 -3.201388245685086176e+00 -3.575896972441706456e+00 -3.825276502010335644e+00 nan
nan nan nan nan nan nan nan nan nan nan nan nan nan nan nan nan nan nan nan nan -1.971889464385901736e+00 nan nan -1.645155843212282143e+00 -2.561827806423434328e+00 -3.197077978895654038e+00 nan nan
