nan nan nan -3.439383508903779973e-01 -5.680211748809241845e-01 -1.855973246052581516e+00 nan nan nan nan nan nan nan nan nan nan nan nan nan nan nan nan nan nan nan nan nan nan
nan nan 2.620475005879533553e-02 -3.307300188904552796e-01 -5.759308348938325661e-01 -1.331401085389821715e+00 -2.822381151066596150e+00 nan nan nan nan nan nan nan nan nan nan nan nan nan nan nan nan nan nan nan nan nan
nan nan 3.888156747925679974e-02 -3.910328556410493928e-01 -6.749721465808196097e-01 -1.215871374595275167e+00 -2.125425529966478155e+00 -3.209498778740903724e+00 nan nan nan nan nan nan nan nan nan nan nan nan nan nan nan nan nan nan nan nan
nan 4.506400542657474917e-01 5.091641905374685861e-02 -3.738051980699874099e-01 -7.139795440325181763e-01 -1.117672004710563938e+00 -1.716381859352930972e+00 -2.259283121018611062e+00 -2.263105028012243114e+00 nan nan nan nan nan nan nan nan nan nan nan nan nan nan nan nan nan nan nan
9.868193820811445027e-01 4.826614037155994019e-01 5.914354840355837833e-02 -3.262987986822585840e-01 -6.081086365757738532e-01 -8.990410539599587025e-01 -1.370078810747285214e+00 -1.977761727230112010e+00 -1.758655842511114953e+00 -5.950942046793497031e-01 nan nan nan nan nan nan nan nan nan nan nan nan nan nan nan nan nan nan
1.080481640576481439e+00 4.667677367246307885e-01 -3.806954060632605774e-02 -3.647691961587942733e-01 -5.995276309918785573e-01 -7.789585977775699277e-01 -1.180620420568196050e+00 -1.840648848267301130e+00 -1.861874636862900001e+00 nan nan nan nan nan nan nan nan nan nan nan nan nan nan nan nan nan nan nan
9.905567066944991339e-01 3.445257656253591372e-01 -1.916262420030725444e-01 -4.867797827682638911e-01 -6.884784616361561138e-01 -8.903245345438368652e-01 -1.228580921700036965e+00 -1.997990957863575057e+00 -1.561494764241809774e+00 nan nan nan nan nan nan nan nan nan nan nan nan nan nan nan nan nan nan nan
8.710633943286412162e-01 2.331547959995061703e-01 -3.897243524848899021e-01 -6.409373786657909244e-01 -8.192181633048100098e-01 -1.159677058375803371e+00 -1.433887038196590247e+00 -2.214451016800148331e+00 -1.634448830612050818e+00 nan nan nan nan nan nan nan nan nan nan nan nan nan nan nan nan nan nan nan
nan 1.482932707956933216e-01 -4.404421898899082977e-01 -6.323736656672515055e-01 -8.524702529331732448e-01 -1.314713222083126798e+00 -1.558234957392902631e+00 -2.235496824585173847e+00 -1.987232389789426623e+00 -4.390084037810852435e-01 nan nan nan nan nan nan nan nan nan nan nan nan nan nan nan nan nan nan
nan 6.886059248339174710e-01 2.212970426041329930e-01 -1.434295973254660350e-01 -6.169538784228772998e-01 -1.449894691995138762e+00 -1.864168125164973544e+00 -1.862382148124864800e+00 -1.620743632364518350e+00 -4.885779786600845664e-01 nan nan nan nan nan nan nan nan nan nan nan nan nan nan nan nan nan nan
nan 6.799062432631692854e-01 4.441185515772459458e-01 2.259729878397719605e-01 -4.249345166057947321e-01 -1.587148451911729152e+00 -2.186219938794339068e+00 -1.670787247691960742e+00 -1.348081300748129596e+00 -1.040471373537362743e+00 nan nan nan nan nan nan nan nan nan nan nan nan nan nan nan nan nan nan
nan nan 2.807244194300447249e-01 -1.062360025554745790e-01 -7.384117382541319774e-01 -1.574672102869049573e+00 -2.191962119372009354e+00 -1.632096958159494626e+00 -1.412751159210390295e+00 -1.343737511547842545e-01 nan nan nan nan nan nan nan nan nan nan nan nan nan nan nan nan nan nan
nan nan 3.543036541682751950e-01 -3.993713209966919253e-01 -9.331108975117489157e-01 nan -1.747988881033481601e+00 -1.510627439729581134e+00 -1.270879288426195464e+00 2.353195106157078831e-01 nan nan nan nan nan nan nan nan nan nan nan nan nan nan nan nan nan nan
nan nan nan nan nan nan -1.147716352936422934e+00 -1.245245450664048459e+00 -1.173461310338457242e+00 3.352203452689069274e-01 nan nan 6.937422356222491260e-01 nan nan nan nan nan nan nan nan nan nan nan nan nan nan nan
nan nan nan nan nan -2.269116755354823489e+00 -1.432183292331888458e+00 -1.621627453546897524e+00 -1.398632503260541560e+00 -5.323251015171973632e-01 nan nan nan nan nan nan nan nan nan nan nan nan nan nan nan nan nan nan
nan nan nan nan nan -1.919447421801473208e+00 -1.903501599816840750e+00 -2.092024161481725653e+00 -2.052427340187607641e+00 -1.668585967326842168e+00 -7.418444081286933445e-01 nan nan nan nan nan nan nan nan nan nan nan nan nan nan nan nan nan
nan nan nan nan nan -2.170764543335402585e+00 -2.076885855144838366e+00 -2.258051854343445353e+00 -2.188233880643117413e+00 -2.127705447546268225e+00 -2.039992538462512606e+00 -2.072920754719940195e+00 nan -1.359627221736257718e+00 nan nan nan nan nan nan nan nan nan nan nan nan nan nan
nan nan nan nan nan -1.865298232901624775e+00 -2.223428675593203785e+00 -2.426436202509635098e+00 -2.580297536711552819e+00 -2.315590018974789110e+00 -2.127481003093944167e+00 -2.107833699937038396e+00 -1.917273835509631930e+00 -1.810877241448594965e+00 -1.041939799604348016e+00 nan nan nan nan nan nan nan nan nan nan nan nan nan
nan nan nan nan nan -2.535030358453041366e+00 -2.703562421881211542e+00 -2.892552119540686473e+00 -3.205126810400646509e+00 -3.262407737829855492e+00 -3.029703881018293909e+00 -2.838877236839093321e+00 -2.496347003733914605e+00 -2.297274210678467377e+00 -2.194458754598916261e+00 -1.966259089816311034e+00 -1.064254133896182175e+00 nan nan nan nan nan nan nan nan nan nan nan
nan nan nan nan nan nan -3.275586756850866088e+00 -3.591985733087388333e+00 -4.008526990665767897e+00 -4.238470879624292920e+00 -4.052563635873355885e+00 -3.851945135891444938e+00 -3.524106080306899980e+00 -3.359785315663454064e+00 -3.092426259232229580e+00 -3.185912017466534074e+00 -2.435056329851951862e+00 -1.974962318891764435e+00 nan nan nan nan nan nan nan nan nan nan
nan nan nan nan nan nan nan -4.144994469097709633e+00 -4.506476663456770559e+00 -4.844281990231066537e+00 -4.805603811733367259e+00 -4.511461028602663070e+00 -4.222394935922740622e+00 -4.054751738738207933e+00 -3.910069974184648522e+00 -3.718378001474249572e+00 -3.690887975976036017e+00 -3.431926156082522716e+00 -3.115383277989058453e+00 nan nan -2.088933463862096662e+00 nan nan nan nan nan nan
nan nan nan nan nan nan nan -4.518455776262001677e+00 -4.764174368064957754e+00 -5.053911266424350401e+00 -5.081259476733734459e+00 -4.837836262116181452e+00 -4.607130676010865677e+00 -4.393799826757463833e+00 -4.298226106371694222e+00 -4.154011667895996851e+00 -3.634294166410924731e+00 -3.460360439845910907e+00 -3.331760814157023631e+00 -3.297755317889190074e+00 -3.107114851032279468e+00 -2.557238923075194403e+00 -1.380220588535674420e+00 nan nan nan nan nan
nan nan nan nan nan nan nan nan -4.686072250207646839e+00 -4.852513224511954881e+00 -4.899973088676675914e+00 -4.889424798827410434e+00 -4.550950427087993688e+00 -4.228988570572512096e+00 -4.138919109461124179e+00 -4.236025380851799582e+00 -3.802626715355235998e+00 -3.278593893948100302e+00 -3.208055349187945104e+00 -3.269229842000445529e+00 -3.554128662138250849e+00 -3.896214737654625004e+00 -3.509489019130699550e+00 -2.124081457067676038e+00 nan -1.808286585790215284e+00 -2.709085445240876577e+00 nan
nan nan nan nan nan nan nan nan nan -4.313533565975461670e+00 -4.422959311309298869e+00 -4.454283180296085831e+00 -4.355468209053790396e+00 -3.946425262437557979e+00 -3.873634772346929989e+00 -3.865568272075245559e+00 -3.831598980626826467e+00 -3.358245720993040528e+00 -3.051277257066785875e+00 -3.193980130940472506e+00 -3.361796469663000497e+00 -3.699097905331954372e+00 -4.313461850079656656e+00 -4.636732659868974871e+00 nan -1.839103581443523927e+00 -2.007682611787825255e+00 nan
nan nan nan nan nan nan nan nan nan nan -3.736394848736250829e+00 -3.970343083859465327e+00 -4.046492252037142912e+00 -3.871027447932585464e+00 -3.566766902169018483e+00 -3.483810816253526621e+00 -3.594487048679673613e+00 -3.519961438189493030e+00 -3.065076818113103840e+00 -2.970748875575303760e+00 -3.141443025462339111e+00 -3.354262853839646397e+00 -3.610905406846240062e+00 -3.824443061077999584e+00 -3.259574597652266092e+00 -2.236671575020465319e+00 -1.743754012264240094e+00 nan
nan nan nan nan nan nan nan nan nan nan nan nan -3.590432064090469222e+00 -3.620428135823538618e+00 -3.411507168295530246e+00 -3.257182215780767720e+00 -3.276949912587809877e+00 -3.330054173929820838e+00 -3.351359018907389409e+00 -3.199177660609821672e+00 -3.025846801233829098e+00 -3.105669413346227703e+00 -3.213838749193447697e+00 -3.124282806032290694e+00 -2.740762170351489058e+00 -2.233058000965969292e+00 -1.799711933215359716e+00 nan
nan nan nan nan nan nan nan nan nan nan nan nan nan -3.251010898742588751e+00 -3.059442705771895810e+00 -2.962760175904648019e+00 -3.012983079448172230e+00 -3.081633065361835122e+00 -3.011091011316108901e+00 -3.194518744109406949e+00 -3.326383608339081643e+00 -3.204059703608235665e+00 -3.084815039968818340e+00 -2.933590794071898156e+00 -2.496623885723241454e+00 -2.154520942358432389e+00 -1.809114141527475850e+00 nan
nan nan nan nan nan nan nan nan nan nan nan nan nan nan nan -2.459107131669454827e+00 -2.529281264611983993e+00 -2.711345948451408638e+00 -2.715602571752278482e+00 -2.641798616907184094e+00 -2.927922999541804128e+00 -3.573852511845415414e+00 -3.285564142459245218e+00 -2.774510332523669298e+00 -2.328513767119104294e+00 -2.033875397985058342e+00 -1.728795724849583326e+00 nan
nan nan nan nan nan nan nan nan nan nan nan nan nan nan nan nan nan -2.056615203510990586e+00 -2.068836057363460768e+00 -2.091112849332113388e+00 -2.116377543453860532e+00 -2.530145447955710836e+00 -2.383858613142912475e+00 -2.453133598076966404e+00 -2.031741149346154351e+00 -1.760625123573697381e+00 -1.422594413913986555e+00 nan
nan nan nan nan nan nan nan nan nan nan nan nan nan nan nan nan nan nan nan nan -1.507793155656538708e+00 nan nan -1.810428224400377983e+00 -1.570753578565820430e+00 -1.308600449683899214e+00 nan nan
