nan nan nan 1.114455878373618036e-01 2.112992848897073117e-02 nan nan nan nan nan nan nan nan nan nan nan nan nan nan nan nan nan nan nan nan nan nan nan
nan nan nan 9.948863172820279419e-03 1.660984008300681047e-02 -6.273709610307756646e-02 -1.574974084030471011e-01 nan nan nan nan nan nan nan nan nan nan nan nan nan nan nan nan nan nan nan nan nan
nan nan -6.316769531603556864e-02 4.989514068512330806e-03 -4.043274178153288823e-02 -2.611655223534814149e-02 -1.093971315703198312e-02 -1.304188221887849775e-01 nan nan nan nan nan nan nan nan nan nan nan nan nan nan nan nan nan nan nan nan
nan -1.242651401593156402e-01 -6.273147034265665056e-02 9.199328364540503011e-02 4.799232281252550913e-02 -2.196174181722005542e-02 -6.435226064654511746e-02 1.348960857230752618e-02 -7.396876525292542248e-02 nan nan nan nan nan nan nan nan nan nan nan nan nan nan nan nan nan nan nan
nan 6.349247401692384440e-02 1.196322968553575061e-01 -6.608858256473049142e-02 4.462098580691771510e-02 -2.992038250955813411e-02 -3.199170378936130182e-02 -1.068539412412749523e-01 -6.929773006154946180e-02 -1.740266680552336187e-01 nan nan nan nan nan nan nan nan nan nan nan nan nan nan nan nan nan nan
1.106666983502249402e-01 6.697933715753250083e-02 -1.078887807008051258e-01 -1.361161336907741604e-02 5.836719123366836473e-03 4.672208755391001750e-02 -3.725381555202222222e-02 -4.613771769607613593e-02 1.724635255987638435e-02 nan nan nan nan nan nan nan nan nan nan nan nan nan nan nan nan nan nan nan
1.611325274240864216e-03 4.284054839503322054e-02 5.616960956000779936e-02 4.372872917717750968e-02 -1.320428610397120783e-01 1.856535792645728350e-02 2.962855207917171677e-03 -1.467920866746941222e-01 -8.452822659083972234e-02 nan nan nan nan nan nan nan nan nan nan nan nan nan nan nan nan nan nan nan
2.358557182314270292e-03 5.600681057438305216e-02 2.689998868734830295e-01 -3.643224826773791558e-02 1.328871235981041177e-01 -5.490398632310856952e-02 -2.545404421655294777e-02 -1.304424876268442945e-01 -4.514913527695698509e-02 nan nan nan nan nan nan nan nan nan nan nan nan nan nan nan nan nan nan nan
nan 8.461302733620315597e-02 5.623139337981258867e-02 1.179998594084751828e-01 5.209214000536185885e-02 -2.437268194848939314e-03 8.447311088615452879e-02 -6.161250681912276012e-02 5.517063199345558638e-02 -1.473175409319140428e-01 nan nan nan nan nan nan nan nan nan nan nan nan nan nan nan nan nan nan
nan 1.120240131229823140e-02 -7.186833284758733197e-03 1.523113630787826037e-02 1.580802059784645539e-02 5.892784695755539509e-02 -3.950141367174168222e-02 1.229657954421029542e-01 -1.297161563382640270e-01 -1.137889261027112131e-01 nan nan nan nan nan nan nan nan nan nan nan nan nan nan nan nan nan nan
nan 1.071129797157985113e-02 2.850648344637486328e-02 2.352428683974289170e-02 2.717363940762092603e-02 7.174893418806285728e-02 -8.175753686860364605e-03 -6.258440915881106903e-02 1.786218642083937935e-02 -4.917198529749788188e-02 nan nan nan nan nan nan nan nan nan nan nan nan nan nan nan nan nan nan
nan nan 9.333736627254719115e-03 4.923599694413873656e-02 1.363411894251378813e-02 3.842080102217425297e-02 1.339574265880431663e-03 -2.644205291811478620e-02 4.096352695182327308e-02 9.303431986132462694e-02 nan nan nan nan nan nan nan nan nan nan nan nan nan nan nan nan nan nan
nan nan -1.074247490455359014e-02 -6.423309762017615984e-03 2.510120008909869777e-02 nan -1.159167965210610753e-02 -1.448781264540797142e-01 -6.975908293235742741e-02 -1.155664896978459838e-01 nan nan nan nan nan nan nan nan nan nan nan nan nan nan nan nan nan nan
nan nan nan nan nan nan 7.862583437018742794e-02 9.139683658878322570e-02 -9.552984645089490634e-02 -6.439268616393087341e-02 nan nan 1.510957447839230694e-01 nan nan nan nan nan nan nan nan nan nan nan nan nan nan nan
nan nan nan nan nan -1.222934985694217047e-02 -9.538677725306561606e-02 3.633363970324440806e-02 -6.257319822622051109e-02 -4.174048336142673760e-02 nan nan nan nan nan nan nan nan nan nan nan nan nan nan nan nan nan nan
nan nan nan nan nan 2.201114210111413186e-02 1.843087297535122432e-02 -1.488270654922312086e-02 -2.140001683597325330e-03 -8.569954881332719765e-02 -2.676964604293910130e-02 nan nan nan nan nan nan nan nan nan nan nan nan nan nan nan nan nan
nan nan nan nan nan 2.258606903796293516e-02 -6.209857473276853002e-02 2.628470937138392693e-02 -5.439891369173738278e-02 -1.172581480884025001e-01 -3.220465634655653164e-02 1.110190098972727198e-02 nan -2.759949825729589301e-02 nan nan nan nan nan nan nan nan nan nan nan nan nan nan
nan nan nan nan nan 1.144793343063672635e-02 1.561122208609034938e-02 -6.723863339151232854e-02 -3.389814497484667372e-02 -4.821066353385532188e-02 -1.223007585794001623e-01 -1.619551497943408636e-01 -2.257520553602840058e-03 1.129632898019181618e-02 -3.088245236859884016e-02 nan nan nan nan nan nan nan nan nan nan nan nan nan
nan nan nan nan nan -8.619889712881409483e-02 -7.241862420192185512e-02 -2.798659286791909187e-02 -2.790658796486931298e-02 -1.941919066207299996e-02 -6.094509364732193096e-02 -4.496599764922556974e-02 -1.553037524877973197e-01 -1.090718036350762782e-01 -4.471868145763565326e-04 -1.969255489715869556e-02 4.668767249063325727e-04 nan nan nan nan nan nan nan nan nan nan nan
nan nan nan nan nan nan -1.845268083669098988e-02 3.554288388376743591e-03 -2.123426643330647914e-02 -4.024031087027945403e-02 -2.218007438935761313e-02 -1.157765122669985637e-02 -4.191311921530727243e-03 -7.061741971730998990e-02 -5.801680563782998790e-02 1.145646262351642831e-02 -3.181691053730512087e-02 -1.921904463157814852e-02 nan nan nan nan nan nan nan nan nan nan
nan nan nan nan nan nan nan -3.071948952582563563e-02 -9.054000287384790860e-03 -1.731325304226891473e-02 -8.081233767753392278e-03 -3.879674375161766553e-02 -5.245532908451405046e-02 -1.939073659953506612e-02 -9.724737808157533914e-02 -1.089773325573042406e-01 -2.991752148522157980e-03 -9.127899958337888078e-04 -2.886677849898093215e-02 nan nan nan nan nan nan nan nan nan
nan nan nan nan nan nan nan -2.788094911041145811e-03 1.378813085459450194e-02 -1.507665502164345743e-02 -9.038960286825548085e-03 -3.195258767606622141e-02 -4.356796080537438803e-02 -1.989246165770564012e-02 -6.070007109428159076e-02 -8.233430816833743615e-02 -1.111387285635279387e-01 -1.379424164060024660e-01 -4.822582586248549269e-02 -3.482968146014453481e-02 nan nan nan nan nan nan nan nan
nan nan nan nan nan nan nan nan -4.184929877952991983e-02 1.247928469684820955e-02 2.704265089394382662e-02 -1.538153823257217348e-02 -1.934107892849079580e-02 -4.102745299370740006e-02 -4.370185064200005076e-02 -8.473200468637755167e-02 -1.190809550171066794e-01 3.844593130716404683e-02 -9.274802334317974739e-03 -5.680550482593126060e-02 -3.643806020072782453e-02 nan nan nan nan nan nan nan
nan nan nan nan nan nan nan nan nan -2.354535440958002712e-02 -5.814215750070729667e-03 1.995761727228734586e-02 -2.241537582878543391e-02 -2.381518748481079961e-04 -3.112528600176065960e-02 -2.384024528418280872e-02 -5.290373128640647044e-02 -1.005211509113954765e-01 1.402977443047455624e-03 -1.915907776194095483e-02 -3.653035875961396090e-02 -4.872641681920916040e-02 nan nan nan nan nan nan
nan nan nan nan nan nan nan nan nan nan 2.254745829408647331e-02 1.583313173247434937e-04 -4.208600345721248345e-03 -1.985563876104769546e-02 -2.267828011795531076e-02 4.152065262685974457e-03 2.869283668624754077e-02 -3.829537468367209124e-02 -1.281334170442890719e-01 -1.414435950399756114e-01 -9.025367638336920240e-02 -1.801534699125104111e-02 -8.555303950793362311e-02 -7.904731261082849347e-02 nan nan nan nan
nan nan nan nan nan nan nan nan nan nan nan nan 3.535306013620508753e-02 3.213451527743300951e-02 -3.154856646112167611e-04 -2.055408312809990298e-02 -2.429246084380017393e-02 -3.004638646176210209e-03 9.204370926708047018e-03 2.352261073003893838e-02 -8.928641045567416168e-02 -6.309962498571979050e-02 -2.970777338727575295e-02 -2.266897909902255287e-02 -1.249903406795604272e-02 nan nan nan
nan nan nan nan nan nan nan nan nan nan nan nan nan 9.677197439484535799e-03 8.285757655159181612e-03 3.851603827958867410e-02 9.538401669502616712e-03 -7.828852832166417752e-02 -1.269381891064284562e-01 -1.098843814502256308e-02 -5.311460381778056877e-02 -4.464412227239598213e-02 -3.937771566125439562e-03 -2.006510943220343041e-02 6.718042425963844516e-03 6.510550826897437172e-03 nan nan
nan nan nan nan nan nan nan nan nan nan nan nan nan nan nan 3.764752419079947510e-02 2.108038404968091354e-04 2.436661496551952716e-02 -1.095543999002855130e-02 1.168130385040712718e-02 7.979171654133121461e-02 1.034752297149373473e-01 3.067745218965567400e-02 -4.838179540465958189e-03 -3.918543307541172242e-03 1.625683373410724553e-02 nan nan
nan nan nan nan nan nan nan nan nan nan nan nan nan nan nan nan nan 1.218942341854753336e-01 1.285387887242974980e-01 1.072927745519753756e-01 2.044777920443049679e-01 -3.319281569923544090e-02 1.426623968383377017e-01 5.979125406911311308e-02 2.096996154913102761e-02 5.814463714283710921e-03 nan nan
nan nan nan nan nan nan nan nan nan nan nan nan nan nan nan nan nan nan nan nan 2.779961141719844778e-02 nan nan -1.175877734833740730e-02 1.491694826665035910e-02 -2.604712841327102950e-03 nan nan
