nan nan nan -2.036512570298886979e-02 3.178485011246743458e-02 nan nan nan nan nan nan nan nan nan nan nan nan nan nan nan nan nan nan nan nan nan nan nan
nan nan nan -7.316258203856259960e-03 -7.648117214262832586e-02 -4.053564454152516761e-02 -1.399133243509647628e-01 nan nan nan nan nan nan nan nan nan nan nan nan nan nan nan nan nan nan nan nan nan
nan nan 1.603163629490860498e-01 2.402395935896026527e-02 -4.396885217909490134e-02 -2.484225327484260171e-02 1.112238038116371980e-02 -1.896127647475357447e-01 nan nan nan nan nan nan nan nan nan nan nan nan nan nan nan nan nan nan nan nan
nan 1.304000293016184253e-01 -1.000200056208594424e-02 5.505777387143482443e-02 1.189639740992642913e-02 -8.950251164701765461e-03 -3.649774732377526754e-02 3.164176170694629753e-02 -1.963571396564000870e-01 nan nan nan nan nan nan nan nan nan nan nan nan nan nan nan nan nan nan nan
nan 1.266644394368299509e-01 -1.052703461274357571e-01 -3.357932495941291784e-02 1.249374837380670122e-01 3.223559316442272532e-02 7.987247115803522424e-03 -1.733281977886531877e-01 -1.305918855671441836e-01 -3.115882829173392543e-01 nan nan nan nan nan nan nan nan nan nan nan nan nan nan nan nan nan nan
2.759686258904786582e-01 8.167053539348850810e-02 6.464647100065167018e-02 7.851785940054120672e-02 1.103860955471393235e-01 4.705138129557422111e-02 -5.252610959118277426e-03 -9.276170727438619312e-02 4.970435389118837283e-02 nan nan nan nan nan nan nan nan nan nan nan nan nan nan nan nan nan nan nan
1.127933337482127651e-01 -6.573383407710543802e-02 -7.893899314700711378e-02 2.305452479779183939e-02 -1.529751112648128526e-02 2.490060473814642919e-02 -2.445795284287232904e-02 -1.377870918760177588e-01 -2.464876913562646377e-01 nan nan nan nan nan nan nan nan nan nan nan nan nan nan nan nan nan nan nan
-3.319792807256850831e-02 1.649642826723098366e-01 1.435837973223664799e-01 -1.214089401214680543e-02 -3.779400587333658218e-02 8.550245778715376624e-03 6.559997824699589919e-02 -4.584306091429522778e-02 -1.847047533315002502e-02 nan nan nan nan nan nan nan nan nan nan nan nan nan nan nan nan nan nan nan
nan 5.541183057569538939e-02 6.942225363371233929e-03 -8.686934088150415068e-02 1.685721832046500612e-01 1.242243971278850084e-01 3.606062250767669980e-02 -6.925266750991827813e-02 6.878399162705042466e-03 -1.333970756374614486e-01 nan nan nan nan nan nan nan nan nan nan nan nan nan nan nan nan nan nan
nan -1.302199805919601605e-02 -3.967879559932995653e-02 1.156066268298142213e-01 9.618097836584858784e-02 1.333608964861129620e-01 9.881717301156354993e-02 1.193829982283745733e-01 -1.218823263561282094e-01 -9.852963741022842392e-02 nan nan nan nan nan nan nan nan nan nan nan nan nan nan nan nan nan nan
nan -6.912740304105988338e-03 2.517018515949396434e-02 -4.202122394063177897e-03 -7.502368024462199338e-03 5.555387503684748596e-02 3.954257574898493999e-02 -4.614240867427600590e-02 2.586406508700408446e-01 3.725214849008880169e-02 nan nan nan nan nan nan nan nan nan nan nan nan nan nan nan nan nan nan
nan nan -1.435694844866360520e-04 1.299363780184767565e-02 -2.043923937323129103e-02 9.390179819246451121e-02 5.275007897992937261e-02 -2.866575528147180529e-01 -1.352582461651010981e-01 5.741754974997074351e-02 nan nan nan nan nan nan nan nan nan nan nan nan nan nan nan nan nan nan
nan nan 2.853151327436116019e-02 1.180886585983974627e-02 -3.394234361652423600e-03 nan -2.845633536621473142e-02 -1.708155181610815088e-01 -1.018418043620217123e-01 -7.562513710137351575e-02 nan nan nan nan nan nan nan nan nan nan nan nan nan nan nan nan nan nan
nan nan nan nan nan nan 6.086134822356656371e-02 -3.207192821966819984e-02 -1.015287833242927290e-01 -2.346456017311070869e-02 nan nan 1.949989392046484193e-01 nan nan nan nan nan nan nan nan nan nan nan nan nan nan nan
nan nan nan nan nan 2.771667365146419926e-02 -8.306207846385681506e-03 6.314655692581645774e-02 -1.772677481809345479e-01 -9.233222066343660384e-02 nan nan nan nan nan nan nan nan nan nan nan nan nan nan nan nan nan nan
nan nan nan nan nan 2.548104703665407880e-03 6.890117857342052676e-03 1.695302367788585271e-02 -6.160348829471139730e-03 -1.202855548685066861e-01 -7.866974162846381013e-02 nan nan nan nan nan nan nan nan nan nan nan nan nan nan nan nan nan
nan nan nan nan nan 1.544170628129567721e-02 -1.091991166059447411e-02 1.780803547292516067e-02 -1.419072836019097048e-02 -5.801674169198697134e-02 -1.220819428105561315e-02 2.646642400483689012e-02 nan -5.758522316916733601e-03 nan nan nan nan nan nan nan nan nan nan nan nan nan nan
nan nan nan nan nan 1.067734414039668046e-02 3.888881568822029344e-02 -3.226050023289143975e-02 -1.464117141122114885e-02 -3.121142562784935681e-02 -1.036945918036989295e-01 -2.736880900296662644e-01 3.703434039671729683e-02 4.893942597517846049e-02 -2.279876336708507121e-03 nan nan nan nan nan nan nan nan nan nan nan nan nan
nan nan nan nan nan -8.004076765607930077e-02 -7.078685194390950397e-02 -1.908518796452174024e-02 -9.577427856013068924e-03 8.245370467060692335e-03 5.326246207263162120e-03 1.675154384627563012e-02 -2.099615475706619050e-01 -1.210825587031088973e-01 1.662274349165739420e-02 -3.040325645624467055e-03 -7.179450575628430536e-04 nan nan nan nan nan nan nan nan nan nan nan
nan nan nan nan nan nan 2.834348068617886102e-03 2.342245854623878701e-02 -1.990843529938518888e-02 -1.332576592057193102e-02 7.737602374221204046e-03 3.283511393112523852e-02 4.085372914897047320e-02 -5.865489404622672986e-02 -9.230511298265212106e-02 1.398026179119920935e-02 -1.404712833335738757e-02 -2.746481612644714309e-03 nan nan nan nan nan nan nan nan nan nan
nan nan nan nan nan nan nan -2.015709962147354053e-02 1.495986233719302783e-02 -1.254236584123578739e-02 -1.548807050836003250e-02 -3.356559752306192967e-02 -2.023106924866464179e-02 -1.659120248527782768e-02 -8.350212099551235223e-02 -9.643682104277834233e-02 6.704711632375203768e-03 3.681869607845503038e-03 -2.639124577930142615e-02 nan nan nan nan nan nan nan nan nan
nan nan nan nan nan nan nan 5.692551319225587709e-04 1.751671434268078920e-02 6.375458692607296682e-03 -2.856829360607949717e-03 -3.663281744489184366e-02 -6.243083216449010764e-02 -1.375150332790971673e-02 -1.336687692142774116e-02 -1.108380991834678475e-01 -1.171659598121806700e-01 -1.282586587095127795e-01 -3.856548583738962643e-02 -2.229407908283132650e-02 nan nan nan nan nan nan nan nan
nan nan nan nan nan nan nan nan -3.946227896421938830e-02 1.119169256574248025e-02 -2.341485799218217677e-04 -1.563378904854764717e-02 -7.852005747325278492e-03 -3.080319270083988620e-02 -2.611212194812179838e-02 2.234639599449552132e-03 -1.057659765771996746e-01 3.984120315200510160e-02 -2.921586523108408474e-03 -6.254982307284319420e-02 -1.956291386676814112e-02 -2.355607505862999593e-02 nan nan nan nan nan nan
nan nan nan nan nan nan nan nan nan 1.202707435871653132e-03 -3.116301419646975643e-02 1.994603109126598384e-02 -5.562156330605701193e-03 2.846361165968029194e-03 -2.967007076095183257e-02 -5.955197565142447691e-02 -5.656819596485865992e-02 -1.419573800738757052e-01 6.088935329414285960e-03 -2.798379232130171826e-02 -5.750059287984057160e-02 -5.262773236525120774e-02 9.598112286893254819e-04 nan nan nan nan nan
nan nan nan nan nan nan nan nan nan nan 6.798154229781862290e-02 -7.844166040821656458e-03 -9.712784406603171619e-03 -4.565926697760528709e-03 -1.390692690955015742e-02 2.094134605431183585e-03 -7.642578108492937422e-03 -2.632806252126558902e-02 -9.749152454882317742e-02 -1.609500733320941290e-01 -8.037959958452282894e-02 -2.726246586402202281e-03 -6.216626296915970379e-02 -5.035090235780861206e-02 -4.158270559819323559e-02 nan nan nan
nan nan nan nan nan nan nan nan nan nan nan nan 3.277693639714852197e-02 1.774632352183756756e-02 -8.510019924482635154e-03 -1.729637350406067892e-02 4.938449635714371039e-03 2.770129950103008068e-02 -3.562867128225542107e-02 2.087790292082642926e-02 -5.245252710751243524e-02 -3.807285808207243327e-02 -2.080913274057809206e-03 -1.139205097581484118e-02 -9.620214227737327456e-03 -3.591333466886437544e-04 nan nan
nan nan nan nan nan nan nan nan nan nan nan nan nan 4.650795966366574538e-03 3.062332095671438728e-02 3.503614799036749994e-02 1.646208051522202653e-04 -6.347737190860609779e-02 -3.342384400602946976e-02 6.353116319778674692e-02 -5.188825330897053195e-02 -2.859152576659976241e-02 -6.244434567207745451e-02 -5.342790673814037938e-02 7.428703056560059630e-03 2.580806167526128111e-03 nan nan
nan nan nan nan nan nan nan nan nan nan nan nan nan nan nan 4.517513762611695405e-02 1.561358381556229163e-02 1.750925747881990069e-02 -4.037592780948738580e-02 1.869682551816811977e-02 2.538316850739737174e-02 8.300964036472309460e-02 1.296940014768097893e-01 -8.193788666970056034e-02 -1.023658035046990343e-02 1.987696208395083042e-02 nan nan
nan nan nan nan nan nan nan nan nan nan nan nan nan nan nan nan nan 1.435480315313619470e-01 6.142137120460495342e-02 9.509383835592594147e-02 2.280023598476643987e-01 -3.176249134030970783e-02 8.471711170555618065e-03 1.135347770205911155e-01 4.606484310266758392e-02 8.881009306694285024e-03 -5.654586052353986021e-04 nan
nan nan nan nan nan nan nan nan nan nan nan nan nan nan nan nan nan nan nan nan 2.746364332044616552e-02 nan nan -7.716104919317642863e-02 6.392911198342612900e-02 -2.092612132795590787e-02 nan nan
