nan nan nan 5.459984811243086961e-02 2.433819624987403757e-02 nan nan nan nan nan nan nan nan nan nan nan nan nan nan nan nan nan nan nan nan nan nan nan
nan nan nan 2.678145939048589760e-02 5.149021794320598339e-02 -5.233460877632145625e-02 -3.408234004795696048e-02 nan nan nan nan nan nan nan nan nan nan nan nan nan nan nan nan nan nan nan nan nan
nan nan 4.792205699639032895e-02 -9.804829178504487208e-02 -5.914063912746826690e-02 5.124732935851819549e-03 -2.915834717031531853e-02 -1.279414515781936990e-01 nan nan nan nan nan nan nan nan nan nan nan nan nan nan nan nan nan nan nan nan
nan 1.095475304515844822e-01 7.662577994195056419e-02 3.313366454860101895e-02 1.080814649276828215e-01 -1.128318962560950593e-02 -1.397151319550130749e-02 1.546958197856247372e-02 -1.111955915735906852e-01 nan nan nan nan nan nan nan nan nan nan nan nan nan nan nan nan nan nan nan
nan -8.308506013248241270e-03 9.494242738700250928e-02 -8.428909404863574317e-02 3.069217107343287163e-02 -8.312046478932834381e-02 -2.881664681318500676e-03 -1.070677632703590787e-01 -1.253055876400026858e-01 -2.243178397499755727e-01 nan nan nan nan nan nan nan nan nan nan nan nan nan nan nan nan nan nan
1.272400410937254422e-01 1.414684622650484724e-01 -1.088004490992826034e-01 3.487237145685900125e-02 1.480638651352367795e-02 -4.734820616517491226e-02 1.466286204014296754e-02 -6.012054278065952218e-02 -2.439832329395140789e-03 nan nan nan nan nan nan nan nan nan nan nan nan nan nan nan nan nan nan nan
1.508453387358348330e-01 1.626278999188829344e-02 -9.223055064850367579e-02 1.613015960712071706e-01 -6.267314029617736260e-02 8.914129565612723127e-02 1.831986402811334666e-02 -4.711275551499879283e-02 -1.180587772992934548e-01 nan nan nan nan nan nan nan nan nan nan nan nan nan nan nan nan nan nan nan
2.334288732984739785e-06 7.736783514299103159e-02 8.694910968116108252e-02 -1.414855696192619632e-02 4.814866616087907364e-02 -7.616285495597992228e-02 -5.545402659029925740e-02 -4.163800269511221813e-02 -7.994762484353562515e-02 nan nan nan nan nan nan nan nan nan nan nan nan nan nan nan nan nan nan nan
nan 6.678538928882554737e-02 -3.862255046646419915e-02 1.089322936946436199e-01 1.472286185076881679e-02 4.437030814688385644e-02 -1.467621187549494888e-02 3.940626939299161913e-02 -1.488990805441115645e-02 -1.472366288112398058e-01 nan nan nan nan nan nan nan nan nan nan nan nan nan nan nan nan nan nan
nan -3.941734583749853527e-02 6.482626604874110188e-02 1.188885754704975956e-01 8.265859775784217822e-02 4.538061931011743572e-02 -2.091724497592889302e-03 1.182419740200991026e-01 -1.613963674485512367e-01 -1.243200353067475394e-01 nan nan nan nan nan nan nan nan nan nan nan nan nan nan nan nan nan nan
nan 2.366287970723458464e-02 -1.014277668877838941e-02 -1.717081794922062712e-02 1.181539088984114895e-03 4.933697652498540004e-02 8.146674471534288975e-02 -3.558020992403075362e-03 4.553122077659424449e-02 -5.086619586919954167e-02 nan nan nan nan nan nan nan nan nan nan nan nan nan nan nan nan nan nan
nan nan 4.216152738632467610e-03 1.993233406797178045e-02 -1.630800462737498624e-02 5.648881314742626447e-02 2.079491868060105719e-02 -4.838560163501792050e-02 4.290193713986086704e-02 8.946849838983272907e-02 nan nan nan nan nan nan nan nan nan nan nan nan nan nan nan nan nan nan
nan nan 9.653498299281111986e-03 3.569198005085735814e-02 3.638689802745544155e-02 nan 4.168606886754066404e-02 -6.745944464865893941e-02 -1.861306180004225486e-02 -1.120914193240269835e-01 nan nan nan nan nan nan nan nan nan nan nan nan nan nan nan nan nan nan
nan nan nan nan nan nan 1.053568820221313825e-02 -2.237150502853424774e-02 -9.974252048972474805e-02 -4.799859681369495618e-02 nan nan 6.278095797129899791e-02 nan nan nan nan nan nan nan nan nan nan nan nan nan nan nan
nan nan nan nan nan 2.223517019958776847e-02 -2.001890991294649758e-02 3.312744989489546654e-02 -7.120004724468391444e-02 -1.947291954280290158e-02 nan nan nan nan nan nan nan nan nan nan nan nan nan nan nan nan nan nan
nan nan nan nan nan 1.716146671875351873e-02 3.161725293745863696e-02 1.876224236045900828e-02 -1.183977953061086420e-02 -8.013552942920944278e-02 1.684407419909677303e-03 nan nan nan nan nan nan nan nan nan nan nan nan nan nan nan nan nan
nan nan nan nan nan 3.136676601273573339e-02 -4.177693277035199326e-02 2.401260529813480787e-02 -2.116377886203478151e-02 -8.198794434883494020e-02 -1.376337325670522367e-02 3.239051423937901880e-02 nan 5.628891536146938407e-02 nan nan nan nan nan nan nan nan nan nan nan nan nan nan
nan nan nan nan nan 2.853947707761145952e-02 9.861478998498962242e-03 -5.423271801766960110e-02 -3.708660071730395663e-02 -6.024278964329704555e-02 -1.194127936136661627e-01 -2.256889149548212681e-01 -1.858042100344982697e-02 3.802713697585508035e-02 5.234177059002011190e-02 nan nan nan nan nan nan nan nan nan nan nan nan nan
nan nan nan nan nan -7.010646343827590943e-02 -5.074268953901198836e-02 -2.950662076047556523e-02 -2.431385906148603518e-02 -1.384051901851633508e-02 -1.723823052075568185e-02 -1.760681799673946470e-03 -1.692926921052208267e-01 -1.324307815210004902e-01 1.708887305374662616e-02 4.083358998004417428e-02 nan nan nan nan nan nan nan nan nan nan nan nan
nan nan nan nan nan nan -7.541630191852226068e-04 -1.222410351828542375e-03 -1.034457692105274912e-02 -1.377116982908322025e-02 -6.775469254592232822e-03 4.956177919172167178e-03 1.032883695632607571e-03 -6.014283585950055966e-02 -5.335254234615936092e-02 9.067285861861488008e-03 2.040254932024522169e-02 nan nan nan nan nan nan nan nan nan nan nan
nan nan nan nan nan nan nan -2.702319714460960087e-02 -5.048162631633774065e-03 -1.624400928626733645e-02 -8.357890092890223055e-03 -2.242160404780755775e-02 -1.146044477408618423e-02 -1.267039024137837401e-02 -8.711085404077459349e-02 -1.151787189502238018e-01 1.272471174922953051e-02 4.518342711144073161e-03 nan nan nan nan nan nan nan nan nan nan
nan nan nan nan nan nan nan -2.320267587739248058e-02 -6.285480132132622091e-03 -2.202413147656882841e-02 -7.542027699499659343e-03 -4.969004768109996223e-02 -6.699246309461519278e-02 -1.238448874102239007e-02 -5.209690976128168033e-02 -1.036710012354619403e-01 -1.311538418834526654e-01 -1.437963547281932708e-01 -3.691736857944423467e-02 nan nan nan nan nan nan nan nan nan
nan nan nan nan nan nan nan nan -5.739098446690639108e-03 -2.839328201603940824e-02 -1.279240880889970580e-02 -3.128249741369625025e-02 -3.490635335358567570e-02 -3.877946897461604508e-02 -4.381387983967781341e-02 -3.249445829903885308e-02 -1.010768148235996339e-01 3.706412234073303003e-02 2.799645800690595768e-03 -6.912381278167727128e-02 nan nan nan nan nan nan nan nan
nan nan nan nan nan nan nan nan nan 6.123931935765652979e-02 8.207547517078502344e-03 1.471204022344217363e-02 -2.021751093372648606e-02 1.479614585186958195e-02 -1.316349983396525661e-02 -2.696058946813816026e-02 -4.453311721177587168e-02 -1.217170767204141107e-01 -2.177119009823288379e-03 -3.783399517500729559e-02 -6.014363345079432738e-02 nan nan nan nan nan nan nan
nan nan nan nan nan nan nan nan nan nan 3.778487134654339580e-02 9.461721430230971702e-03 -5.407163533609809537e-03 -1.240395946355754390e-02 -6.326086601580580004e-02 -4.914658149375714102e-02 4.862560137412711564e-03 -1.918599621360452673e-02 -1.148865128889138415e-01 -1.517692842943931530e-01 -8.371000138658522827e-02 -1.794768878313525093e-02 nan nan nan nan nan nan
nan nan nan nan nan nan nan nan nan nan nan nan 4.375666514167723259e-02 2.860678833322466072e-02 3.199796064765878661e-02 8.387160000027198137e-03 -4.201514511269115182e-02 5.124530804150061181e-03 3.634957476526375769e-02 -7.769666002251806973e-03 -5.467360998071176675e-02 -3.538648128565907020e-02 -1.449732331739940830e-02 nan nan nan nan nan
nan nan nan nan nan nan nan nan nan nan nan nan nan 8.270864510754948051e-03 -5.495192452555541958e-03 2.766467036590652268e-02 2.312514880367941630e-03 -8.353320347669460078e-02 -1.328814894324543139e-01 4.761036559343033436e-02 -1.814372300500113541e-02 -4.238122277105393215e-02 -1.400555381502637496e-02 -2.135727284669868345e-02 nan nan nan nan
nan nan nan nan nan nan nan nan nan nan nan nan nan nan nan 5.855161968933800948e-02 3.584313353281807016e-03 3.029171751875293570e-02 2.504751461017890729e-02 5.240891331992588581e-02 4.559293067206220129e-02 9.332122778289504705e-02 2.699472952522936203e-02 -1.229882720213171764e-02 -3.558922123673520163e-03 nan nan nan
nan nan nan nan nan nan nan nan nan nan nan nan nan nan nan nan nan 1.803198926694585258e-01 1.345723019787578578e-01 3.018759379703322976e-02 1.675786890256970862e-01 -8.413602716180988705e-03 8.293702186245446861e-02 4.728312344211520191e-02 2.200148225773072494e-02 nan nan nan
nan nan nan nan nan nan nan nan nan nan nan nan nan nan nan nan nan nan nan nan 3.788429457141598983e-02 nan nan -1.047849956610662908e-02 nan nan nan nan
