nan nan nan -3.405011359461786874e-02 1.284908752823753610e-03 nan nan nan nan nan nan nan nan nan nan nan nan nan nan nan nan nan nan nan nan nan nan nan
nan nan nan -1.555886736704959090e-02 -5.338631258004766789e-02 -6.696471552872752808e-02 -1.304686941236520570e-01 nan nan nan nan nan nan nan nan nan nan nan nan nan nan nan nan nan nan nan nan nan
nan nan 7.449416612612103084e-02 4.314477105346738173e-02 -3.049673010434637496e-02 -3.816077654589507956e-02 -4.047612362248533685e-02 -1.321643850494788608e-01 nan nan nan nan nan nan nan nan nan nan nan nan nan nan nan nan nan nan nan nan
nan 2.393301428705358128e-02 -1.752463553275679375e-02 6.929241869278764121e-02 1.174858451750575988e-02 -4.173290328041592834e-02 -2.813997382572495584e-02 3.201824095280737543e-03 -8.565837479419781408e-02 nan nan nan nan nan nan nan nan nan nan nan nan nan nan nan nan nan nan nan
nan -1.693969768131405873e-01 3.380467313742036017e-02 4.284777152675373763e-02 1.071407362462150348e-01 6.691296646249599023e-02 -2.900482220758799062e-03 -8.166284402249959773e-02 -9.123938856681179654e-02 -1.615612982580213464e-01 nan nan nan nan nan nan nan nan nan nan nan nan nan nan nan nan nan nan
1.658521454218662983e-02 1.240589843212666354e-01 -5.382563850906646463e-02 8.652095863127451728e-03 -4.651030325565844170e-02 -3.344272793514475872e-02 6.376874797231178033e-03 -4.074614397857788395e-02 1.624504572458462283e-03 nan nan nan nan nan nan nan nan nan nan nan nan nan nan nan nan nan nan nan
6.678602753486211074e-02 6.918549871687962316e-02 2.200227901355805010e-02 -1.481071515793842136e-02 -5.476981972294107243e-02 4.370669169140860982e-02 -1.055834715433558862e-02 -9.336713498985629855e-02 -1.695081611301862412e-01 nan nan nan nan nan nan nan nan nan nan nan nan nan nan nan nan nan nan nan
-1.119796265709628071e-02 1.424247933536136046e-01 9.651518486761473392e-02 1.137119232096935051e-01 -5.247860962766581067e-02 -2.387587197664349861e-02 -3.309063162187188267e-02 -1.099881247108670385e-01 5.187820728274670362e-02 nan nan nan nan nan nan nan nan nan nan nan nan nan nan nan nan nan nan nan
nan 5.243258604481119967e-02 1.139551359274465631e-01 3.522686150033991354e-02 -4.649913519881834767e-02 -3.054607179861378724e-02 -1.455925951820479826e-02 -4.008807980305248431e-02 -7.675582073235633074e-02 -1.388848645140893789e-01 nan nan nan nan nan nan nan nan nan nan nan nan nan nan nan nan nan nan
nan -5.890420104526136735e-02 5.620911907693757620e-02 4.962097612068088609e-02 6.366200247628515940e-02 7.390932000200001184e-02 -2.436882284924364941e-02 1.332632068161531957e-01 -1.309817608417072621e-01 -1.238952818889120788e-01 nan nan nan nan nan nan nan nan nan nan nan nan nan nan nan nan nan nan
nan 2.057211376666384650e-02 1.156542791691166430e-02 -2.652325657887334709e-02 1.495356059146477588e-02 3.152858405588843810e-02 6.010716541669671592e-02 -1.042950409407836371e-01 -3.746076403709501686e-03 -5.312598663375076719e-02 nan nan nan nan nan nan nan nan nan nan nan nan nan nan nan nan nan nan
nan nan 1.598134472287291233e-02 7.625834969120749707e-02 2.402198892594514454e-02 8.523622810268120797e-02 2.821206085322010629e-02 -4.709803330683701161e-02 7.203612061775735431e-02 6.821265946244488287e-02 nan nan nan nan nan nan nan nan nan nan nan nan nan nan nan nan nan nan
nan nan -1.321773683749119001e-02 1.741690388752727484e-02 1.252466743515636034e-02 nan -1.493595764426464481e-02 -9.870167181727119987e-02 -2.007924270674222439e-02 -1.053804390358105275e-01 nan nan nan nan nan nan nan nan nan nan nan nan nan nan nan nan nan nan
nan nan nan nan nan nan 2.743084498859018130e-02 -1.121912168631795936e-02 -7.914129023381757944e-02 -4.301747687435980572e-02 nan nan 4.518483648736641017e-02 nan nan nan nan nan nan nan nan nan nan nan nan nan nan nan
nan nan nan nan nan 5.771224848959848747e-02 -2.413023294283409351e-02 2.909405241861263633e-02 -9.347637046719861620e-02 -3.478327258220374057e-02 nan nan nan nan nan nan nan nan nan nan nan nan nan nan nan nan nan nan
nan nan nan nan nan 1.042488298579819644e-02 1.029350271357469364e-02 1.042683360130004094e-02 -3.246335611013351913e-02 -7.377557865256119396e-02 1.063821590266658505e-02 nan nan nan nan nan nan nan nan nan nan nan nan nan nan nan nan nan
nan nan nan nan nan 1.987826380703939383e-02 -4.580789886394327076e-02 3.251656581634463500e-02 -3.582718656658057804e-02 -1.300632638118988382e-01 -1.008759657780719521e-02 4.150080253268033370e-02 nan -2.737347599950619784e-02 nan nan nan nan nan nan nan nan nan nan nan nan nan nan
nan nan nan nan nan -8.414062221870761277e-03 -1.063181252180718170e-02 -6.580214310007648226e-02 -4.005467410841167392e-02 -7.369913602625773053e-02 -1.558069980947245359e-01 -1.915992945578697260e-01 -4.868303527376577344e-03 2.692912731850848063e-02 -1.948886774696715132e-02 nan nan nan nan nan nan nan nan nan nan nan nan nan
nan nan nan nan nan -7.498016450379449416e-02 -4.468578635856127607e-02 -2.359474588041933149e-02 -2.181477681886635767e-02 -1.741594087908610727e-02 -4.987652738035683320e-02 -3.343827978849993332e-02 -1.568432723606613399e-01 -7.773494764296175197e-02 1.726735548001749262e-02 8.035912429254216246e-04 -3.679681234384821198e-02 nan nan nan nan nan nan nan nan nan nan nan
nan nan nan nan nan nan -2.643568220572802864e-03 1.036308141315905700e-02 -1.086653804826489926e-02 -1.584657725018802019e-02 -1.389255991258520236e-02 1.251007325893616594e-02 7.996425233386636119e-03 -8.559132221989193545e-02 -8.041652839627820570e-02 9.241280476975092389e-03 -3.155578270854741268e-02 -4.010826019419432703e-02 nan nan nan nan nan nan nan nan nan nan
nan nan nan nan nan nan nan -3.002153304363903465e-03 1.544605753612924952e-02 -6.393476351444562188e-03 -2.305383440818233737e-03 -3.424858655488651621e-02 -2.859202378180356052e-02 -4.357217338431343748e-03 -9.153837858025938579e-02 -1.278104317603713236e-01 -9.142319916333635152e-03 3.987178654450622108e-05 -3.468160072280854211e-02 nan nan nan nan nan nan nan nan nan
nan nan nan nan nan nan nan -1.717228570633027793e-02 1.339996606331218636e-02 -1.089109830503055994e-02 -7.630062922663161974e-03 -4.546976838456591452e-02 -7.692496039930539486e-02 -8.025556409175634009e-03 -2.358375269198846602e-02 -1.046733268350304308e-01 -1.350945403313418280e-01 -1.391698972066143791e-01 -3.572789848900487925e-02 -2.554678960676703969e-02 -2.444162041069981861e-02 nan nan nan nan nan nan nan
nan nan nan nan nan nan nan nan 1.973190057151723645e-02 3.565666242377932976e-02 -5.143763408476428878e-02 -2.943965416951729516e-02 -3.440529244849158119e-02 -4.785256907854996272e-02 -4.834821330106543746e-02 -2.504725253912353997e-02 -1.217825240193727981e-01 3.804218419960642833e-02 5.638145465008941731e-04 -6.325979834135080082e-02 -3.086509994083194708e-02 -2.915061662953296467e-02 -2.621947903447677947e-02 nan nan nan nan nan
nan nan nan nan nan nan nan nan nan -3.850846400452163920e-02 -1.387956711019019788e-02 1.063972875822271659e-02 -1.172301467507064036e-02 -2.828598324626350677e-02 -8.811463306418033589e-03 -3.863579480932290838e-02 -3.177558352261917324e-02 -1.434619897281831091e-01 -1.158046386609523984e-02 -3.277097276527053682e-02 -6.289426203357560696e-02 -4.522725126426598713e-02 -3.691950660246007265e-02 -2.125219359364058716e-02 nan nan nan nan
nan nan nan nan nan nan nan nan nan nan 8.404863897023641395e-02 1.798770567925771918e-02 6.417267027694637319e-03 -4.565095909120601633e-03 -3.191552243806570349e-02 -2.591223841692729887e-02 -2.759401324728397685e-03 -2.378074887071248041e-03 -1.206767352845732610e-01 -1.637208566436912371e-01 -9.212783003827809680e-02 -3.057689851351560323e-02 -9.267423129937164827e-02 -6.139439669925481069e-02 -3.995443724518206452e-02 -2.153305348723127260e-02 nan nan
nan nan nan nan nan nan nan nan nan nan nan nan 1.483470168695098269e-02 2.226701848861381908e-02 -7.367918840953281180e-03 5.362309627354715919e-03 -1.780924947512863704e-02 1.938602374531940911e-02 -3.277762328279296838e-02 5.763745857004504147e-02 -5.885406998501758330e-02 -4.237131422913798656e-02 -1.075139449620172473e-02 -1.030120662238591216e-02 -1.748271171492602957e-02 -8.189096518631561183e-03 nan nan
nan nan nan nan nan nan nan nan nan nan nan nan nan -2.465914507427473777e-03 1.356935336802421455e-02 2.490054270349468038e-02 2.462524542935431524e-05 -1.182802811295863704e-01 -8.404620532006774154e-04 -2.594180154590411749e-02 -2.373641022592981945e-02 -3.714783618233684359e-02 -2.487880325914454405e-02 -6.865875125776964294e-02 8.353791819971170124e-03 5.859765130849893056e-04 nan nan
nan nan nan nan nan nan nan nan nan nan nan nan nan nan nan 8.879818644282871931e-02 6.200155711524388616e-03 2.204769161220430235e-02 1.923663738835339893e-02 8.408932143696028205e-02 1.355450491322761873e-02 7.631760521290543997e-02 1.062078191258833404e-01 -1.283313679726821692e-02 -1.174590688269478919e-02 1.277488277369646236e-02 nan nan
nan nan nan nan nan nan nan nan nan nan nan nan nan nan nan nan nan 1.396385809018851343e-01 1.061051459617793485e-01 1.094506375380518565e-01 2.438787572149279659e-01 -7.880086781429230039e-03 4.521241011649350383e-02 7.563868815273397384e-02 1.998656612991455903e-02 1.932779824409792610e-02 5.551306794094807047e-03 nan
nan nan nan nan nan nan nan nan nan nan nan nan nan nan nan nan nan nan nan nan 2.009290103102473121e-02 nan nan -1.763265693999497424e-02 4.182057424630123560e-02 4.507802741895180695e-03 nan nan
