nan nan nan -4.509578669079132573e-02 -5.889934211520884456e-03 nan nan nan nan nan nan nan nan nan nan nan nan nan nan nan nan nan nan nan nan nan nan nan
nan nan nan 4.112781290361221210e-04 -4.272572820228756618e-02 -5.753392135896836374e-02 -8.121855811144160220e-02 nan nan nan nan nan nan nan nan nan nan nan nan nan nan nan nan nan nan nan nan nan
nan nan -9.058013120063924256e-03 2.114447157209206965e-02 6.710073863926444004e-02 -1.358190762212912323e-02 7.555645379495632558e-03 -1.084199532180304126e-01 nan nan nan nan nan nan nan nan nan nan nan nan nan nan nan nan nan nan nan nan
nan 5.277757397828106503e-03 6.122346202948617672e-02 -9.228396412582300090e-02 5.287428211141845247e-02 -2.844777679710244062e-02 -2.480992380800755778e-02 -3.734983896937833087e-02 -1.200902265787555656e-01 nan nan nan nan nan nan nan nan nan nan nan nan nan nan nan nan nan nan nan
nan -9.621440186090514293e-04 -8.356503456790920778e-05 4.335121849422294421e-02 -2.808101481712398095e-02 3.204935182245270686e-02 -8.789376067219202213e-03 -1.119722240964968751e-01 -1.238568290522817361e-01 -1.895963650198260186e-01 nan nan nan nan nan nan nan nan nan nan nan nan nan nan nan nan nan nan
5.932746541433910059e-02 -6.639470125105725873e-02 9.330802948026398203e-02 2.676217027399162285e-02 -1.563373378425410021e-01 1.278480848565738577e-02 2.364007659885006968e-02 -2.177224776303828338e-02 3.084111133981097194e-02 nan nan nan nan nan nan nan nan nan nan nan nan nan nan nan nan nan nan nan
1.436803033213699121e-01 1.221620799158963100e-01 3.522947268061969728e-02 4.123763150975431196e-02 9.164385344881410822e-02 1.830069407362331091e-01 -2.838835200303722016e-03 -1.053134102854567100e-01 -1.202823844566294903e-01 nan nan nan nan nan nan nan nan nan nan nan nan nan nan nan nan nan nan nan
1.745932947406554636e-02 8.310394378505374380e-02 -2.914842360243672173e-02 1.089296321366037684e-01 -2.873358023632131483e-02 4.229415489632429997e-02 -4.064568409837043816e-02 -1.219059862483124618e-01 -1.143264138925238239e-02 nan nan nan nan nan nan nan nan nan nan nan nan nan nan nan nan nan nan nan
nan -4.383857054906088041e-03 -6.404277427268736944e-02 5.843706441086650438e-02 1.107313640682782568e-01 1.204676008346217825e-01 7.919370327572644586e-02 -6.383849528084438452e-02 1.603499008282635238e-02 -1.332256974765917701e-01 nan nan nan nan nan nan nan nan nan nan nan nan nan nan nan nan nan nan
nan 6.246708723484415728e-03 -1.490124136938097109e-02 6.834897753354444994e-02 1.381273765757299876e-01 7.472571252507428929e-02 9.770486382542789214e-03 9.595172224058304278e-02 -1.777003613404207205e-01 -1.202985713093250447e-01 nan nan nan nan nan nan nan nan nan nan nan nan nan nan nan nan nan nan
nan 5.908190005421309898e-02 2.270094153081032504e-02 3.076399995166968077e-02 2.771431927624995462e-02 3.397771574113381265e-02 3.867106815938692408e-03 6.728768397654589367e-03 4.517723377555809411e-02 -4.742653106510388156e-02 nan nan nan nan nan nan nan nan nan nan nan nan nan nan nan nan nan nan
nan nan 2.431047447119827343e-02 2.103624888756002245e-02 -2.138282257585256627e-02 1.081776462554032495e-02 6.437114475252606050e-02 -7.432291191443753109e-02 2.249751586047473231e-02 9.539784729328110169e-02 nan nan nan nan nan nan nan nan nan nan nan nan nan nan nan nan nan nan
nan nan 4.058364676069537227e-03 1.264409865034987583e-02 -2.797734458139324032e-02 nan 4.041831597541840210e-02 -3.372639137836185713e-02 -9.869899611020241381e-02 -1.362436792004159958e-01 nan nan nan nan nan nan nan nan nan nan nan nan nan nan nan nan nan nan
nan nan nan nan nan nan 2.347942631663656882e-02 1.102109037488449746e-02 -3.280915440581271686e-02 -9.051558095274529758e-02 nan nan 1.462176317624709898e-01 nan nan nan nan nan nan nan nan nan nan nan nan nan nan nan
nan nan nan nan nan 2.943893689266604413e-02 -1.689216231243508698e-02 1.958978992981376746e-02 -6.300530594405794049e-02 -1.811760820890567086e-02 nan nan nan nan nan nan nan nan nan nan nan nan nan nan nan nan nan nan
nan nan nan nan nan -5.176646625019715696e-03 2.656366476098492944e-03 -2.005917179981031584e-02 -1.695421830951220066e-02 -9.412572282772341259e-02 -1.797319187017147948e-02 nan nan nan nan nan nan nan nan nan nan nan nan nan nan nan nan nan
nan nan nan nan nan 5.691439229249348891e-02 -1.943901768998236666e-03 2.829388513479141193e-02 -2.383400685056442925e-02 -9.741445905253114101e-02 -7.809357683585167048e-03 4.209295337727653880e-02 nan -1.420053849493216683e-02 nan nan nan nan nan nan nan nan nan nan nan nan nan nan
nan nan nan nan nan -1.025391014946461753e-02 1.088044152750367033e-02 -3.739702364048183569e-02 -2.176933898465189393e-02 -3.988130747271422666e-02 -1.393467062510461985e-01 -2.232216653244655236e-01 -1.964389491785292416e-02 2.938621471455115514e-02 -1.317970761445767976e-02 nan nan nan nan nan nan nan nan nan nan nan nan nan
nan nan nan nan nan -8.539256450867585557e-02 -6.030651987837556960e-02 -1.991048608779255602e-02 -1.872128184457995392e-02 6.865048669432978999e-03 1.012718793933715077e-02 5.810896403263755144e-03 -1.662095605317737979e-01 -1.096949054251332434e-01 7.742158392929254958e-03 -3.634454473558825036e-03 -1.892658490164488699e-02 nan nan nan nan nan nan nan nan nan nan nan
nan nan nan nan nan nan 1.355238852794593551e-02 1.358535648331173247e-02 -9.048106776722143405e-03 -2.025714771828966004e-02 -2.563001378904275138e-02 1.098249513292318125e-02 2.992952047559689285e-02 -5.527011062851432815e-02 -1.898684694424972522e-02 4.210020899810582029e-02 -2.258242309582019283e-02 -4.454924738623563217e-03 nan nan nan nan nan nan nan nan nan nan
nan nan nan nan nan nan nan -1.052982888070764719e-02 1.381585525643405643e-02 9.505598263006697236e-04 5.596877025510517412e-03 -1.685865257217383090e-02 -1.908599765590482736e-02 -6.198612172491343997e-02 -1.409002294153211265e-01 -9.862372531993260361e-02 2.771149995677860481e-02 1.190967584822286672e-02 -4.678654316513370173e-03 nan nan nan nan nan nan nan nan nan
nan nan nan nan nan nan nan -3.040172004060878383e-02 1.923044724632117300e-02 -4.509468388835659834e-03 -6.712145223335411887e-03 -4.426176221704410801e-02 -6.502841085549850020e-02 -1.340946032107668932e-02 -2.718336758552139173e-02 -1.382739818527487230e-01 -1.109587159738425199e-01 -1.421270553095982936e-01 -5.780059135670966713e-02 -1.649396012682957310e-02 -3.802601849910322747e-03 nan nan nan nan nan nan nan
nan nan nan nan nan nan nan nan -3.256617876520378346e-02 4.722840511653892716e-03 4.481798861042712162e-02 -2.295322863750596729e-02 -8.428197057193073313e-03 -2.668444646576369206e-02 -2.627417808052615739e-02 -6.210902083857089417e-02 -1.307480925264644378e-01 1.092998124142750410e-01 1.813589678688609305e-02 -6.975546991685814546e-02 -4.140852727357188096e-02 -4.306141796015251766e-02 nan nan nan nan nan nan
nan nan nan nan nan nan nan nan nan 3.003099780772163028e-03 6.571473432900500587e-03 3.180941775379929337e-02 -8.682711396535917892e-03 -1.108938529614245973e-02 -1.440553745860372048e-02 -2.090615552918782469e-02 -9.478786769792814371e-02 -1.579339025524423012e-01 5.063454706505580993e-02 -1.648248896579598832e-02 -5.685338298224085901e-02 -5.736210410375228858e-02 -4.893286147287460863e-02 3.920008321881479803e-03 nan nan nan nan
nan nan nan nan nan nan nan nan nan nan 4.215726926363373012e-02 3.593293295534556470e-03 9.309640206728484260e-03 2.276562572277863669e-02 -1.783259942654993532e-02 -1.408389116276008261e-02 1.303630681686943939e-02 -2.873011498146897658e-02 -1.995454518952346212e-01 -1.670729770765292110e-01 -4.665131624689641127e-02 -1.844951851976155480e-02 -6.557735509392083328e-02 -3.047415496089937378e-02 -2.659841820146664759e-02 8.710332206777414085e-03 nan nan
nan nan nan nan nan nan nan nan nan nan nan nan 2.750442840801632649e-02 7.533235311259582070e-05 -4.797654227188292639e-03 -8.813869916254490899e-03 -5.933113417445799558e-03 -2.712246119623951124e-02 -4.004860032071110715e-02 -7.911753294243100906e-03 -1.265931586261253017e-01 -3.943739021452227766e-02 2.678293448060329457e-02 -8.094464167707350610e-03 3.146731576798202350e-03 -5.850509921280772204e-04 nan nan
nan nan nan nan nan nan nan nan nan nan nan nan nan 3.726701046876031934e-03 1.716650485220349437e-02 4.829773974885748222e-02 2.690599906327290763e-02 -6.125009183792090584e-02 -5.895594240384349066e-02 -8.087633285952626483e-03 -9.484395750724620988e-02 -7.090128537522283336e-02 -1.006549874755080856e-02 -3.463679746067810372e-02 6.075520421427575181e-03 3.304694745225386990e-03 nan nan
nan nan nan nan nan nan nan nan nan nan nan nan nan nan nan 6.824359857846393207e-02 2.494824050110862335e-02 1.016267315528367361e-02 5.279215698314198429e-03 8.582912188901542505e-02 5.896452844668681470e-02 1.388393196790105311e-01 3.362263845924489541e-02 -5.579055595860763633e-02 -2.970065731932813868e-03 2.105293999611139444e-02 nan nan
nan nan nan nan nan nan nan nan nan nan nan nan nan nan nan nan nan 1.722305582579336525e-01 1.811771173489883924e-01 1.585634155084927055e-01 2.605782835726099811e-01 -4.414530775923937445e-02 6.218738621415611373e-02 5.561218060917305639e-02 1.098289303164421554e-02 5.370387797551387683e-03 -3.605982980159802478e-03 nan
nan nan nan nan nan nan nan nan nan nan nan nan nan nan nan nan nan nan nan nan -7.262096235424518598e-02 nan nan -6.600100063290161023e-02 1.427281395849237799e-01 -1.083190933960213008e-02 nan nan
