nan nan nan 2.504989760089470704e-02 -3.566502579538465695e-02 nan nan nan nan nan nan nan nan nan nan nan nan nan nan nan nan nan nan nan nan nan nan nan
nan nan nan -2.743565280000884177e-02 1.787310387339253667e-02 -7.312468659972355678e-02 -1.391076694532581981e-01 nan nan nan nan nan nan nan nan nan nan nan nan nan nan nan nan nan nan nan nan nan
nan nan 4.423923124938596019e-02 -4.081964881072287082e-02 1.447329670429162857e-02 -3.324472986072368741e-02 1.361832543729968922e-03 -1.310314201405795020e-01 nan nan nan nan nan nan nan nan nan nan nan nan nan nan nan nan nan nan nan nan
nan -5.452191419297117321e-03 1.853833512692226390e-02 1.048775822610047426e-01 -3.368463850089403744e-02 1.033985946703496091e-02 -8.890502552792446667e-02 2.349442567913138154e-03 -1.146281933462268143e-01 nan nan nan nan nan nan nan nan nan nan nan nan nan nan nan nan nan nan nan
nan -6.985047241322984470e-03 2.571471121573638829e-02 9.339262426154069929e-02 1.020679060269788219e-01 8.512533719799447729e-02 -3.561060017727267490e-02 -4.570393577133920193e-02 -1.090510335193199953e-01 -1.413758169444222501e-01 nan nan nan nan nan nan nan nan nan nan nan nan nan nan nan nan nan nan
2.025145236250722458e-01 -3.075569250705695659e-02 -8.101375687349453292e-02 5.689164028655377403e-02 -6.605105787527525141e-02 -2.998681959324550356e-03 -8.485530310496194537e-03 -6.488736707292948325e-02 2.719477716387595778e-02 nan nan nan nan nan nan nan nan nan nan nan nan nan nan nan nan nan nan nan
-2.379842521528760871e-02 4.051933786694080636e-02 4.418322391109831548e-02 2.504355814916370618e-02 -7.202876766801113995e-02 -2.837412975677958138e-02 -3.137022579769506870e-03 -1.187002834056928302e-01 -1.380328925004561946e-01 nan nan nan nan nan nan nan nan nan nan nan nan nan nan nan nan nan nan nan
4.967618038002771796e-02 1.175618120597548832e-01 2.551193423847838634e-02 9.312486932371512316e-02 2.463541412539014749e-02 2.231782594994302302e-02 -3.318815979270774152e-02 -1.008688322819804306e-01 -6.403851802998618281e-02 nan nan nan nan nan nan nan nan nan nan nan nan nan nan nan nan nan nan nan
nan 2.246458172859787036e-02 1.438578940351262214e-01 -1.582179044907427567e-03 -3.011731865673000427e-02 -1.942484397619110344e-03 -1.338989706395096561e-02 -4.271362817628666236e-02 -2.399594998916431549e-02 -1.172204017303790230e-01 nan nan nan nan nan nan nan nan nan nan nan nan nan nan nan nan nan nan
nan -2.479679449498355462e-02 3.601495556576109897e-02 1.861625102907845872e-02 6.221039009194249264e-02 6.670466017878391718e-02 -4.599946954880760664e-04 8.315102578925590016e-02 -1.515907285308080166e-01 -1.491757380084765827e-01 nan nan nan nan nan nan nan nan nan nan nan nan nan nan nan nan nan nan
nan 1.018741410033225346e-02 2.502217428977945510e-02 -3.386889581849040001e-03 -1.081710547645008125e-02 -1.410059602692511141e-02 4.763004500093193788e-02 2.641187476142591375e-02 6.497193840657106145e-02 -5.070203070547767144e-02 nan nan nan nan nan nan nan nan nan nan nan nan nan nan nan nan nan nan
nan nan -6.966219698868986177e-03 8.819194136401546646e-02 1.275331134078561829e-02 8.150347344581732045e-02 5.186467230434488491e-03 -7.371806260826885282e-02 5.850044792265150784e-02 9.608179913695578944e-02 nan nan nan nan nan nan nan nan nan nan nan nan nan nan nan nan nan nan
nan nan 3.576433249312029310e-03 5.042708459164361827e-03 1.106709269803927975e-02 nan 1.900424255366548257e-02 -1.066050048126767624e-01 -3.071238505413617301e-02 -1.076373135072655057e-01 nan nan nan nan nan nan nan nan nan nan nan nan nan nan nan nan nan nan
nan nan nan nan nan nan 2.158760530692981419e-02 -1.584227525454192861e-02 -7.864564879083382753e-02 -3.540807696583050945e-02 nan nan 4.363931373205253567e-02 nan nan nan nan nan nan nan nan nan nan nan nan nan nan nan
nan nan nan nan nan 4.479607353428170791e-02 -1.080224410743620134e-02 8.240181634792704147e-04 -1.175544334907792365e-01 -7.859030904604298942e-03 nan nan nan nan nan nan nan nan nan nan nan nan nan nan nan nan nan nan
nan nan nan nan nan 2.467133223905969112e-03 1.012081862869284796e-02 1.978174860962600423e-02 -1.399128667164396345e-03 -3.591194136943413884e-02 -3.490255168386581508e-02 nan nan nan nan nan nan nan nan nan nan nan nan nan nan nan nan nan
nan nan nan nan nan 1.234358439348580416e-02 -3.999705844103203928e-02 3.994999509078521471e-02 -3.486844177809755863e-02 -1.125209749513693541e-01 1.256351004122485335e-02 1.471594478433578893e-02 nan -2.802131485860055379e-02 nan nan nan nan nan nan nan nan nan nan nan nan nan nan
nan nan nan nan nan 6.967213404026876070e-03 9.346492012869170275e-05 -5.840467095209009307e-02 -4.921378153109847581e-02 -8.312482520981036294e-02 -1.202538776904743117e-01 -2.077049002139005340e-01 2.038182885586288257e-03 2.380366472007684753e-02 -2.287671323526994926e-02 nan nan nan nan nan nan nan nan nan nan nan nan nan
nan nan nan nan nan -7.098303835947376850e-02 -6.071834825065606372e-02 -4.348588130058195222e-02 -3.084738345985088559e-02 -1.730853620146542357e-02 -3.435313956905189370e-02 -1.661983390394990981e-03 -1.743418158010330843e-01 -1.041302645137620192e-01 1.073922096032529742e-02 -8.921278802734237522e-04 -2.232129985966856134e-02 nan nan nan nan nan nan nan nan nan nan nan
nan nan nan nan nan nan -1.784367403235750590e-02 -3.473588118114413759e-03 -1.005531739578100804e-02 -3.409397235085440819e-02 -2.296469367207123677e-02 2.098833257110120296e-02 4.559730271318376306e-03 -7.449370866769478017e-02 -7.639643987676350556e-02 2.776248020414565434e-02 -3.285635659306042344e-02 -2.245093446133877846e-02 nan nan nan nan nan nan nan nan nan nan
nan nan nan nan nan nan nan -1.576135593184029363e-02 2.511829765468178246e-04 -1.307633637733413012e-02 -9.315135680885881092e-03 -2.851682307895535284e-02 -1.117499222644748567e-02 3.570620601760085382e-03 -1.019791837590736244e-01 -1.353321251310125595e-01 -1.421557404772165641e-02 -1.019472946233136723e-02 -3.924334227728461244e-02 nan nan nan nan nan nan nan nan nan
nan nan nan nan nan nan nan -4.821686778458124725e-03 1.555026053390479342e-02 -7.508634369859836476e-03 -2.332526585260630628e-02 -4.385005660057924443e-02 -7.123621182018140263e-02 -1.001503053248656468e-02 -5.274709281959737844e-02 -1.069037363182394479e-01 -1.313359358253237963e-01 -1.498509666783955641e-01 -5.240381870645575285e-02 -3.346237732296211687e-02 nan nan nan nan nan nan nan nan
nan nan nan nan nan nan nan nan -1.444008362626583546e-02 2.319164573567156218e-02 -4.391856453031804663e-02 -1.885367920403321559e-02 -4.794349634088788947e-02 -6.983062278320043004e-02 -4.102697250284731423e-02 -4.886626896859804642e-02 -1.119824705090001760e-01 3.502555643639215788e-02 9.818998437151701562e-05 -6.635499182334449186e-02 -4.108978067949278778e-02 nan nan nan nan nan nan nan
nan nan nan nan nan nan nan nan nan 1.719888231576533269e-02 6.749471396238974734e-03 2.127479737814350416e-02 -9.806082077750436984e-03 -2.238134436210664421e-02 -2.743766732421975066e-02 -3.430927434960229228e-02 -4.958650375643907510e-02 -1.396444226247187392e-01 -4.389168432772055754e-04 -2.659653415674544108e-02 -6.082583938118604067e-02 -5.689308594250821333e-02 -3.646594699152146818e-02 nan nan nan nan nan
nan nan nan nan nan nan nan nan nan nan 4.831769712453910098e-02 9.310352174769031749e-03 -1.225564279560939452e-03 -8.639219327397827664e-03 -2.675323769037860761e-02 -1.276246649195864752e-02 -1.266262816427891381e-02 -1.348841038642003241e-02 -1.277000136579011791e-01 -1.611605826204940140e-01 -8.552130505299335161e-02 -5.936509099441883083e-03 -5.909981559390514033e-02 -5.202439618409273464e-02 -3.774741538410437969e-02 nan nan nan
nan nan nan nan nan nan nan nan nan nan nan nan 4.892861862089825827e-03 -4.517176186777655108e-04 -9.307482026563231384e-03 7.801549729913720681e-04 3.514856853398961537e-03 1.888457567066161025e-02 -7.921612492829624083e-03 6.521178676416283966e-03 -7.885040174058584317e-02 -6.344301963032346336e-02 -2.116499985674878334e-02 -2.110803381071162804e-02 -2.156304904637423858e-02 -3.196057247218989181e-03 nan nan
nan nan nan nan nan nan nan nan nan nan nan nan nan 1.660673086980640756e-02 1.632906185212458505e-02 4.661319233561217468e-02 9.122511719593336121e-03 -6.270030683177954534e-02 -3.888772617700107792e-02 4.274739744430094968e-02 -5.703684613038976017e-03 -3.387655295454294890e-02 -2.687495757674876820e-02 -2.977863379619105633e-02 5.083893631191676969e-03 5.641097427661026682e-04 nan nan
nan nan nan nan nan nan nan nan nan nan nan nan nan nan nan 4.456045274899810005e-02 -1.697297382602783178e-02 -1.322222091277704212e-03 -3.839695769696235307e-03 9.233654489285182676e-02 5.465157000998307774e-04 1.130858268178417114e-01 8.128615647415113332e-02 2.649165844554600933e-03 -3.833150987780995899e-03 1.669956743577403688e-02 nan nan
nan nan nan nan nan nan nan nan nan nan nan nan nan nan nan nan nan 8.717184938604592703e-02 1.371411646349982028e-01 1.055902830899307643e-01 2.483710024867689103e-01 7.907690993663028800e-03 7.917718583371259611e-02 3.498853949626595794e-02 1.783712154878702369e-02 1.108425899983796724e-02 5.550306145523095820e-03 nan
nan nan nan nan nan nan nan nan nan nan nan nan nan nan nan nan nan nan nan nan 4.595755875353015746e-02 nan nan -2.800143406535264556e-02 5.709932199922782350e-03 -9.914526356067582865e-04 nan nan
