nan nan nan 5.633100454883194913e-02 4.859732245943705620e-02 nan nan nan nan nan nan nan nan nan nan nan nan nan nan nan nan nan nan nan nan nan nan nan
nan nan nan 3.123207980312007158e-03 1.687603628134793157e-02 -4.765212225259960604e-02 -1.298267833837574714e-01 nan nan nan nan nan nan nan nan nan nan nan nan nan nan nan nan nan nan nan nan nan
nan nan 6.311365563838290671e-02 8.697062775749195979e-03 -3.678096718821489974e-02 -4.211651627458554842e-02 1.291668796210855737e-02 -9.875370776631153813e-02 nan nan nan nan nan nan nan nan nan nan nan nan nan nan nan nan nan nan nan nan
nan 1.792017957891806068e-01 -7.211287865144609677e-02 6.756199008012743479e-02 2.683467157780171017e-02 -3.656290580393227463e-02 -5.379073048428825721e-02 9.019522276066482477e-03 -1.032007870387736947e-01 nan nan nan nan nan nan nan nan nan nan nan nan nan nan nan nan nan nan nan
nan 2.735398929060244098e-03 8.329138463176041784e-02 -6.591342684978161726e-02 7.168488758100038938e-02 7.095270141925366647e-02 -1.924872879114629398e-02 -5.718796329181900090e-02 -8.952475088017823601e-02 -1.272291177700149989e-01 nan nan nan nan nan nan nan nan nan nan nan nan nan nan nan nan nan nan
3.318714369780695339e-02 -5.780665167381560804e-03 2.105020385528177506e-03 1.345793189043589244e-01 -4.708661625010469864e-02 5.629507798025018550e-02 -4.320721875833137549e-02 -4.192843628782347287e-02 -2.119340516872064706e-02 nan nan nan nan nan nan nan nan nan nan nan nan nan nan nan nan nan nan nan
7.394189903014571075e-02 2.686192312174005559e-01 -6.249428012309692776e-02 3.771801610140917971e-02 -7.962315732307660016e-03 -1.961453974370599290e-02 1.074784573330662095e-02 -1.243219261322488223e-01 1.418483569501333141e-03 nan nan nan nan nan nan nan nan nan nan nan nan nan nan nan nan nan nan nan
5.134160060898520367e-02 9.601568431348206367e-02 1.232208230641394647e-01 3.959381678701977963e-02 -1.160536498563426444e-01 -7.056640222416780961e-02 -5.394471947541671503e-03 -1.051024388313268332e-01 -1.967771597529881233e-02 nan nan nan nan nan nan nan nan nan nan nan nan nan nan nan nan nan nan nan
nan 4.430057104167413329e-02 -9.027299110877559651e-03 5.624424220604633262e-02 6.948811261639852022e-02 5.310626836565023740e-02 1.913429615826118396e-02 -5.717116242401355103e-02 -4.890657480421942149e-02 -1.341736666697803948e-01 nan nan nan nan nan nan nan nan nan nan nan nan nan nan nan nan nan nan
nan -4.721024191222614186e-02 4.610923301039004767e-03 1.057092356757520640e-01 1.428519102004250363e-01 1.110464625607695544e-01 -4.470018596034323194e-02 5.919895884754078352e-02 -1.231327901676506631e-01 -1.115760497608992430e-01 nan nan nan nan nan nan nan nan nan nan nan nan nan nan nan nan nan nan
nan 1.045825712390919121e-01 3.504106781046108232e-02 -1.796414791790050189e-02 7.274307577692750229e-03 6.404565013816819474e-02 4.117912476649143727e-02 2.741119670712671361e-02 4.375507765467729487e-02 -5.223205620436047192e-02 nan nan nan nan nan nan nan nan nan nan nan nan nan nan nan nan nan nan
nan nan 7.848540504452139119e-03 3.445628360188927874e-02 2.082437657241755641e-02 4.200859892390543249e-02 1.907468132687525214e-02 -1.823085340253034481e-01 3.788658739502653860e-02 1.055329480040859969e-01 nan nan nan nan nan nan nan nan nan nan nan nan nan nan nan nan nan nan
nan nan 2.657748680846420616e-02 1.443786793607401350e-02 4.695985118235107558e-02 nan -8.901429089755961976e-03 -5.684079019239077213e-03 -9.855023339770487001e-02 -1.151093125668197770e-01 nan nan nan nan nan nan nan nan nan nan nan nan nan nan nan nan nan nan
nan nan nan nan nan nan 3.262339098167910817e-02 4.915475548099638471e-03 1.731862240053801821e-02 -7.405861749121210591e-02 nan nan 1.454092605727318188e-01 nan nan nan nan nan nan nan nan nan nan nan nan nan nan nan
nan nan nan nan nan 3.510705690116624339e-02 -4.927336245064758286e-02 1.254461111157532081e-02 -1.064304983916164044e-01 6.377708871438837919e-03 nan nan nan nan nan nan nan nan nan nan nan nan nan nan nan nan nan nan
nan nan nan nan nan -3.892813960666320974e-03 1.379754023089999233e-02 3.352171586387449592e-03 -1.202921483637940138e-02 -8.689232068603944259e-02 -1.939853808037379779e-02 nan nan nan nan nan nan nan nan nan nan nan nan nan nan nan nan nan
nan nan nan nan nan 5.513303179341694921e-03 -3.842554409501308665e-02 2.800864911718343314e-02 -4.897112427978573927e-03 -6.711181072365147993e-02 -2.848187658320796168e-03 2.869572374490008196e-02 nan -2.290905996501675299e-02 nan nan nan nan nan nan nan nan nan nan nan nan nan nan
nan nan nan nan nan 2.643517920186390022e-02 4.779717297448297063e-03 -6.779746650365928162e-02 -5.350071869022027249e-02 -5.775704412073708049e-02 -8.824355297416866528e-02 -2.096179283846877905e-01 -2.826279347529107172e-02 2.842726343005475692e-02 -1.684068208245730058e-02 nan nan nan nan nan nan nan nan nan nan nan nan nan
nan nan nan nan nan -5.095504889635340401e-02 -2.271128810956898544e-02 -3.588242942214566085e-03 -1.849630801409442304e-02 -3.816200132432293057e-02 -3.711583388464662764e-02 -1.867067296420393818e-02 -1.658823579475443011e-01 -1.120998930825286288e-01 1.160159600828977559e-02 -2.930956629262383359e-02 -1.441626139033501614e-03 nan nan nan nan nan nan nan nan nan nan nan
nan nan nan nan nan nan -6.094854509633196131e-03 1.536715363858691570e-03 1.793316410651381700e-03 -1.270646740857526991e-02 -1.410867907495023596e-02 4.880054964380661775e-02 2.286950551994183442e-02 -5.181396163370185354e-02 -5.279736571946452850e-02 1.851440827559458144e-02 -5.096783310940371237e-02 -2.108780318638967324e-02 nan nan nan nan nan nan nan nan nan nan
nan nan nan nan nan nan nan -2.428377059270775407e-02 -8.708941290230231766e-03 -8.101125746066147049e-03 -1.248462391581270543e-02 -4.169552391077791659e-02 -1.199752237055119047e-02 1.307350102804546218e-03 -9.586463859596337789e-02 -1.283624476909564216e-01 -7.457622027081008999e-03 1.379751450818017706e-03 -3.421842771153740109e-02 nan nan nan nan nan nan nan nan nan
nan nan nan nan nan nan nan -1.034489960911735146e-02 6.415426015947777068e-03 -1.046941480717542006e-02 -1.261998647883759081e-02 -5.809117081973742130e-02 -9.055674141177662284e-02 -1.964809948553909117e-03 -2.257338176096039886e-03 -9.500443750454501401e-02 -1.244380561322835227e-01 -1.495453320415132681e-01 -5.767085791869885902e-02 nan nan nan nan nan nan nan nan nan
nan nan nan nan nan nan nan nan -1.900254051655063739e-02 1.053743131427787444e-02 -4.319212304688345438e-02 -7.668443525424354680e-03 -3.132366153334723013e-02 -6.740146813066207054e-02 -5.715777638677081024e-02 -1.593766234286107114e-02 -1.017070595359012147e-01 3.240183147903762800e-02 -2.469663314188322908e-03 -6.186125617018508466e-02 nan nan nan nan nan nan nan nan
nan nan nan nan nan nan nan nan nan -2.155981326567640161e-02 7.689813833400045359e-03 1.799622769491010174e-02 -4.747074524143993397e-04 -7.793085704418603252e-03 -3.329269663842023691e-02 -4.423642049433001294e-02 -4.091469675673302386e-02 -1.288185521849851967e-01 -2.959778752063609453e-03 -2.822675020717341221e-02 -6.195216705226298110e-02 nan nan nan nan nan nan nan
nan nan nan nan nan nan nan nan nan nan 3.808498620636817378e-02 4.135314068333723406e-03 -9.065299460871352119e-03 -8.247345476291913571e-03 -2.102000861977921728e-02 -3.771162193828445086e-02 -1.599142164310795797e-02 -1.856969488093792447e-02 -1.250196759850331352e-01 -1.557238192354774287e-01 -7.623259060508123797e-02 1.556546725248718734e-03 nan nan nan nan nan nan
nan nan nan nan nan nan nan nan nan nan nan nan 2.752160220416532271e-02 -4.540868898790626114e-03 -5.625846468845471446e-03 9.201658576065188319e-03 -7.321088202901754978e-04 2.161990480594016412e-02 -6.525409184866336199e-02 3.432138025264197534e-02 -7.786393710982197902e-02 -6.159209218428892546e-02 -4.211034445885556560e-02 -2.627567525094074222e-02 nan nan nan nan
nan nan nan nan nan nan nan nan nan nan nan nan nan 1.217745155515122767e-02 1.433799390687440917e-02 5.055391355208781190e-02 1.506213046091385045e-02 -6.765442274782687559e-02 2.226885194537128114e-04 2.744715915675162432e-02 -7.199877536581059112e-02 -6.139916537955818904e-02 -1.833805652271565390e-02 -3.577807113278531903e-02 7.226608040502963647e-04 8.300481992709265663e-03 nan nan
nan nan nan nan nan nan nan nan nan nan nan nan nan nan nan 4.035668084874380335e-02 4.374394892019396047e-03 1.529979620984533821e-02 3.392116354466588601e-02 3.573709941827313274e-02 -2.173988269065997569e-02 8.412554763621467313e-02 7.676154227397539304e-03 -2.400783900615985345e-02 -1.518670484407365698e-02 1.868840412535308733e-03 nan nan
nan nan nan nan nan nan nan nan nan nan nan nan nan nan nan nan nan 1.204583934053273242e-01 1.020014594052526674e-01 6.504117356678612571e-02 2.093688565656174339e-01 2.182870874887531121e-02 3.702707889759936782e-02 3.040065858355309528e-02 1.098914510875362988e-02 -9.624372301782774947e-03 -1.657148307683118131e-03 nan
nan nan nan nan nan nan nan nan nan nan nan nan nan nan nan nan nan nan nan nan 5.967826858576140425e-02 nan nan -7.460000495419420730e-02 1.519235172128778101e-02 6.365856369670774492e-04 nan nan
