nan nan nan 8.656999921081662622e-03 4.397159523631064687e-02 nan nan nan nan nan nan nan nan nan nan nan nan nan nan nan nan nan nan nan nan nan nan nan
nan nan nan -4.989544787456749730e-02 -2.069229095333638066e-02 -6.633600086184385236e-02 -1.895724793090889648e-01 nan nan nan nan nan nan nan nan nan nan nan nan nan nan nan nan nan nan nan nan nan
nan nan 9.187684873124879470e-03 1.234027408857453836e-02 4.167025846183073506e-02 -4.317679571546508693e-02 3.350449575737458278e-03 -1.635642057931216142e-01 nan nan nan nan nan nan nan nan nan nan nan nan nan nan nan nan nan nan nan nan
nan 1.522860231508508903e-02 2.961885686241076589e-03 3.243169201311293937e-02 9.064222577848989396e-03 1.055973195758495332e-02 -5.631130748658966234e-02 -3.209541786405221107e-03 -1.097412682142519524e-01 nan nan nan nan nan nan nan nan nan nan nan nan nan nan nan nan nan nan nan
nan -1.124534524870002133e-01 5.189353339020335437e-02 1.147122201839560762e-01 1.129995802348918860e-01 -6.502893766094275385e-02 -1.382214236485373310e-02 -8.446452812595481308e-02 -7.440087028715307305e-02 -2.072655139916847189e-01 nan nan nan nan nan nan nan nan nan nan nan nan nan nan nan nan nan nan
1.141678311265091061e-01 1.605939292934397133e-01 -3.754570171890946745e-02 2.020641785878193528e-02 -1.103472226867962258e-01 2.158398621355872224e-02 1.026492138389738847e-04 -5.338299230136356321e-02 -4.792714764944204335e-03 nan nan nan nan nan nan nan nan nan nan nan nan nan nan nan nan nan nan nan
6.826850997689815070e-02 -1.338530004448772702e-02 2.090142759304310788e-02 -3.976271043108465381e-02 -1.407949390438941600e-02 9.867505315793733550e-03 -7.881187722738536294e-02 -7.742260232354103433e-02 -9.611616552219991172e-02 nan nan nan nan nan nan nan nan nan nan nan nan nan nan nan nan nan nan nan
5.737775174473041390e-02 1.132907111240948617e-01 1.677258455911863344e-01 1.084833402151042930e-01 -2.131170278782570579e-02 8.310825802708419249e-04 1.121769545134233478e-02 -1.475761954634922657e-01 -1.554368153638927830e-01 nan nan nan nan nan nan nan nan nan nan nan nan nan nan nan nan nan nan nan
nan 3.518668281426937106e-02 9.362733743948144227e-02 4.870431022241947933e-02 4.217489846841075696e-02 -8.564856146683717808e-02 9.411827747361625751e-02 -5.437710645005186527e-03 -4.824493743573859267e-02 -1.731821839633600757e-01 nan nan nan nan nan nan nan nan nan nan nan nan nan nan nan nan nan nan
nan -2.869865661814478830e-02 8.948954655221988408e-02 8.412716655431889956e-02 1.546283313890681743e-01 1.175254441539836936e-01 -3.695455101976061977e-03 2.613839265312007526e-02 -1.272919863682576980e-01 -1.177434001551752596e-01 nan nan nan nan nan nan nan nan nan nan nan nan nan nan nan nan nan nan
nan 4.197214197155800519e-02 1.767326021254378085e-02 -3.036718308798768209e-02 6.422635976968603562e-03 5.317085290348854548e-02 1.033370823716144998e-01 -2.110446977227112275e-02 1.127023562989385233e-02 -5.219522414847659053e-02 nan nan nan nan nan nan nan nan nan nan nan nan nan nan nan nan nan nan
nan nan -7.699105363347443637e-03 5.955723942253055014e-02 1.146003218817765422e-02 7.782116808709453604e-02 4.514767478822753061e-02 -7.658988541047044574e-02 1.913949600665511980e-02 1.061110494789803682e-01 nan nan nan nan nan nan nan nan nan nan nan nan nan nan nan nan nan nan
nan nan 1.930570388554091535e-02 1.810836035585193168e-02 3.530054251950216770e-02 nan 4.531404940837277517e-02 -2.171322261127145090e-02 -1.576887344294822940e-02 -7.036055439279355339e-02 nan nan nan nan nan nan nan nan nan nan nan nan nan nan nan nan nan nan
nan nan nan nan nan nan 3.874505759783683327e-03 -1.652155908233834958e-02 -8.326741128212039600e-02 -6.447993361021024661e-02 nan nan 1.847630811617728963e-01 nan nan nan nan nan nan nan nan nan nan nan nan nan nan nan
nan nan nan nan nan 6.752752305027438784e-02 -9.681516040368454493e-03 5.234198036574867763e-02 -8.510032833400300867e-02 -5.402969951649518737e-02 nan nan nan nan nan nan nan nan nan nan nan nan nan nan nan nan nan nan
nan nan nan nan nan -4.513304474957111935e-03 1.006090845393778528e-02 4.703252692888354979e-03 -1.730758789311472728e-02 -1.038613585307119197e-01 1.153259940725399934e-03 nan nan nan nan nan nan nan nan nan nan nan nan nan nan nan nan nan
nan nan nan nan nan 3.064683179027196183e-02 -4.153872966021796009e-02 1.380186748795249330e-02 -3.611695850839566346e-02 -1.224784318167379121e-01 -1.714981545495482262e-02 3.330886967660426357e-02 nan -2.499945672671418512e-02 nan nan nan nan nan nan nan nan nan nan nan nan nan nan
nan nan nan nan nan 5.667029903456046597e-03 -1.008386143823928986e-02 -6.038879471366227769e-02 -4.600546940710979749e-02 -7.091910070183077286e-02 -1.285410767838062185e-01 -1.950894501239570644e-01 -1.189006090957619825e-02 2.474152617533954823e-02 -1.185451106486979690e-02 nan nan nan nan nan nan nan nan nan nan nan nan nan
nan nan nan nan nan -9.048619488747640383e-02 -4.869327103741203505e-02 -2.885106005861465608e-02 -3.018838839178035124e-02 -2.216554481889914871e-02 -4.850592772877787562e-02 -8.229974445659033258e-03 -1.519612202565504000e-01 -1.184306253523591673e-01 1.270227724241654137e-02 8.102319271932029165e-03 1.960677126909597320e-02 nan nan nan nan nan nan nan nan nan nan nan
nan nan nan nan nan nan -8.407788343848436943e-03 1.468852367736721981e-02 -3.570332849495237888e-03 -1.138543019568187369e-02 -5.406086323413001292e-03 2.760860069430343382e-03 5.972492701766518412e-03 -6.331757531381819459e-02 -6.341593681356455514e-02 1.705607277474660219e-02 -1.204873973395057841e-02 -2.215992313287916751e-02 nan nan nan nan nan nan nan nan nan nan
nan nan nan nan nan nan nan -2.335367464209064936e-03 1.680581444132010771e-02 3.853885945533911186e-03 -1.142127634039137411e-02 -2.651860259749439647e-02 -2.125537547525781570e-02 -1.520452874193045254e-03 -8.902484833929383279e-02 -1.237914035160174037e-01 2.415751915519875892e-03 8.003267694864871912e-03 -3.170820351768967316e-02 nan nan nan nan nan nan nan nan nan
nan nan nan nan nan nan nan -6.158946915813288264e-03 1.560472253115211330e-02 -9.243436326973135039e-03 -3.775433008133950892e-03 -3.649049367581124609e-02 -7.091995669308887029e-02 -1.547040867890317082e-03 -2.699079016566334477e-02 -1.125546000146024073e-01 -1.347707773616927951e-01 -1.406131816834902404e-01 -3.467923322675352249e-02 -2.384182424330173744e-02 nan nan nan nan nan nan nan nan
nan nan nan nan nan nan nan nan 1.253678272247226756e-03 2.027863209843997275e-02 -7.195522642297595521e-03 -1.232547844070130440e-02 -3.019577413673744937e-02 -4.177532310835722212e-02 -3.298289732924172130e-02 -1.311664328992565368e-02 -9.578020882428285587e-02 3.750945343295756379e-02 -3.648852360523436797e-03 -6.565993029208533338e-02 -2.180224484807450833e-02 nan nan nan nan nan nan nan
nan nan nan nan nan nan nan nan nan -1.989375111249432288e-04 1.911569370436619212e-03 3.719854394684707095e-03 -1.579488749583569940e-02 -2.867825265215822109e-02 -1.849559746688644174e-02 -3.590849909597026990e-02 -5.575917736554279053e-02 -1.383729725952771716e-01 -8.918336899778156295e-04 -3.101012814024744005e-02 -6.370754788819919801e-02 -9.797797544737418818e-03 nan nan nan nan nan nan
nan nan nan nan nan nan nan nan nan nan 6.950146810253853003e-02 7.018822753406912460e-03 -1.065544859213931293e-02 -1.289082993228932161e-02 -3.776294028239701728e-02 -2.117886693945732549e-02 1.092632623683860091e-02 -5.430028886893099697e-03 -1.222797908600097988e-01 -1.611889019440286008e-01 -8.871531214988916114e-02 -3.758777607664926662e-03 -3.510446253243736797e-02 nan nan nan nan nan
nan nan nan nan nan nan nan nan nan nan nan nan 2.814959708944370087e-02 1.514446759356362360e-02 -4.706692207755405928e-03 -8.258054111584894885e-03 -5.644311570989968795e-03 -1.356746310067599888e-02 -4.921807573238801831e-02 2.569161960633413802e-02 -7.424297246590336186e-02 -5.605221371781363149e-02 -1.129770590288350571e-02 -6.080714556953492091e-03 -1.075224911795950693e-02 nan nan nan
nan nan nan nan nan nan nan nan nan nan nan nan nan -5.963191353906626725e-03 -2.546816243107691453e-03 3.180964103881070426e-02 9.752266839743348528e-03 -7.039224428790769039e-02 -2.522967056485257362e-02 1.260105612877203407e-02 3.181464156045729456e-03 -3.205547666588266786e-02 -2.659146880703407156e-02 -2.899381861910284644e-02 4.847220562978747996e-03 2.497749205581314622e-03 nan nan
nan nan nan nan nan nan nan nan nan nan nan nan nan nan nan 5.495842760758384155e-02 8.091497055276340375e-03 6.509223487134697776e-03 3.244307514533768810e-02 8.303075724300752747e-02 3.085914906073265046e-02 7.286632116208210941e-02 6.690950362169448273e-02 -1.111534849588245027e-02 -7.948107251350767719e-03 2.232039175224192692e-02 nan nan
nan nan nan nan nan nan nan nan nan nan nan nan nan nan nan nan nan 1.635592383848981368e-01 1.160232682422651929e-01 1.415238862065185121e-01 2.695175374608476115e-01 -1.962996638947700836e-02 8.683288980372400045e-02 5.143384323030885524e-02 1.090916158082279840e-02 7.564276298281766460e-03 7.776354055398143400e-04 nan
nan nan nan nan nan nan nan nan nan nan nan nan nan nan nan nan nan nan nan nan 4.825966356835951522e-03 nan nan -1.281094422960711229e-02 5.572851368127766658e-02 -3.103225960811390122e-04 nan nan
