nan nan nan 1.237066601688368433e-02 4.519798103338307227e-02 nan nan nan nan nan nan nan nan nan nan nan nan nan nan nan nan nan nan nan nan nan nan nan
nan nan nan -4.243712760702274961e-02 -4.039529039636455959e-02 -5.502332144577187778e-02 -1.123497665873575690e-01 nan nan nan nan nan nan nan nan nan nan nan nan nan nan nan nan nan nan nan nan nan
nan nan -1.103303872327056692e-02 7.150936474130793752e-02 -3.169184871238148182e-02 -3.170204912023839167e-02 5.801523291097958508e-03 -1.677191104989146364e-01 nan nan nan nan nan nan nan nan nan nan nan nan nan nan nan nan nan nan nan nan
nan 9.296054093381313221e-02 -5.275692243541911519e-02 1.959660480373252023e-01 2.298136792592781266e-02 -6.251620584998009156e-02 -3.756300177640628513e-02 1.462679751960753449e-02 -1.123485606343148646e-01 nan nan nan nan nan nan nan nan nan nan nan nan nan nan nan nan nan nan nan
nan -6.133982457530391674e-02 3.521064782285923678e-02 -4.862663985778849229e-02 -1.550797711121688349e-01 4.852022281759155176e-02 -4.322667721979640831e-02 -8.127669014336938447e-02 -1.088711984093061746e-01 -2.053995199854188880e-01 nan nan nan nan nan nan nan nan nan nan nan nan nan nan nan nan nan nan
1.744674863738836790e-01 9.881112300624216027e-02 -2.941745785341910030e-02 -2.173985398293755856e-03 7.496751912192314848e-02 2.593326604299782401e-02 -5.241219726746824265e-02 -6.795460737655163730e-02 7.070466183627095377e-03 nan nan nan nan nan nan nan nan nan nan nan nan nan nan nan nan nan nan nan
1.028468195170957750e-01 4.260983965481530966e-02 -2.025645963002151162e-02 -5.004360072811860939e-03 -2.512413699308449488e-02 6.976811262451791673e-02 -5.410876705708326379e-02 -6.011912298537373800e-02 -1.177712037491847052e-01 nan nan nan nan nan nan nan nan nan nan nan nan nan nan nan nan nan nan nan
-7.562568359428976580e-03 8.115497327128277927e-02 1.193791738367267902e-01 -3.899808985046460119e-02 4.481348569971654178e-02 -9.701744922272700911e-03 1.010106156803304740e-02 -5.288557603650274191e-02 -5.449605293888443169e-02 nan nan nan nan nan nan nan nan nan nan nan nan nan nan nan nan nan nan nan
nan -1.831049316305635721e-02 1.585691869812301813e-01 -8.340393184973350638e-03 1.067309029465693393e-01 1.305828649793709662e-01 4.037719707829565824e-02 -3.440205209385239354e-02 2.292164928928083073e-02 -1.497055753541445822e-01 nan nan nan nan nan nan nan nan nan nan nan nan nan nan nan nan nan nan
nan 2.963376189188017540e-02 6.112328478124504083e-02 9.501745785128921928e-02 8.016500350815017328e-02 1.052785532668386315e-01 5.811130979012740089e-03 1.420737482338365609e-01 -1.396137753965032702e-01 -1.226370824319966135e-01 nan nan nan nan nan nan nan nan nan nan nan nan nan nan nan nan nan nan
nan 1.093668884954957302e-02 -2.023915135300554877e-03 -1.694654418253831174e-03 2.218602643166970104e-02 7.490723400700488588e-02 8.803050031721251778e-02 1.292613728721222696e-02 6.127549905156054466e-02 -4.868176944781864995e-02 nan nan nan nan nan nan nan nan nan nan nan nan nan nan nan nan nan nan
nan nan 1.849184250740391194e-02 5.405414061216911453e-02 1.018007729169863838e-02 5.191555005384840271e-02 6.035379683080331625e-02 -6.748603333151005634e-02 3.231506221794548661e-02 9.515315028641324613e-02 nan nan nan nan nan nan nan nan nan nan nan nan nan nan nan nan nan nan
nan nan 1.417000740119069187e-03 -2.782710933099323200e-02 -5.094431028889866587e-04 nan 1.689557164802714742e-02 -7.546699302534790044e-02 -2.363455946916937986e-02 -1.172628936900314833e-01 nan nan nan nan nan nan nan nan nan nan nan nan nan nan nan nan nan nan
nan nan nan nan nan nan 5.295756849137912142e-02 2.394855996028398548e-02 -9.011795820762780185e-02 -5.277303731837194867e-02 nan nan 5.490835165953661390e-02 nan nan nan nan nan nan nan nan nan nan nan nan nan nan nan
nan nan nan nan nan 2.808774961241135293e-02 -5.580400290894236420e-02 1.989235149662564595e-02 -8.455084064347150041e-02 -1.961133199869464702e-02 nan nan nan nan nan nan nan nan nan nan nan nan nan nan nan nan nan nan
nan nan nan nan nan 8.245922024799498540e-03 3.208705959975406089e-03 1.690302603721969069e-02 1.888761169705523374e-03 -8.221478433379457440e-02 -1.227399868206311903e-02 nan nan nan nan nan nan nan nan nan nan nan nan nan nan nan nan nan
nan nan nan nan nan 2.827192166952175248e-02 -7.750942502488143357e-03 3.392637011195403368e-02 -1.724479504629820859e-02 -7.660650617021873277e-02 -7.168868828029980635e-03 3.117442920979409532e-02 nan 4.061212590402101148e-03 nan nan nan nan nan nan nan nan nan nan nan nan nan nan
nan nan nan nan nan 9.850370253204081619e-03 1.132190589574037093e-03 -4.002952721280597648e-02 -2.768849555763368275e-02 -4.683821360800177747e-02 -1.118393483542051287e-01 -2.108153018323781214e-01 -2.402312455431036484e-02 1.600042400617918484e-02 2.487448862812435065e-04 nan nan nan nan nan nan nan nan nan nan nan nan nan
nan nan nan nan nan -6.564828005705168612e-02 -4.912769174617002965e-02 -1.630373797963085777e-02 -1.713982348426412727e-02 4.645883556568679990e-03 -1.509646827452125993e-02 1.170015953834854100e-02 -1.570607881759687185e-01 -1.054298527503014504e-01 1.101332940151423211e-02 -1.366435298166026810e-02 nan nan nan nan nan nan nan nan nan nan nan nan
nan nan nan nan nan nan -1.144748197270929746e-02 5.629070404016878887e-03 -9.731520531236024368e-03 -2.089473503167725565e-02 -1.489723099459053235e-02 3.191266866996098940e-03 1.566514809148927953e-03 -6.027329947819197453e-02 -5.396368114380731967e-02 2.022742722223875439e-02 -2.729337304229931260e-02 nan nan nan nan nan nan nan nan nan nan nan
nan nan nan nan nan nan nan -1.362596249175621228e-02 5.896888595531778708e-03 -1.695196592874766844e-02 -2.485530391727472626e-03 -2.579713338572305059e-02 -3.265023766147357592e-02 -1.535563110353107066e-02 -8.918001218205592884e-02 -1.200589645980940645e-01 -1.798223423293373929e-03 -4.750090919437289540e-03 nan nan nan nan nan nan nan nan nan nan
nan nan nan nan nan nan nan -3.203986183259217857e-02 1.774426027465724528e-03 -1.926028354958384935e-03 -7.680069965589141935e-03 -3.716426466474230528e-02 -7.934858101926700602e-02 -3.933593553532139381e-02 -4.743245642684037339e-02 -1.037820353326358302e-01 -1.295443391946405343e-01 -1.437566131946946268e-01 -4.283792414883339644e-02 nan nan nan nan nan nan nan nan nan
nan nan nan nan nan nan nan nan -2.955553688977380355e-02 5.422186517195047920e-03 -4.067366745701286521e-03 9.036865266609763608e-03 6.396855359456820114e-03 -3.920630917776703195e-02 -4.199565723539980949e-02 -1.963822928292102005e-02 -9.695544410696545212e-02 3.749872262957500146e-02 7.774355645110279586e-03 -6.337759001967938066e-02 nan nan nan nan nan nan nan nan
nan nan nan nan nan nan nan nan nan 3.917012090219344073e-02 4.948698992091498869e-03 1.171402453933997889e-02 -8.601067811991203876e-03 7.405594076664053079e-04 -5.688152569878364255e-03 -2.829858383543341557e-02 -5.452339322973772523e-02 -1.282159527581326897e-01 6.421795057902827605e-03 -2.835266940606798527e-02 -4.703623720861813823e-02 nan nan nan nan nan nan nan
nan nan nan nan nan nan nan nan nan nan 2.762898714136290124e-02 1.017565670587804692e-02 -2.406829731591492508e-02 -4.840533144599925945e-03 -3.917280927205833013e-02 -6.051536128147492338e-03 8.249837455196577796e-03 -3.475783653399563966e-02 -1.401306271572427820e-01 -1.451208073433882806e-01 -7.944425221317570618e-02 -4.270201178328133888e-03 nan nan nan nan nan nan
nan nan nan nan nan nan nan nan nan nan nan nan 2.930707894234706179e-02 6.146121826964955764e-03 -5.585666422508600570e-03 -1.881675165319849144e-02 -1.482155194279831043e-02 5.374809020882132665e-02 5.780155628490830054e-03 2.497184074843881302e-02 -6.001746663344506572e-02 -5.800601389936059504e-02 -3.495569035604929181e-02 nan nan nan nan nan
nan nan nan nan nan nan nan nan nan nan nan nan nan 1.167162702881088289e-02 -8.630845180307749253e-04 3.067584178585941804e-02 -2.559704116703590687e-03 -7.731099493266410660e-02 -2.092930808697616649e-02 1.205830523865617301e-03 2.571356825309331628e-03 -3.396926676353990981e-02 -1.623533399005685010e-02 -2.408018806373055098e-02 nan nan nan nan
nan nan nan nan nan nan nan nan nan nan nan nan nan nan nan 4.443694356815964391e-02 8.237577743197962640e-03 1.518265250397448328e-02 4.264979865125251290e-02 5.875828609833885080e-02 1.462438179492108088e-02 7.727643089168657886e-02 5.281207540096650999e-03 -1.352566637138504120e-02 -1.025081671487598940e-02 nan nan nan
nan nan nan nan nan nan nan nan nan nan nan nan nan nan nan nan nan 1.862742662731427801e-01 9.257391196942371669e-02 5.425142602095708172e-02 2.293750354694965854e-01 -1.865727345605478968e-02 6.073264786361336903e-02 4.068337830304563640e-02 3.199366378871865840e-02 nan nan nan
nan nan nan nan nan nan nan nan nan nan nan nan nan nan nan nan nan nan nan nan 5.246458380369752039e-02 nan nan -1.894845520474135181e-02 nan nan nan nan
