nan nan nan 8.766575658679952310e-02 -5.253268788578479426e-02 nan nan nan nan nan nan nan nan nan nan nan nan nan nan nan nan nan nan nan nan nan nan nan
nan nan nan 3.035514804472860730e-03 8.383843454100798828e-03 -5.730553853836751338e-02 -1.187606142083771910e-01 nan nan nan nan nan nan nan nan nan nan nan nan nan nan nan nan nan nan nan nan nan
nan nan -3.213448952561948763e-02 -4.733917549162776350e-02 7.921922565447460374e-02 -6.447858699172698271e-02 -4.684899894841022122e-02 -1.143586060418466804e-01 nan nan nan nan nan nan nan nan nan nan nan nan nan nan nan nan nan nan nan nan
nan 4.390052276803144138e-02 -4.573383510873198915e-02 -1.394462733384985165e-02 4.090594727355250509e-02 -2.444796908462589999e-02 -6.310454936972374751e-02 -1.528622366878277378e-02 -8.432368835752479530e-02 nan nan nan nan nan nan nan nan nan nan nan nan nan nan nan nan nan nan nan
nan 5.538671400926736821e-02 1.143586362575152449e-01 5.738206500646794717e-02 4.648521790787821240e-02 1.379072321747250827e-02 -4.036909549604199982e-02 -7.785241676841875291e-02 -7.780769857595032368e-02 -1.033357071602793581e-01 nan nan nan nan nan nan nan nan nan nan nan nan nan nan nan nan nan nan
6.890599485679853309e-02 1.469437048086478237e-01 -3.346738049061050851e-02 -4.805263619827165877e-03 -3.495471381834518859e-02 9.284463231940198735e-02 -4.662212205561263451e-02 -5.256338904317550687e-02 -1.854251756295824394e-02 nan nan nan nan nan nan nan nan nan nan nan nan nan nan nan nan nan nan nan
1.288352528889213366e-01 -2.156200330465343068e-02 1.111520379154801730e-01 2.588614062184455694e-02 -4.616217136217689448e-02 -8.024146291019323973e-02 3.031789985253677266e-02 -1.562415177707129621e-01 -1.263008194785325555e-02 nan nan nan nan nan nan nan nan nan nan nan nan nan nan nan nan nan nan nan
-1.959777928989408016e-02 4.895021493426039705e-02 1.700759245026285393e-01 6.268398197870123090e-02 6.371486511475953074e-02 1.021882552857674986e-01 7.109832464389724549e-03 -1.380942962178552391e-01 -3.690646301246086614e-02 nan nan nan nan nan nan nan nan nan nan nan nan nan nan nan nan nan nan nan
nan 6.706144534928577816e-02 1.081529665841073490e-01 4.852046796066558643e-02 1.601307762532934165e-01 -2.707471118736063179e-02 3.174578032546686995e-02 -7.277041555582777765e-02 2.229315239280530922e-02 -1.416378683346355694e-01 nan nan nan nan nan nan nan nan nan nan nan nan nan nan nan nan nan nan
nan 3.310200496347647566e-03 5.406417429719947293e-02 7.135203328140099499e-02 9.342445473319160865e-02 1.124083126716796249e-01 1.268006374094930028e-02 8.822624423306195396e-02 -1.578402435968483952e-01 -1.350915354500789312e-01 nan nan nan nan nan nan nan nan nan nan nan nan nan nan nan nan nan nan
nan -4.392047432295694692e-02 1.008785675682311554e-02 -2.171997727775554828e-03 -1.839642260365022611e-02 6.412790212232621911e-02 3.810272235970376536e-02 -2.168836261679636668e-03 6.369000579800880579e-02 -4.865166928223921272e-02 nan nan nan nan nan nan nan nan nan nan nan nan nan nan nan nan nan nan
nan nan 1.143247855245702396e-02 5.139527114481011461e-02 -6.337645319800808488e-04 7.734580608466855300e-02 6.449068035419763985e-03 -1.816035782074052196e-01 7.731158092631418288e-02 9.039965436766725371e-02 nan nan nan nan nan nan nan nan nan nan nan nan nan nan nan nan nan nan
nan nan 1.981666357733300951e-02 5.506966188960382702e-02 3.336035509268793497e-02 nan 3.334749438115010289e-02 -9.571140842341134547e-02 -5.140651618473740525e-02 -1.263407217201716060e-01 nan nan nan nan nan nan nan nan nan nan nan nan nan nan nan nan nan nan
nan nan nan nan nan nan 3.187040381200578754e-02 1.129049624115272162e-02 -7.524817604230066292e-02 -4.995374812460433300e-02 nan nan 4.116137213413494783e-02 nan nan nan nan nan nan nan nan nan nan nan nan nan nan nan
nan nan nan nan nan 5.891594236160096337e-02 -1.557648181760430510e-02 3.894991378563174983e-02 -8.516897813619990487e-02 -9.031255775381195200e-03 nan nan nan nan nan nan nan nan nan nan nan nan nan nan nan nan nan nan
nan nan nan nan nan -1.067091269001027012e-03 1.730482597639193543e-02 1.955529164088877850e-02 -3.843281516343345292e-03 -5.764305085883326962e-02 -5.042073670337690085e-03 nan nan nan nan nan nan nan nan nan nan nan nan nan nan nan nan nan
nan nan nan nan nan 5.704804373524334678e-03 -4.563481752203982222e-02 4.340936584909842882e-02 -2.059020917588741742e-02 -9.376652746472885491e-02 -8.834463669264023405e-03 2.330304898770447705e-02 nan -3.647206407916472881e-02 nan nan nan nan nan nan nan nan nan nan nan nan nan nan
nan nan nan nan nan 1.598142700700441038e-02 9.410404589282099497e-03 -6.271064462616633695e-02 -4.258748287233347224e-02 -6.859164383200289095e-02 -9.934876439772849510e-02 -2.261714569408304620e-01 -2.880944579295616897e-02 5.889189015659802851e-02 -1.567048024130332506e-02 nan nan nan nan nan nan nan nan nan nan nan nan nan
nan nan nan nan nan -6.179034516843513736e-02 -4.869852260487416568e-02 -2.673118786070238784e-02 -3.671489235637764165e-02 -2.882738200229108261e-02 -3.073123151678010603e-02 1.875307153672664540e-02 -1.709443119813180978e-01 -1.454296154226659699e-01 3.409428655002213343e-02 6.522627619545133537e-03 -3.842359749217184872e-02 nan nan nan nan nan nan nan nan nan nan nan
nan nan nan nan nan nan 2.673524068805266645e-03 1.468862115378073534e-02 9.220712997610172254e-03 -2.145381351850537965e-02 -3.350277966297161847e-02 -5.734362397526639871e-03 1.094362636512598817e-02 -8.792965358461050929e-02 -9.338180864623228661e-02 1.303188346107743596e-02 -3.994673171374912846e-02 -3.599713646220738944e-02 nan nan nan nan nan nan nan nan nan nan
nan nan nan nan nan nan nan -1.233761241459890683e-02 1.146534207805921524e-02 -1.524707916806686443e-02 -2.236980140142593668e-03 -2.187396242256687065e-02 -5.422085911847770133e-03 1.080155053934340331e-02 -9.972642226896710760e-02 -1.334930811061799116e-01 -8.003903228102699635e-03 -7.680102018748632270e-03 -2.911598485827963587e-02 nan nan nan nan nan nan nan nan nan
nan nan nan nan nan nan nan -2.325077541856080537e-02 5.677397195943655224e-03 -1.784374666207655738e-02 -2.223601614795437872e-02 -5.912382627040952549e-02 -8.908940289726131889e-02 -2.122967781621460173e-02 -4.364084404238498943e-02 -1.186162057833961697e-01 -1.372223137301821494e-01 -1.516207653300266078e-01 -5.755929864238148314e-02 -2.515815791715307267e-02 nan nan nan nan nan nan nan nan
nan nan nan nan nan nan nan nan -2.325517357384197445e-02 1.171828418363250746e-02 -6.055181434179957023e-02 -2.275204722981614275e-02 -4.163440010508398514e-02 -6.252189219785393715e-02 -2.782179970751942968e-02 -1.185479776232830317e-02 -9.369035971192866963e-02 3.118785297116338437e-02 -6.197429920433054169e-04 -7.097148011267881418e-02 -1.761218502536964978e-02 nan nan nan nan nan nan nan
nan nan nan nan nan nan nan nan nan 3.623727333187014288e-02 1.784270010038424906e-02 1.940063238620503422e-02 -1.195276898285685223e-02 -8.514776686499650471e-03 -3.836119613655207539e-02 -3.911291505659186818e-02 -4.342538492441291170e-02 -1.292487277402480095e-01 2.690018830212157885e-03 -3.038000772753158760e-02 -6.154499822966430500e-02 -4.165093088251119180e-02 nan nan nan nan nan nan
nan nan nan nan nan nan nan nan nan nan 1.183963361238149631e-01 1.956594080132733129e-02 -2.013545090030442047e-02 -2.334973500557525547e-02 -2.917050364695457365e-02 -1.991002728423016399e-02 -2.970112444543681132e-02 -3.079718950523133159e-02 -1.271130305948797445e-01 -1.433836430804243112e-01 -7.089063650517403448e-02 1.490359459612079079e-02 -6.168623657702964475e-02 nan nan nan nan nan
nan nan nan nan nan nan nan nan nan nan nan nan 3.166209214731957600e-02 1.943324899794557012e-02 -6.056294237637409143e-03 1.228968723205020076e-02 9.772697132026891484e-03 3.305351919173627612e-02 -3.173337313525178421e-02 2.532400318796665731e-02 -9.481558410337286025e-02 -6.924583986881645281e-02 -3.590393453149694908e-02 -1.836559890200922460e-02 -9.305527790923265319e-03 nan nan nan
nan nan nan nan nan nan nan nan nan nan nan nan nan 5.022865240478782342e-03 1.313830966296565539e-03 2.544730621551857808e-02 2.763703136882184573e-03 -6.001816436366766427e-02 -4.067125711562664253e-02 5.684146982575079970e-02 1.531564490500158084e-03 -4.180824350645279130e-02 -2.153145781607586351e-02 -2.939513618570430836e-02 4.720738550950580661e-03 -8.293326581517221482e-04 nan nan
nan nan nan nan nan nan nan nan nan nan nan nan nan nan nan 6.656368673759813226e-02 -1.483298552782999361e-03 1.280200501658807812e-02 6.663373621125087687e-02 6.782316152717260405e-02 -2.136657677300566119e-02 7.573305860394911881e-02 2.138438937486945857e-02 -1.356453756624193853e-02 -5.835726136678042429e-03 2.298280686053134902e-02 nan nan
nan nan nan nan nan nan nan nan nan nan nan nan nan nan nan nan nan 1.305517992088424672e-01 1.072619287022036211e-01 1.037998092850599685e-01 2.184998933335891569e-01 8.497672252695279149e-03 7.542004768606516696e-02 5.364270457792622016e-02 2.179018592970425119e-02 1.007827256284429297e-02 1.438253380484263468e-03 nan
nan nan nan nan nan nan nan nan nan nan nan nan nan nan nan nan nan nan nan nan 6.304472215694030546e-02 nan nan -4.439783955294802908e-02 1.321348064832280787e-03 1.830445870481981624e-03 nan nan
