nan nan nan -5.578661432805654546e-02 4.895887685702769027e-02 nan nan nan nan nan nan nan nan nan nan nan nan nan nan nan nan nan nan nan nan nan nan nan
nan nan nan 5.444463913670055666e-02 -2.896763720365614150e-02 -4.906537242237142549e-02 -1.704780039093544697e-01 nan nan nan nan nan nan nan nan nan nan nan nan nan nan nan nan nan nan nan nan nan
nan nan -4.952112656149673664e-02 -1.419067641295559956e-01 1.175887853462291577e-02 8.736714804688600067e-03 -4.946269702889494191e-02 -1.298610951500412114e-01 nan nan nan nan nan nan nan nan nan nan nan nan nan nan nan nan nan nan nan nan
nan 1.278786630989022233e-01 -1.509671061788288582e-01 3.874413198886188237e-02 2.873002773802427537e-02 1.636768681640139375e-02 -4.214020875592892901e-02 -2.264080835023623423e-02 -7.551580602982750634e-02 nan nan nan nan nan nan nan nan nan nan nan nan nan nan nan nan nan nan nan
nan -2.017239856393238384e-01 5.000437036466614388e-02 -2.254541741156648460e-01 -8.374016391527577471e-03 2.653406333844332467e-03 -2.997552310032728512e-02 -1.473709139490431141e-01 -1.162292163936060746e-01 -1.740270442277007112e-01 nan nan nan nan nan nan nan nan nan nan nan nan nan nan nan nan nan nan
8.652676778809861857e-02 3.497952116034409170e-02 1.046523777955605666e-01 1.153744512398682531e-01 -6.303369312970326377e-02 5.219410987707289590e-02 -1.700900565473383377e-02 -6.002926709684532069e-02 2.229072640598592572e-02 nan nan nan nan nan nan nan nan nan nan nan nan nan nan nan nan nan nan nan
1.502143031507514326e-01 2.757990438437108588e-02 -1.636843724513516174e-02 9.394267932483471584e-02 7.744017459925853220e-02 -7.389695565157265722e-02 -4.424504934117999208e-03 -1.164691639001548401e-01 -3.454708480479933702e-02 nan nan nan nan nan nan nan nan nan nan nan nan nan nan nan nan nan nan nan
-3.969019764470156642e-02 1.349991112088317902e-01 -8.839023397883299937e-02 1.745147335947505041e-01 2.563307893805708698e-02 3.777805736938639330e-02 -2.767357522591319674e-02 -1.366463468491416200e-01 -4.158626820135517821e-02 nan nan nan nan nan nan nan nan nan nan nan nan nan nan nan nan nan nan nan
nan -2.713732031548600487e-02 1.479075644361347100e-02 8.677727640686758517e-03 9.473213723491843985e-02 2.935488364043322557e-02 9.673345896648935516e-03 -3.782078547880769748e-02 -3.986445254925633647e-02 -1.351703499075211923e-01 nan nan nan nan nan nan nan nan nan nan nan nan nan nan nan nan nan nan
nan 2.169972717874632182e-02 1.208665389277969182e-01 5.186386608827728978e-02 7.036642341507219622e-02 1.212630802805053781e-01 -2.731011058927615767e-02 1.087031964322150990e-01 -1.521036888242572049e-01 -1.172333830656702020e-01 nan nan nan nan nan nan nan nan nan nan nan nan nan nan nan nan nan nan
nan -2.622602365845966982e-02 2.872605991081401619e-02 -9.945266167416651204e-03 2.976423145530410555e-02 7.747359282540675074e-02 8.276665098135087273e-02 5.152499526313309569e-02 3.102005475683120364e-02 -5.246863076834728384e-02 nan nan nan nan nan nan nan nan nan nan nan nan nan nan nan nan nan nan
nan nan 2.315870128559751467e-02 7.603768699062203595e-02 -4.971910602939455699e-03 2.765064193006462612e-02 9.626118534350742995e-02 -9.874966407916521693e-02 4.058549257714783032e-02 8.982245782520575927e-02 nan nan nan nan nan nan nan nan nan nan nan nan nan nan nan nan nan nan
nan nan -1.091856314366651017e-02 7.103751708138292091e-03 -3.314277797548671745e-02 nan -1.341684683398633102e-02 -2.260634476681738780e-02 -3.476264689765765081e-02 -1.120152105365279510e-01 nan nan nan nan nan nan nan nan nan nan nan nan nan nan nan nan nan nan
nan nan nan nan nan nan 1.067697513310070061e-02 -5.129291212833029211e-03 -1.252924438510282790e-01 -6.194098904683524587e-02 nan nan 1.017269837392474063e-01 nan nan nan nan nan nan nan nan nan nan nan nan nan nan nan
nan nan nan nan nan 7.259158152672730291e-02 -4.375946350641869015e-02 5.222155473143032245e-02 -6.221961022131136665e-02 -3.909446667079925775e-02 nan nan nan nan nan nan nan nan nan nan nan nan nan nan nan nan nan nan
nan nan nan nan nan 1.434027815812584025e-02 -2.260049224815440221e-03 -6.077423390447990112e-03 -2.734948542851027564e-02 -1.088849487501574453e-01 -8.966787606212493766e-03 nan nan nan nan nan nan nan nan nan nan nan nan nan nan nan nan nan
nan nan nan nan nan 2.565410175592636524e-02 -2.468981559951064289e-02 4.856452923282060519e-02 -1.073048240660684147e-02 -8.992100291751499441e-02 -1.648242952526134814e-02 3.593829362737646638e-02 nan 9.947299344603506913e-03 nan nan nan nan nan nan nan nan nan nan nan nan nan nan
nan nan nan nan nan -1.612994402708567768e-02 -1.755394613232303226e-03 -4.511805087386733942e-02 -3.435946843429767139e-02 -7.585717653771067992e-02 -1.317504099086346803e-01 -2.119832990073426682e-01 -1.512445052821245750e-02 4.058403047942520797e-02 -5.674527399212756992e-03 nan nan nan nan nan nan nan nan nan nan nan nan nan
nan nan nan nan nan -8.071798250167662447e-02 -4.836920757698551926e-02 -1.275304182050723822e-02 1.055190484472888664e-02 3.598113724404088110e-02 -4.770997587143143044e-03 9.040400864988239540e-03 -1.487393666268100045e-01 -1.075026519179371476e-01 3.172026279712940842e-03 -2.530630702682354002e-02 nan nan nan nan nan nan nan nan nan nan nan nan
nan nan nan nan nan nan 4.305009766929339746e-03 1.017070179035798293e-02 -3.703705345476141896e-03 -2.862528422821455573e-02 -2.530049282028840052e-02 8.387039399016888103e-04 7.372057045385043599e-04 -6.237910526441402953e-02 -6.255708346085873950e-02 1.583912593377874087e-02 -1.755743402064941297e-02 nan nan nan nan nan nan nan nan nan nan nan
nan nan nan nan nan nan nan -2.355100190997602705e-02 -4.491404706079490071e-03 -1.155833326200292853e-02 3.248447211429513880e-03 -3.733317500783099596e-02 -3.060852015983072522e-02 -1.577763240027115627e-02 -9.035526956325590220e-02 -1.189633345013579868e-01 -8.256323750319306126e-03 -3.464548246925013009e-03 nan nan nan nan nan nan nan nan nan nan
nan nan nan nan nan nan nan -8.694634752134123776e-03 2.278593095381155689e-02 -1.049868499326307887e-02 -8.759578302848175860e-03 -2.803170080959813473e-02 -7.072721395376661835e-02 -2.949306836658721967e-02 -4.994703395194028533e-02 -1.122358673366294912e-01 -1.216887101659343551e-01 -1.407914539124115738e-01 -4.549316852825418395e-02 nan nan nan nan nan nan nan nan nan
nan nan nan nan nan nan nan nan -3.123233061940907176e-02 -1.340149933131000101e-03 -3.367926393674631341e-02 -2.462007134798312874e-02 -1.466638394710273810e-02 -3.327553671406819485e-02 -1.591223177692649426e-02 -1.611250104403183850e-02 -1.061649907136608256e-01 3.369699129852987696e-02 -9.794896980552816879e-03 -6.758346916748995958e-02 nan nan nan nan nan nan nan nan
nan nan nan nan nan nan nan nan nan 1.023393768409940931e-02 -1.690507165018262023e-02 3.662025392485314499e-04 -1.783939444324829024e-02 -1.017594424622395369e-02 -2.841450449993462510e-02 -1.535322803971767361e-02 -6.590695913477338796e-02 -1.526465738143767126e-01 -1.210812784478880640e-02 -3.469286699097622745e-02 -6.880270609341170018e-02 -3.391113521787712110e-02 nan nan nan nan nan nan
nan nan nan nan nan nan nan nan nan nan 3.239409733853465534e-02 -5.116937753941675290e-05 5.279249161332476639e-03 3.128978179649934393e-03 -1.502989017933202727e-02 -6.370223566884215816e-02 2.034027129253072191e-02 4.734161709277712182e-02 -1.274756882842394690e-01 -1.381285413074410107e-01 -7.220151980289825355e-02 -6.906638494389308672e-03 -6.087674462144361531e-02 nan nan nan nan nan
nan nan nan nan nan nan nan nan nan nan nan nan 1.819091225961028818e-02 -4.135771893514260736e-03 -1.281081119678804080e-02 4.242219175618637886e-03 -3.723977433573738560e-02 -7.317825227744737156e-03 1.525771623986846119e-02 -4.876142293920805032e-02 -8.703097461880711372e-02 -5.124840344475586895e-02 -3.439794570275273022e-02 -4.130490368017804975e-02 -2.427420489716261912e-02 nan nan nan
nan nan nan nan nan nan nan nan nan nan nan nan nan 1.814957342240364549e-02 -2.222985868650219701e-02 4.801268753578949444e-02 -3.015463439687619471e-02 -4.462396146801726748e-02 -1.043547458977574643e-01 6.725247315165747142e-02 2.942200763475296722e-03 -2.203594007125042609e-02 8.895994000547495159e-03 -2.519608872577081687e-02 -1.248520101608073876e-03 -4.273367632945567623e-03 nan nan
nan nan nan nan nan nan nan nan nan nan nan nan nan nan nan 4.455003077374936754e-02 1.293987288866774339e-02 -2.856549717787506062e-02 2.022232670256748910e-02 8.569518268923083382e-02 3.203237870539211996e-02 7.036748207239743036e-02 -8.231315558988613543e-03 -1.097321045596788038e-02 -2.473707389290310827e-03 1.229678157697457197e-02 nan nan
nan nan nan nan nan nan nan nan nan nan nan nan nan nan nan nan nan 1.137579016351307065e-01 1.512203034624671170e-02 -2.912211090478673825e-02 1.848106830201912409e-01 -5.382264334514190972e-03 2.472643681172334573e-02 5.232588118208639921e-02 4.228918057391736762e-02 1.233504478805602309e-02 -5.757489260024530736e-03 nan
nan nan nan nan nan nan nan nan nan nan nan nan nan nan nan nan nan nan nan nan 7.635647886224472547e-02 nan nan -4.644842419286875079e-02 -2.438644901414181027e-02 -5.347051760320966794e-04 nan nan
