nan nan nan -1.815055635025134007e-02 4.289071967528015200e-02 nan nan nan nan nan nan nan nan nan nan nan nan nan nan nan nan nan nan nan nan nan nan nan
nan nan nan -1.540221303910380623e-03 3.497705147445102827e-03 -2.256275252112835764e-02 -1.166284463000412386e-01 nan nan nan nan nan nan nan nan nan nan nan nan nan nan nan nan nan nan nan nan nan
nan nan 2.395128942146658099e-02 -1.257621394590940390e-02 -1.177403490710212351e-02 -6.073741738244053251e-02 -4.474153692214448766e-03 -1.565278663004731341e-01 nan nan nan nan nan nan nan nan nan nan nan nan nan nan nan nan nan nan nan nan
nan 6.087584564014728722e-02 -4.621716037273232436e-02 1.475314015105599064e-01 6.424101233432827351e-02 7.102797640009318215e-03 -2.774905106359888338e-02 6.179006796642476287e-04 -4.231613707445839451e-02 nan nan nan nan nan nan nan nan nan nan nan nan nan nan nan nan nan nan nan
nan -1.213558163755436986e-02 1.048497034898605018e-01 -1.345002988837291635e-01 -7.309363938700864580e-04 3.184238024349455437e-02 -2.034741803524529966e-03 -6.902547549577552066e-02 -7.378959918955020625e-02 -2.144984273696173005e-01 nan nan nan nan nan nan nan nan nan nan nan nan nan nan nan nan nan nan
8.737265505109106933e-02 4.771705510905593917e-02 -7.977879523102988923e-02 2.530880701156536239e-02 -6.078369294459128047e-02 7.709192489623857211e-03 -2.238745174997040094e-02 -3.476997244752402794e-02 -2.126274332015831020e-02 nan nan nan nan nan nan nan nan nan nan nan nan nan nan nan nan nan nan nan
1.106640633199103829e-01 1.219631240748449141e-01 1.514146154513251463e-01 -3.051542809547138843e-02 3.580372281086039582e-02 8.611728078262005648e-02 -3.769530696420243104e-02 -4.467614075455552530e-02 -1.226188391875115552e-01 nan nan nan nan nan nan nan nan nan nan nan nan nan nan nan nan nan nan nan
-6.112592973009075420e-02 1.832261944243074037e-01 1.405474817739691129e-01 -1.499688426108143902e-01 -2.494202714519488592e-02 3.852095528915808111e-03 6.505804208240296115e-03 -9.108930493058392530e-02 -1.006744214395602355e-01 nan nan nan nan nan nan nan nan nan nan nan nan nan nan nan nan nan nan nan
nan 4.908017354273171151e-02 2.011676075983102885e-02 2.239897949060298266e-01 1.331596708563110298e-01 1.605318345236414826e-02 2.957448903748001456e-02 3.849134521473403237e-03 3.515964957255345025e-02 -1.241505223533816565e-01 nan nan nan nan nan nan nan nan nan nan nan nan nan nan nan nan nan nan
nan -1.390757456719487594e-03 8.164831597003285868e-02 1.123079992358055473e-01 5.095195424081657570e-02 9.357507372573824200e-02 2.489270495041930389e-02 2.634388794900260553e-02 -9.984067749587911822e-02 -1.236481066512707949e-01 nan nan nan nan nan nan nan nan nan nan nan nan nan nan nan nan nan nan
nan -6.051966370286666549e-03 1.724917707903244821e-02 -2.532420384657769336e-02 1.423858260572896835e-02 8.375515038474072582e-02 5.547560747868829356e-02 -1.150917422869008055e-01 2.918985627366845262e-02 -5.134981377459493790e-02 nan nan nan nan nan nan nan nan nan nan nan nan nan nan nan nan nan nan
nan nan 2.639801536444944322e-02 5.590796958955613488e-02 -2.422722300180472216e-02 5.258924175641510601e-02 -8.541101032042835994e-04 -5.581720923726461031e-02 3.956190321107751900e-02 9.452755403518048327e-02 nan nan nan nan nan nan nan nan nan nan nan nan nan nan nan nan nan nan
nan nan 2.425597300180739463e-02 1.032462328467684820e-01 3.192405165688336904e-02 nan 1.365580399265697679e-02 -7.273465148113975043e-02 -2.668103415405896281e-02 -1.121189602617066045e-01 nan nan nan nan nan nan nan nan nan nan nan nan nan nan nan nan nan nan
nan nan nan nan nan nan 2.836710922436341820e-02 -7.363399365844046536e-03 -1.022086747134800661e-01 -5.028600674646015178e-02 nan nan nan nan nan nan nan nan nan nan nan nan nan nan nan nan nan nan
nan nan nan nan nan 4.101606692179206315e-02 -5.658973491781185521e-03 4.446245816133777978e-02 -8.019709504065876404e-02 -2.553317177260330459e-02 nan nan nan nan nan nan nan nan nan nan nan nan nan nan nan nan nan nan
nan nan nan nan nan 1.536961403417235437e-02 1.582548315212929657e-02 3.078371792508065655e-02 -1.061151936611971986e-03 -8.773815951319809125e-02 -1.684435475083112879e-02 nan nan nan nan nan nan nan nan nan nan nan nan nan nan nan nan nan
nan nan nan nan nan 3.631215101146215846e-02 -3.359031167174307553e-02 2.990298705923904662e-02 -2.465200681305548813e-02 -7.957957033442666916e-02 -3.958059383724557220e-03 2.109477875598539387e-02 nan 5.339640350521399070e-02 nan nan nan nan nan nan nan nan nan nan nan nan nan nan
nan nan nan nan nan -1.725742576564045366e-03 1.536659715472513121e-02 -2.968810634841375154e-02 -1.399603276971897806e-02 -5.436223950008385597e-02 -1.115208976993979501e-01 -2.117673893074342450e-01 -1.107497449246755070e-02 2.350082552193779803e-02 -4.477452669236180183e-02 nan nan nan nan nan nan nan nan nan nan nan nan nan
nan nan nan nan nan -5.714816919381490723e-02 -3.083759732739746462e-02 1.660406526989936619e-03 1.518810611815418592e-02 2.249906955451663401e-02 -2.160227917790022434e-02 2.091843154581262201e-03 -1.496687443029884879e-01 -1.006061595220455879e-01 1.754349161512859176e-02 nan nan nan nan nan nan nan nan nan nan nan nan nan
nan nan nan nan nan nan -1.886524150352033094e-02 1.962894277473403813e-03 -6.530499760961668183e-03 9.702525104201165530e-04 8.932048774972200719e-03 3.077568546502748147e-03 -1.349893735297839122e-03 -4.204793774186429273e-02 -4.474784428467316194e-02 1.583496560148936819e-02 nan nan nan nan nan nan nan nan nan nan nan nan
nan nan nan nan nan nan nan -2.096743499402523025e-02 -6.344141030197054248e-03 -9.098177059328884514e-03 5.345357091354675794e-03 -1.508259025373923090e-02 -2.920040140964489869e-02 -2.095026808634102219e-02 -8.735107940447617292e-02 -9.507925883840456782e-02 4.179533328221441378e-03 nan nan nan nan nan nan nan nan nan nan nan
nan nan nan nan nan nan nan -2.540130683467087605e-02 2.904277360708942997e-03 -1.939821886994999925e-02 -7.860924722240413345e-03 -2.142377184543745733e-02 -5.528819602424357715e-02 -1.946953195413199389e-02 -3.673017032081286187e-02 -1.104149433351656884e-01 -1.271513442043847864e-01 -8.737634776908188156e-03 nan nan nan nan nan nan nan nan nan nan
nan nan nan nan nan nan nan nan -1.658197213768050279e-02 1.194543632407175579e-02 -6.179107845895189660e-02 -3.540282932908646232e-03 -5.814887687183360049e-03 -2.317636767558102842e-02 -3.030825443755998799e-02 -2.505613788089065125e-02 -9.961817351889581951e-02 4.341069010867699973e-02 -4.587846754778714120e-02 nan nan nan nan nan nan nan nan nan
nan nan nan nan nan nan nan nan nan 2.941493851413596108e-02 5.765994142008232411e-03 2.317330486049078500e-02 -4.920650284597885560e-03 -5.680274090868148856e-03 -1.402120055091613665e-02 -1.562556884425285800e-02 -4.607250916341752017e-02 -1.218854857915285389e-01 6.812384833836092508e-03 -3.177494525450345192e-02 nan nan nan nan nan nan nan nan
nan nan nan nan nan nan nan nan nan nan 6.503935864342684503e-02 -2.221677248555320797e-02 -1.144836071852173634e-02 -1.375750784352745663e-02 -4.098251391736660448e-02 -1.431472268726768741e-02 1.480748892476607421e-03 -2.504313549980924369e-02 -1.171736672584696298e-01 -1.385342031542362018e-01 -6.592162425606584719e-02 -3.610419948839868609e-02 nan nan nan nan nan nan
nan nan nan nan nan nan nan nan nan nan nan nan 2.096757831266238617e-02 7.082538744357271335e-03 -1.394932876402639466e-02 -2.297144805988051569e-02 1.780968055077277552e-03 1.854657676424350393e-02 -4.363010703357260434e-02 9.885211871376371751e-03 -7.089858739772429697e-02 -5.538575767910035308e-02 7.066421919880803287e-03 -1.071912762547180403e-01 nan nan nan nan
nan nan nan nan nan nan nan nan nan nan nan nan nan 1.161724196758486850e-02 3.869769957800255067e-02 5.713911809413942111e-02 -2.755292974031128134e-02 -6.299225422340673508e-02 -4.633334098497899484e-02 2.692744110239694497e-02 -1.239997275751960823e-03 -3.094571777995514320e-02 -2.046747914639307150e-02 -3.391199254357722681e-02 -1.091329703397637269e-02 -1.195438525068035114e-02 nan nan
nan nan nan nan nan nan nan nan nan nan nan nan nan nan nan 5.380760435710319617e-02 3.065765726384595078e-03 5.407807229784423325e-02 9.754113470549823084e-03 4.047259351384933229e-02 2.335567200749562658e-02 7.103433880674120404e-02 -8.755466063596050244e-03 -3.017493774419631111e-02 -9.522049801399463595e-03 1.689414782800388592e-02 nan nan
nan nan nan nan nan nan nan nan nan nan nan nan nan nan nan nan nan 5.569192456850043105e-02 1.091119988720349737e-01 9.786471985432064480e-02 1.783739176117664638e-01 4.060094761497685945e-02 6.532402709572988908e-02 5.290670297231463148e-02 1.652004525380487698e-02 9.847773767982972992e-03 -3.867724998918303445e-03 nan
nan nan nan nan nan nan nan nan nan nan nan nan nan nan nan nan nan nan nan nan 5.840561288107656845e-02 nan nan -3.434857758057491967e-02 1.216619581155088670e-02 -2.122358876611772725e-03 nan nan
