nan nan nan 5.339005495689991276e-02 -2.403877162121702965e-02 nan nan nan nan nan nan nan nan nan nan nan nan nan nan nan nan nan nan nan nan nan nan nan
nan nan nan 9.659046074481213162e-02 -2.321835533206076732e-02 -9.705803221727550556e-02 -1.524329714124120772e-01 nan nan nan nan nan nan nan nan nan nan nan nan nan nan nan nan nan nan nan nan nan
nan nan -2.935120421581048113e-03 -8.264898754233725511e-03 -1.538278025124719360e-02 3.400589304070534419e-02 -1.066010407859373926e-02 -1.168576422705937673e-01 nan nan nan nan nan nan nan nan nan nan nan nan nan nan nan nan nan nan nan nan
nan 3.881887716178732128e-02 -2.087021619407330997e-01 1.549817190472762007e-01 5.439164073404287314e-02 -1.664707176911580863e-02 -4.586292820300438139e-02 1.079969261552291178e-02 -1.011922309350879040e-01 nan nan nan nan nan nan nan nan nan nan nan nan nan nan nan nan nan nan nan
nan 1.568925642380696317e-01 1.368396599072513597e-01 -9.627592259862798041e-02 2.338272124110442676e-02 5.134434071767926544e-02 -2.990580528576984587e-02 -7.160352103679157310e-02 -1.435827570177638235e-01 -1.994624796064781436e-01 nan nan nan nan nan nan nan nan nan nan nan nan nan nan nan nan nan nan
1.811914117932239277e-01 -1.844422068478688724e-03 -8.391243100388343090e-02 1.449235855988240118e-01 -1.834748254142130885e-02 -2.478036413469758559e-02 3.079460343181631993e-03 -1.304694898234837371e-02 -9.452595045631641962e-03 nan nan nan nan nan nan nan nan nan nan nan nan nan nan nan nan nan nan nan
8.380659611862034675e-02 5.955802156190191654e-02 6.560840842508611215e-02 -5.056502379746659337e-02 1.348959829156031187e-01 1.723178541273193837e-02 -3.281993733448104050e-02 -6.310921002082509057e-02 -1.345080199036794433e-01 nan nan nan nan nan nan nan nan nan nan nan nan nan nan nan nan nan nan nan
-3.664017451669844549e-02 1.961955100211603409e-01 5.816657525228755704e-02 6.195748000622756935e-02 -4.814864044434810642e-02 7.462271172855382273e-02 -1.406018081440753818e-02 -7.903976486083089115e-02 -4.163274663017990651e-02 nan nan nan nan nan nan nan nan nan nan nan nan nan nan nan nan nan nan nan
nan 6.502667397567178653e-02 -4.861454402577063127e-02 1.566343537821362764e-01 1.542291731976115077e-01 -2.643999674992189228e-02 3.056793165954507785e-02 -3.889011827779966651e-02 1.247839175069581294e-02 -1.646186977856286537e-01 nan nan nan nan nan nan nan nan nan nan nan nan nan nan nan nan nan nan
nan -3.806704214852998924e-02 2.710277895206949020e-02 7.193666918528060505e-02 1.164529198694416873e-01 8.671906846829434412e-02 1.049085228984092955e-01 3.132149661852057232e-02 -1.889883924532769210e-01 -1.575630618884083511e-01 nan nan nan nan nan nan nan nan nan nan nan nan nan nan nan nan nan nan
nan 4.052009400942484241e-02 2.655050374467668450e-02 -3.612429973027653143e-03 -1.043883904506289276e-02 4.414562736742388277e-02 3.339259545133272961e-03 3.706163891541097710e-02 4.880810211174080315e-02 -6.014183319738341388e-02 nan nan nan nan nan nan nan nan nan nan nan nan nan nan nan nan nan nan
nan nan 9.184102346631981342e-03 1.665565756733990849e-02 3.212138283972549441e-02 7.747353819798959151e-02 9.213065114184171289e-02 -4.373965980328012315e-02 4.507122069768768752e-02 7.203724350543026789e-02 nan nan nan nan nan nan nan nan nan nan nan nan nan nan nan nan nan nan
nan nan 1.355325981776098199e-02 4.451755135339510727e-02 -3.796482333062432130e-02 nan 3.756898971304081097e-02 -4.922074641574559345e-03 -7.524123066655150072e-02 -1.534686043970538705e-01 nan nan nan nan nan nan nan nan nan nan nan nan nan nan nan nan nan nan
nan nan nan nan nan nan 8.521766865293514681e-02 2.908029469395583683e-02 -1.846661329784728828e-02 -9.961001396642946148e-02 nan nan 3.453470482266925330e-03 nan nan nan nan nan nan nan nan nan nan nan nan nan nan nan
nan nan nan nan nan 4.098871165194568553e-03 -8.268473755974332928e-02 3.944067571072115697e-02 -8.650681986789428290e-03 -5.624842351370651014e-03 nan nan nan nan nan nan nan nan nan nan nan nan nan nan nan nan nan nan
nan nan nan nan nan 1.649760663888103635e-02 1.809417552798667228e-02 5.544096406269250973e-03 -5.924154805024324164e-03 -7.360698512147458017e-02 -1.481064323974450384e-02 nan nan nan nan nan nan nan nan nan nan nan nan nan nan nan nan nan
nan nan nan nan nan 3.469549733081091214e-02 -1.206531580499795378e-02 6.086393341683602604e-02 -1.595781208103730711e-02 -8.875957568266781839e-02 1.122829001574418735e-02 -1.287652545983461461e-02 nan -2.088258197524558296e-02 nan nan nan nan nan nan nan nan nan nan nan nan nan nan
nan nan nan nan nan 1.894640843974687225e-02 1.584526510638601532e-02 -3.969919398049047421e-02 -1.171430677983115176e-02 -3.702514485398167299e-02 -1.000279555113609831e-01 -1.966111973522069734e-01 -1.087801784760258732e-02 2.896087210365640152e-02 -1.428090987104468912e-02 nan nan nan nan nan nan nan nan nan nan nan nan nan
nan nan nan nan nan -6.425460835475436949e-02 -2.204593267329339051e-02 -3.086127484702483586e-03 1.506856643062414076e-03 5.039342698189032237e-03 -3.159740082884170825e-02 -6.913133689213713136e-03 -1.622400595179122884e-01 -1.071830599174209142e-01 8.302793358700316997e-03 -4.362186128889272187e-03 nan nan nan nan nan nan nan nan nan nan nan nan
nan nan nan nan nan nan -1.012911006695260165e-02 -1.782859533514521543e-03 -3.926105976631274162e-03 -7.743629896590217138e-03 -5.282114903965999357e-03 7.155434295581377530e-03 1.429667121063594830e-02 -5.554167003892594712e-02 -4.262274991164060473e-02 2.166186127513584567e-02 -9.311662953353762318e-03 nan nan nan nan nan nan nan nan nan nan nan
nan nan nan nan nan nan nan -1.526423382370988881e-02 1.089808109858418986e-02 -1.515875790776880644e-02 -3.456359022787243006e-03 -2.571850871060608543e-02 -1.899562666686271245e-02 -1.099575755497706440e-02 -8.524156806198697478e-02 -1.102192637900554079e-01 5.500194697859661034e-04 2.175092828918946935e-03 nan nan nan nan nan nan nan nan nan nan
nan nan nan nan nan nan nan -3.138059285075806004e-02 -2.351644730386245405e-05 -1.925498239231957301e-02 -9.279526050795983486e-03 -4.100219352531195988e-02 -6.857995520367572706e-02 -2.062776177606542860e-02 -4.625997748289931155e-02 -1.113547253405248322e-01 -1.403821293906108436e-01 -1.458579325539776095e-01 -4.476334424955395741e-02 nan nan nan nan nan nan nan nan nan
nan nan nan nan nan nan nan nan 4.729864618226204895e-03 4.439208928054124564e-02 -2.688008154379810388e-02 -7.394139308132873477e-03 -3.597645427087475117e-02 -5.459912714524153832e-02 -3.430659685709366857e-02 -1.630481446821797561e-02 -1.072367071757403811e-01 2.868470552555164171e-02 -1.373126859001702442e-02 nan nan nan nan nan nan nan nan nan
nan nan nan nan nan nan nan nan nan 3.849923478113374820e-02 6.735427201175791731e-03 1.916017906187653802e-02 -1.657352370212539922e-02 -1.202195044781418894e-03 1.160546612901133812e-02 -2.791530228141426984e-02 -5.138862636256943950e-02 -1.325768668793188554e-01 -2.233872801110729864e-03 -3.488023085895661235e-02 nan nan nan nan nan nan nan nan
nan nan nan nan nan nan nan nan nan nan 4.300912491888906480e-02 -1.815872699055865250e-02 -3.495419996084858736e-03 1.425041513546232170e-03 -6.259182157136265745e-02 -6.013925676361968863e-03 9.979013239201547578e-03 -7.955891500058894991e-03 -1.239171730161353208e-01 -1.635602957920951894e-01 -8.732506748125822005e-02 -3.988640870642356367e-02 nan nan nan nan nan nan
nan nan nan nan nan nan nan nan nan nan nan nan 2.264539616398442493e-02 -1.452827655176452222e-03 2.964094712822911391e-03 -3.021570085700497552e-02 -1.517274660054385334e-02 2.839589662610491824e-02 1.058600701869835160e-02 3.791808483920312833e-02 -7.326376899745307147e-02 -5.578398262099008853e-02 -2.626480954794947753e-02 nan nan nan nan nan
nan nan nan nan nan nan nan nan nan nan nan nan nan 5.866630785091953536e-03 2.102425817558217086e-02 2.529382083670986270e-02 5.749196754047139653e-03 -8.788664238951823804e-02 -3.642852723372400764e-02 5.855723857035875779e-02 2.550047885051747940e-02 -4.176227994131487958e-02 -2.264152923497099110e-02 -2.203878115150734521e-02 nan nan nan nan
nan nan nan nan nan nan nan nan nan nan nan nan nan nan nan 5.352494782047965971e-02 -2.989341787916500667e-02 2.392920871976527558e-02 -1.410491636290056583e-02 6.082761956397728098e-02 6.239652052570611451e-02 4.700909411969444313e-02 4.568861852787291927e-02 -1.010292283225540898e-02 nan nan nan nan
nan nan nan nan nan nan nan nan nan nan nan nan nan nan nan nan nan 1.299979662574804462e-01 2.172121139973617610e-01 7.136839236077898406e-03 5.837688111062035862e-02 -4.811273678376400131e-02 8.000667888236014103e-02 5.850697960835898187e-02 nan nan nan nan
nan nan nan nan nan nan nan nan nan nan nan nan nan nan nan nan nan nan nan nan -9.083918220404744656e-03 nan nan nan nan nan nan nan
