nan nan nan -2.811204668105272975e-02 -1.362929604261446789e-03 nan nan nan nan nan nan nan nan nan nan nan nan nan nan nan nan nan nan nan nan nan nan nan
nan nan nan -1.912670544095730618e-02 2.584348454564646541e-02 -1.006583846911211222e-01 -1.359899623879462505e-01 nan nan nan nan nan nan nan nan nan nan nan nan nan nan nan nan nan nan nan nan nan
nan nan -1.019651047350096651e-01 4.456752738207111347e-02 -1.562290361316972555e-02 2.306387501115090416e-02 -2.948328623663057022e-02 -1.227136917445415115e-01 nan nan nan nan nan nan nan nan nan nan nan nan nan nan nan nan nan nan nan nan
nan 1.459674469161159061e-01 7.762587451282768058e-02 1.579581464750323336e-02 -1.666699334856105996e-02 -7.319215939492651479e-02 -2.513121987689401898e-02 -2.508799300960879233e-02 -8.609112154864632938e-02 nan nan nan nan nan nan nan nan nan nan nan nan nan nan nan nan nan nan nan
nan 1.037085311738943257e-02 6.375706487999516225e-02 5.379923396660747648e-03 1.200449920912852741e-01 6.017162007111744038e-02 -4.244251076867738837e-02 -8.438720551626673061e-02 -7.901218034813567437e-02 -1.890096431861385262e-01 nan nan nan nan nan nan nan nan nan nan nan nan nan nan nan nan nan nan
1.965562052460018971e-01 7.408306803624867265e-02 1.606553972281575537e-02 4.008845043102306216e-02 -1.606620831576623110e-02 -3.228778583140985703e-02 -2.509673988388592611e-02 -4.099947330847132643e-02 9.832111292848862497e-03 nan nan nan nan nan nan nan nan nan nan nan nan nan nan nan nan nan nan nan
1.419906172606147723e-02 1.687170345525701998e-01 2.777554372707887950e-02 1.195030404503778787e-02 -3.318195597654844536e-02 1.210508829874270935e-02 2.357722368842212618e-02 -1.428745797419738173e-01 -1.029537175838832891e-01 nan nan nan nan nan nan nan nan nan nan nan nan nan nan nan nan nan nan nan
-1.684896592388133302e-03 3.008629446884663119e-02 1.170297460570620708e-02 7.021254791750015933e-02 2.975196247900878735e-02 1.358250580060852211e-02 -2.632576693412945132e-02 -1.110337840808259674e-01 1.981394787073177330e-02 nan nan nan nan nan nan nan nan nan nan nan nan nan nan nan nan nan nan nan
nan 1.368183374544949989e-02 7.412386561054155887e-02 -4.294857946749680404e-03 3.128050221615078647e-02 4.037677548966506214e-02 5.709338949808729496e-02 -5.318617699305912272e-02 -2.575678918917551075e-03 -1.430049093350552192e-01 nan nan nan nan nan nan nan nan nan nan nan nan nan nan nan nan nan nan
nan 2.489879578512894584e-02 1.869337933457374326e-02 1.044961547566289339e-01 1.066313184457190893e-01 1.254105504902131851e-01 5.669808554399040704e-03 1.200891194413211543e-01 -7.317562981628410179e-02 -1.057005413883654044e-01 nan nan nan nan nan nan nan nan nan nan nan nan nan nan nan nan nan nan
nan 2.461905102564225511e-02 3.203839783168011685e-02 -1.386405197907450253e-02 -1.045579691974971373e-02 1.428745098686050145e-02 -2.398405518510031615e-04 -2.379552563102222459e-03 2.700583298443096081e-02 -7.879176567015791499e-02 nan nan nan nan nan nan nan nan nan nan nan nan nan nan nan nan nan nan
nan nan 1.410280535213741682e-03 5.500467628705239809e-02 2.232050821474327804e-02 4.874658726941313858e-02 -2.207428822696157547e-02 -8.561634323851359182e-03 5.873720709535974749e-02 8.369332579104649117e-02 nan nan nan nan nan nan nan nan nan nan nan nan nan nan nan nan nan nan
nan nan 1.559929075010409519e-02 -6.691639525450555990e-04 -1.673779087309370736e-02 nan 3.181051715168731198e-02 -1.165545783884132103e-01 6.944435720324258765e-02 -9.523000739076883936e-02 nan nan nan nan nan nan nan nan nan nan nan nan nan nan nan nan nan nan
nan nan nan nan nan nan 2.076406197230841466e-02 -1.315780613868417978e-02 -1.846407078593487738e-01 -3.108133325967637334e-02 nan nan 6.930206242397682348e-02 nan nan nan nan nan nan nan nan nan nan nan nan nan nan nan
nan nan nan nan nan 6.351935695430883932e-02 -2.927978424819168562e-02 4.148885170245672493e-02 -3.537970545950810258e-02 3.135548668125689303e-02 nan nan nan nan nan nan nan nan nan nan nan nan nan nan nan nan nan nan
nan nan nan nan nan 4.325024561582441196e-02 3.325334726093849558e-02 2.336043133606317476e-02 -6.434993520947612788e-02 -9.746476857149709294e-02 1.158873312824855797e-02 nan nan nan nan nan nan nan nan nan nan nan nan nan nan nan nan nan
nan nan nan nan nan 4.191548910298228199e-04 -4.364746846876802616e-02 1.358887403794131060e-02 -1.810613199196325213e-02 -8.546466232647310923e-02 -1.607608871550616700e-02 2.775618893031809101e-02 nan -1.929461913746106580e-02 nan nan nan nan nan nan nan nan nan nan nan nan nan nan
nan nan nan nan nan 4.032953929629570083e-03 4.241707742021231728e-03 -2.816912837559170518e-02 -6.898869884305847480e-03 -5.346391065583606245e-02 -1.190453660319689549e-01 -2.524837381204734221e-01 -3.232266208289592824e-02 6.455608903711847202e-02 -4.890661208394602930e-03 nan nan nan nan nan nan nan nan nan nan nan nan nan
nan nan nan nan nan -3.554833695143552047e-02 -2.775278211403105558e-02 -1.586594858065994498e-02 -6.941934289018532496e-03 -3.076619360898951838e-03 -4.993718193888961598e-02 1.730609637284054661e-02 -1.589021362014192140e-01 -1.167426353233442377e-01 1.651509794752253554e-02 1.195773747765215651e-03 -6.274268921522940801e-02 nan nan nan nan nan nan nan nan nan nan nan
nan nan nan nan nan nan 4.824972391243001826e-03 2.166261316834899517e-02 -2.582495059200102475e-03 6.859644059661077105e-03 7.940806900616529176e-03 1.332811152544184467e-02 9.907767027871484250e-03 -8.193778198268475421e-02 -4.709795197171778164e-02 1.557582184892168480e-02 -3.227066314311592687e-02 -2.376721594425117504e-02 nan nan nan nan nan nan nan nan nan nan
nan nan nan nan nan nan nan -1.737137070226151686e-02 6.678829927493225294e-03 -1.871190697793756593e-03 9.680529708171266203e-04 -3.524521622339669286e-02 -4.303171122520018516e-02 -2.791135637821233473e-02 -1.177012493653295938e-01 -1.374090158531051931e-01 -1.571880234484735600e-02 1.086680389197932153e-02 -2.521202904766509101e-02 nan nan nan nan nan nan nan nan nan
nan nan nan nan nan nan nan -1.853359228404744333e-02 -8.789405041139838198e-03 -6.175775419782023913e-03 -1.500239106853525767e-02 -2.274961469382124138e-02 -6.609345254240550638e-02 -2.026919138445432145e-02 -1.287724880200822979e-02 -1.339309139176549368e-01 -1.003521316755666554e-01 -1.714828740231099657e-01 -3.241017721473210544e-02 -2.301955285642354535e-02 -2.956508433509746903e-02 nan nan nan nan nan nan nan
nan nan nan nan nan nan nan nan -4.499209119294366160e-04 2.857289494277804806e-02 -2.709896887926175474e-02 -1.906018372451743700e-02 -3.847886463071834712e-02 -3.090298260281574075e-02 -2.072219949246771956e-02 -8.778448672256435742e-03 -8.253977592877397018e-02 5.247118662698804781e-02 -1.748789265822066688e-02 -4.862993499620721360e-02 -1.679299933847563583e-02 -1.882855842838000726e-02 nan nan nan nan nan nan
nan nan nan nan nan nan nan nan nan -3.395486170501305426e-03 1.251669570017176648e-03 1.827923389789803607e-02 -2.202613943800141652e-02 7.161043608474534396e-04 2.897672408364202271e-03 -2.259420249457030558e-02 -4.429571133632825841e-02 -1.614815258862612735e-01 -2.688476085432706109e-02 -8.379163586422105556e-03 -4.510816742896894133e-02 -4.011502080593842140e-02 -4.096874765742467700e-02 nan nan nan nan nan
nan nan nan nan nan nan nan nan nan nan 1.061947025913452247e-01 1.355257649578129643e-02 -5.993535389902889844e-03 -9.473223268092372321e-03 -4.682922831815971437e-02 -2.081967306799204637e-02 7.827602152955321496e-03 4.061358508866060035e-02 -1.058848109106364371e-01 -1.960220690335603144e-01 -1.060416673121178793e-01 3.316598400322865164e-03 -6.048751098948786792e-02 -6.807643232035277825e-02 -2.730265131261669018e-02 nan nan nan
nan nan nan nan nan nan nan nan nan nan nan nan 5.846938537234671468e-02 1.922095271051985771e-02 1.275811468792938455e-02 1.125588472030305751e-02 -6.579555462970951285e-02 -6.178089743898738072e-03 3.100386270106033487e-02 2.901317600989349738e-02 -8.218795713249998913e-02 -5.040193435490567669e-02 -3.240415715090536053e-02 -2.804490739573436975e-02 -2.034812071460119845e-02 -1.183229991233889725e-03 nan nan
nan nan nan nan nan nan nan nan nan nan nan nan nan -9.729655278413271852e-03 1.170200383358107991e-02 1.928599562059159223e-02 4.093841301902854946e-02 -7.536619467908087233e-02 -9.081863678296155096e-02 3.632082999700311093e-02 2.173171551589108547e-02 2.088282535049990410e-02 1.168260545777157150e-03 -2.724990215747722169e-02 -1.496455995661384554e-03 1.795929674278657360e-03 nan nan
nan nan nan nan nan nan nan nan nan nan nan nan nan nan nan 7.827681407212322418e-02 -5.219175522682618050e-03 1.330740119824990169e-03 3.118407930313401785e-02 4.747822204767856991e-02 -1.779564366402897405e-02 1.347934847033366301e-01 -2.487055467773458678e-02 3.283720182672942439e-02 2.888868104657734900e-03 1.188052140661345103e-02 nan nan
nan nan nan nan nan nan nan nan nan nan nan nan nan nan nan nan nan 1.425048019040718594e-01 1.693025772835027032e-01 1.546411908618091080e-01 1.224058635723090094e-01 3.761837622854310309e-02 9.060059172923913551e-02 2.404412419492927763e-02 3.506954440864697847e-02 5.798045708435935718e-03 -1.811411636210561588e-02 nan
nan nan nan nan nan nan nan nan nan nan nan nan nan nan nan nan nan nan nan nan 8.203846258930216906e-02 nan nan -4.659282656888815571e-02 -2.329962998537030497e-02 -1.894161589604194049e-02 nan nan
