nan nan nan 3.927491975801322005e-02 -4.013751492565818813e-02 nan nan nan nan nan nan nan nan nan nan nan nan nan nan nan nan nan nan nan nan nan nan nan
nan nan nan -6.993993925175490123e-02 1.178391846346149574e-02 -6.715675420165347076e-02 -1.084138544590252107e-01 nan nan nan nan nan nan nan nan nan nan nan nan nan nan nan nan nan nan nan nan nan
nan nan 7.383018381766955074e-02 -2.634456345215998446e-03 1.410469218789982141e-03 -5.485799650580405924e-03 -3.144292712737450229e-02 -1.456755538929177807e-01 nan nan nan nan nan nan nan nan nan nan nan nan nan nan nan nan nan nan nan nan
nan 9.455435053313041016e-02 -8.536721652097559176e-02 1.715654451728336194e-01 -3.616614110773126028e-02 3.828259968115158701e-02 -7.363228348275006885e-02 1.830361337267569569e-02 -1.068019209709276246e-01 nan nan nan nan nan nan nan nan nan nan nan nan nan nan nan nan nan nan nan
nan 1.442005157960613015e-01 8.041127344473802951e-02 7.280044979222424772e-02 1.127580026521191742e-01 2.448671327694095651e-02 -7.897186507283826540e-03 -1.050829197344160942e-01 -1.420415208814067021e-01 -2.083143787095287081e-01 nan nan nan nan nan nan nan nan nan nan nan nan nan nan nan nan nan nan
3.386838936230721769e-02 4.312497262689632405e-02 6.724395937790354771e-02 8.513253847938910546e-02 1.252008613063914678e-02 1.150972357932964069e-01 1.155942112894189737e-02 -1.562032788056116547e-02 3.712047443182889955e-02 nan nan nan nan nan nan nan nan nan nan nan nan nan nan nan nan nan nan nan
2.710734839248620659e-02 6.471222630776922446e-02 4.397799963944648560e-02 1.236423870846308504e-01 -3.028372853723370825e-02 -3.488182142827706000e-02 -4.283383805295591651e-02 -1.327391788548230311e-01 -1.373774616234774704e-01 nan nan nan nan nan nan nan nan nan nan nan nan nan nan nan nan nan nan nan
-7.647624166224468653e-03 1.218751467706113978e-01 1.207053581523126473e-02 7.190328348844036987e-02 -2.869202970495204896e-02 2.756950435873377694e-02 8.182297378594790768e-03 4.789361639488329270e-04 -2.414192085688628489e-02 nan nan nan nan nan nan nan nan nan nan nan nan nan nan nan nan nan nan nan
nan 4.079795808190794792e-02 6.121744119896687514e-02 5.759654987231271200e-02 7.255601199493144637e-02 4.746641976621514269e-02 -1.647638703622593404e-02 -3.875614361858203960e-02 1.337552487064782095e-02 -1.461697646960473107e-01 nan nan nan nan nan nan nan nan nan nan nan nan nan nan nan nan nan nan
nan 1.980969761589322295e-02 2.717934770178885920e-02 7.987243746204626682e-02 6.448638172773954458e-02 9.467988051664723292e-02 -4.247812568595624866e-02 7.513119846090254850e-02 -1.404901523261160579e-01 -1.271588874044341511e-01 nan nan nan nan nan nan nan nan nan nan nan nan nan nan nan nan nan nan
nan -3.486565693466734533e-02 1.760477773676572336e-02 -1.075410499798184864e-02 1.395091498102511707e-02 6.146608416170983719e-02 1.317745162445037865e-01 4.161410599859827891e-02 4.617572290903927679e-02 -5.126355548991775452e-02 nan nan nan nan nan nan nan nan nan nan nan nan nan nan nan nan nan nan
nan nan 2.967029548722590823e-02 6.726385273695681399e-02 -4.887080248824698936e-03 3.200605481491316379e-02 3.451754915433999371e-02 -3.233714969446900567e-02 2.213297714475540370e-02 9.199677461087710229e-02 nan nan nan nan nan nan nan nan nan nan nan nan nan nan nan nan nan nan
nan nan 2.043917731561090481e-03 3.178288952524354130e-03 3.446042149052067766e-02 nan -2.190079436629416981e-02 -5.498400397437886583e-02 -8.813835793241268576e-03 -1.168626076428341959e-01 nan nan nan nan nan nan nan nan nan nan nan nan nan nan nan nan nan nan
nan nan nan nan nan nan 4.674691730096034586e-02 -7.112593775036113800e-04 -6.757844979476314295e-02 -4.410707511790784574e-02 nan nan 1.458347705967337482e-01 nan nan nan nan nan nan nan nan nan nan nan nan nan nan nan
nan nan nan nan nan 2.213206466522940619e-02 -3.496777886209821717e-02 2.659362779896937493e-02 -7.379948366606241261e-02 2.419004252929067914e-02 nan nan nan nan nan nan nan nan nan nan nan nan nan nan nan nan nan nan
nan nan nan nan nan 5.969865831065603035e-03 2.138395275947877622e-02 2.088209155702385952e-02 -2.242315489088230612e-02 -1.046010010210448593e-01 -2.702527979095842303e-02 nan nan nan nan nan nan nan nan nan nan nan nan nan nan nan nan nan
nan nan nan nan nan 2.584176762948743947e-02 -2.577116241639756250e-02 4.526222319994462756e-02 -8.828318272747504849e-04 -6.998462804392358017e-02 -2.246088093031014393e-02 1.305109633716501280e-02 nan -1.281920351347733307e-02 nan nan nan nan nan nan nan nan nan nan nan nan nan nan
nan nan nan nan nan 1.744100288453274972e-02 3.128533627190779182e-02 -4.126460017151296900e-02 -2.421847956947524583e-02 -1.917354692701633834e-02 -5.608158038605290385e-02 -2.030393978624340512e-01 -1.299962889801909230e-02 2.773673571850750197e-02 -1.043025144406234568e-02 nan nan nan nan nan nan nan nan nan nan nan nan nan
nan nan nan nan nan -5.407758373052005962e-02 -3.212503170147465448e-02 -1.901162420871578204e-02 -1.672025357924806707e-02 3.922565124152414297e-03 -1.779283360746778189e-02 8.005107859589624328e-03 -1.537383169515949000e-01 -1.030308352423854601e-01 9.156134064553763177e-03 8.444065108646447689e-04 -1.507602388192491073e-02 nan nan nan nan nan nan nan nan nan nan nan
nan nan nan nan nan nan -6.574930347408430679e-03 7.691670599516481875e-03 6.559079713922842496e-03 -1.978205437615547860e-02 -1.889156132760369186e-02 -1.321213334006607343e-02 -1.491289852805598691e-02 -5.942235776021014687e-02 -2.394450809784507556e-02 2.323516348875519916e-02 -2.775379162988330858e-02 -2.244729966750739353e-02 nan nan nan nan nan nan nan nan nan nan
nan nan nan nan nan nan nan -1.490390723239744947e-02 6.535855976543703677e-03 -3.361844829657569759e-03 6.143132979180300143e-03 -2.938151680369279276e-02 -2.818283464306185065e-02 -4.268596896101997662e-02 -1.109252155882357316e-01 -1.222907967356327147e-01 -3.308662640988291066e-03 1.792862053439536101e-03 -2.609249414170751458e-02 nan nan nan nan nan nan nan nan nan
nan nan nan nan nan nan nan -2.112784784475871605e-02 -6.058723457958939016e-04 -1.647127300499214714e-02 -1.878722675137763781e-02 -3.274716839753574749e-02 -5.451750451222884403e-02 -4.790875945553721145e-04 -2.351349972207153818e-02 -9.729450832772852664e-02 -1.255727218363549280e-01 -1.492586683331467712e-01 -5.323605070984444715e-02 -3.091234842173410866e-02 -1.966608518381137219e-02 -2.365859500867040915e-02 nan nan nan nan nan nan
nan nan nan nan nan nan nan nan 1.561417099757746521e-02 1.048953345521194680e-02 -1.044132891940705542e-02 -5.432957699491127758e-03 -1.987808718918548240e-02 -4.281667779381932715e-02 -6.152899277258636057e-02 -1.969542098936157351e-02 -1.025961673592860057e-01 4.512424600961955495e-02 -1.023281664094838166e-02 -7.030422968605401501e-02 -5.216885872498674970e-02 -1.909756087581519768e-02 2.472580016060864708e-02 1.875807322968003898e-02 nan nan nan nan
nan nan nan nan nan nan nan nan nan 7.801752384805795207e-03 4.945064701941326779e-04 1.790574198846115947e-02 -1.889739853542254239e-02 2.022521739626421521e-03 -1.389393190509364585e-02 -4.684280980633629549e-02 -4.320853587217717701e-02 -7.888215274764501239e-02 2.012867039264636115e-02 -3.047954461305916671e-02 -6.351007223740862129e-02 -5.802252055187986229e-02 -4.765183003556548724e-02 -4.683319295783745090e-02 nan nan nan nan
nan nan nan nan nan nan nan nan nan nan 5.641146407828455389e-02 -3.317394656974271573e-05 1.387166675231523393e-02 -7.670191676616475336e-03 -2.246775440015968614e-02 -2.153649812045580272e-02 -1.178383482582324657e-03 -5.185543324542552651e-02 -1.518007165749287180e-01 -1.818513119106573706e-01 -9.602087647336335352e-02 1.349898426295093393e-03 -6.494597350662455193e-02 -4.796300949856065893e-02 -3.981032831605289118e-02 nan nan nan
nan nan nan nan nan nan nan nan nan nan nan nan 2.617374791750923246e-02 2.950385815036598441e-02 3.376198600153702302e-03 5.936958686356422210e-03 -1.583420871057707180e-02 3.954882883033485064e-02 -8.568349900412272624e-02 1.481276356053162491e-01 -3.139886873619850832e-02 -5.741234827932968632e-02 -2.413404799089581901e-02 -2.278749893190127468e-02 -1.809459593341854536e-02 -7.796561602238705549e-03 nan nan
nan nan nan nan nan nan nan nan nan nan nan nan nan -5.506977252619091150e-03 9.627209117447223241e-03 8.119611544664291636e-03 2.622275935081018472e-02 -1.035618545045094152e-01 6.975885360944802938e-03 6.692366162191482060e-02 -8.721338658922150877e-02 1.312457431840166958e-02 -3.419834722209933592e-02 -2.238015201024889239e-02 7.306183654600476854e-04 2.007918600076897923e-03 nan nan
nan nan nan nan nan nan nan nan nan nan nan nan nan nan nan 2.778831853976443042e-02 -4.644095253970793175e-03 5.956440974326206866e-03 4.294526442231090535e-02 8.597230945887475440e-02 4.382217089638586888e-02 9.762693006172309951e-02 2.335124347971084813e-02 -1.111332200823286591e-02 -1.576286469967329252e-03 1.378128939098308137e-02 nan nan
nan nan nan nan nan nan nan nan nan nan nan nan nan nan nan nan nan 2.085855019902596308e-01 2.683183361093963160e-01 1.983874579886064915e-01 1.113896727215220595e-01 -1.758906809896850984e-02 1.102507560239866652e-01 3.673524013556919016e-02 2.200378900363158391e-02 1.019171310849850340e-02 -2.885807244889759295e-03 nan
nan nan nan nan nan nan nan nan nan nan nan nan nan nan nan nan nan nan nan nan 6.506479078417963524e-02 nan nan -7.406001642130079221e-02 8.043788639521438910e-03 -1.710640913565593434e-03 nan nan
