nan nan nan 1.429056855823456484e-01 2.520915844877637778e-03 nan nan nan nan nan nan nan nan nan nan nan nan nan nan nan nan nan nan nan nan nan nan nan
nan nan nan -4.976041400563532835e-02 -1.602477133043807679e-03 -9.986978673961798003e-02 -1.427255159934989748e-01 nan nan nan nan nan nan nan nan nan nan nan nan nan nan nan nan nan nan nan nan nan
nan nan 4.664443208680128794e-02 8.828193800959044379e-02 -4.705681248518836512e-02 -1.931543348839264915e-02 -3.926278041286480891e-02 -1.709876651135007475e-01 nan nan nan nan nan nan nan nan nan nan nan nan nan nan nan nan nan nan nan nan
nan 1.672114019542905450e-01 9.828584587953326235e-02 -1.715026976450261670e-02 4.708725877129683879e-02 -3.068116581696857248e-02 -4.840699853359055338e-02 1.086958265418734929e-02 -8.515527392681389307e-02 nan nan nan nan nan nan nan nan nan nan nan nan nan nan nan nan nan nan nan
nan 1.143393374380935329e-01 4.263156767659224966e-02 1.027260103248376494e-02 6.989937568365438281e-02 1.507135427074360670e-02 -4.089395851728289816e-02 -8.801612400389052793e-02 -6.321482091941554859e-02 -1.781862109502342084e-01 nan nan nan nan nan nan nan nan nan nan nan nan nan nan nan nan nan nan
1.343600845743064542e-01 3.016125135312791236e-02 -8.081606046396620779e-03 3.135376242036130856e-02 -1.566763507837211009e-02 -4.771970374456523459e-03 -4.159404154135060150e-02 -9.135551435503747042e-02 5.644037606264124159e-03 nan nan nan nan nan nan nan nan nan nan nan nan nan nan nan nan nan nan nan
7.825455138692591350e-02 8.905326287200715507e-02 1.588781274446564584e-01 4.508724464238996615e-02 3.866799654547654203e-02 -7.486011586241127225e-02 -3.661411182208472448e-02 -9.157824616083933000e-02 -8.231597656047813516e-02 nan nan nan nan nan nan nan nan nan nan nan nan nan nan nan nan nan nan nan
1.379665266088957523e-02 1.218840914722444241e-01 2.259668485899595305e-02 6.432148834218474887e-02 -2.116298960496135889e-02 1.072568085907062568e-01 1.251000081492819119e-02 -1.059924862215669006e-01 -2.658303926407098311e-02 nan nan nan nan nan nan nan nan nan nan nan nan nan nan nan nan nan nan nan
nan 6.722044828164384922e-02 1.308929835072927539e-01 1.660372744998739325e-02 9.301286453898771622e-02 4.917471566009260636e-02 4.588868389154434485e-02 -3.457039063354333530e-02 1.193537140766076643e-02 -1.359740058439763699e-01 nan nan nan nan nan nan nan nan nan nan nan nan nan nan nan nan nan nan
nan -4.371456550386249029e-02 9.514802518631362838e-02 9.432169844593786545e-02 1.287243014367449589e-01 8.232721770805076500e-02 -4.145301684698010636e-03 1.096499892850878732e-01 -1.152888730258879307e-01 -1.194127990452300281e-01 nan nan nan nan nan nan nan nan nan nan nan nan nan nan nan nan nan nan
nan 2.625942692152944194e-02 3.944666846649571082e-03 1.207338541046598657e-03 7.525613689649757014e-03 9.862681065395578761e-02 1.262143375319771110e-01 -3.582868337990825075e-02 1.188462638134539333e-02 -6.069592364893333647e-02 nan nan nan nan nan nan nan nan nan nan nan nan nan nan nan nan nan nan
nan nan 2.117642865494186177e-02 5.627071894285758796e-02 -8.820756149474076255e-03 5.155127502173025705e-02 6.816298849005218707e-02 7.321098175012785356e-03 -3.227558514210397689e-02 7.883353454271981031e-02 nan nan nan nan nan nan nan nan nan nan nan nan nan nan nan nan nan nan
nan nan 4.256021567067289416e-03 1.840420544967000726e-03 -1.138434559717312403e-02 nan 6.136037009537297386e-04 -1.623240281223299955e-02 5.272718335702036158e-02 -9.932687960886073253e-02 nan nan nan nan nan nan nan nan nan nan nan nan nan nan nan nan nan nan
nan nan nan nan nan nan 6.137303707174101598e-03 -1.737530747546994422e-02 -1.120000433637989706e-01 -1.302771980597714624e-02 nan nan 1.328024980472958805e-01 nan nan nan nan nan nan nan nan nan nan nan nan nan nan nan
nan nan nan nan nan 4.966607916529353767e-02 -2.035629206621252310e-02 3.306916779210584273e-02 -1.000350228891558335e-01 -3.844326484882581996e-02 nan nan nan nan nan nan nan nan nan nan nan nan nan nan nan nan nan nan
nan nan nan nan nan -4.849799029033592494e-03 1.928716197861500559e-02 1.724854461898743530e-02 1.736268535945596075e-02 -6.069253785480394764e-02 -7.088332492574297462e-03 nan nan nan nan nan nan nan nan nan nan nan nan nan nan nan nan nan
nan nan nan nan nan 2.117636796534802870e-02 -2.208984414778104172e-02 2.794248867036397410e-02 -1.943457041353201589e-02 -8.360005720327950973e-02 4.083614667279276272e-02 3.296417873613109034e-02 nan -2.015185515631925939e-02 nan nan nan nan nan nan nan nan nan nan nan nan nan nan
nan nan nan nan nan 2.871091133144304704e-03 2.214260694039139193e-02 -2.517917339241526609e-02 -1.251906263312783582e-02 -8.183429290295597680e-02 -1.260311415531261414e-01 -2.108092121244212191e-01 -1.459486119216677098e-02 2.944794927122364181e-02 -8.064707806738515353e-03 nan nan nan nan nan nan nan nan nan nan nan nan nan
nan nan nan nan nan -2.980874157854626269e-02 -3.121010093096768592e-02 -1.389805211837438076e-02 -1.014640463497855881e-02 1.089413589747325987e-02 -2.766647230656890666e-02 3.980606229319565538e-04 -1.669366257525903841e-01 -1.235541477138634298e-01 8.319610234825481829e-03 -1.498331944190087542e-03 -4.000498332829775100e-02 nan nan nan nan nan nan nan nan nan nan nan
nan nan nan nan nan nan 1.956403769202177110e-04 1.380205360159203129e-02 -7.619354271997800208e-03 -6.555330928618284536e-03 -1.664479303588388068e-02 -1.794624834624950968e-02 3.156186998839882393e-03 -4.627722480318364334e-02 -5.744848335159587899e-02 9.594080555760362700e-03 -2.708622651469061102e-02 -2.151652022936910436e-02 nan nan nan nan nan nan nan nan nan nan
nan nan nan nan nan nan nan -1.746817052977122503e-02 1.302040596107916122e-02 -1.916179364086517288e-03 -2.591953869455798296e-03 -2.930500595629265473e-02 -2.968414683376111030e-02 -2.564479512108647219e-02 -9.221850008241072594e-02 -1.145127911201713755e-01 -1.155247250356577354e-02 -1.283118104802177285e-02 -4.230509545767464213e-02 nan nan nan nan nan nan nan nan nan
nan nan nan nan nan nan nan -2.055152700557285467e-02 -1.587200562660069994e-02 -2.452693008318964502e-02 -8.349952863424568716e-03 -3.728773088748350839e-02 -7.475048693373202713e-02 -2.908697521123701502e-02 -2.336670040762371670e-02 -8.362764477343910541e-02 -1.242511939482966038e-01 -1.443263377035208239e-01 -5.244199617881958181e-02 -3.546041750187322456e-02 -2.020252251932312323e-02 -2.019247542805590462e-02 nan nan nan nan nan nan
nan nan nan nan nan nan nan nan -2.772118738403820531e-02 3.481660093484618274e-02 -4.224313623621143987e-02 -7.111195735804860460e-03 -2.258186296533374812e-02 -4.913233303680285269e-02 -7.775126110986640970e-02 -5.819967276797034794e-02 -1.019551847795519828e-01 2.572234838503682439e-02 -1.666631065416629431e-04 -6.412645396053245905e-02 -1.931423618228540751e-02 1.243183432291960176e-02 3.659518930633384737e-02 -1.772386817268453794e-03 nan nan nan nan
nan nan nan nan nan nan nan nan nan -4.179082289112817650e-03 6.808748057854121551e-03 2.451036170411918444e-02 9.000342107010475068e-04 1.872207054833344760e-03 2.392138010614250701e-02 -1.760777296092068400e-02 -4.044096152745842165e-02 -1.322194172712237714e-01 -1.301566418224498270e-02 -2.097483964651456964e-02 -3.794087910335593866e-02 -4.720882159998684990e-02 -2.393575770232090824e-02 -1.250501183643641656e-02 nan -2.883078418235237445e-02 nan nan
nan nan nan nan nan nan nan nan nan nan 2.520976804963811352e-02 4.250803936139708333e-03 -8.664110332329067951e-03 -1.039086306380007999e-03 -4.844189668347980565e-02 -4.464040994431413972e-02 -2.619014357589041428e-02 7.345241361531982052e-03 -1.268496052909705851e-01 -1.488803819336310119e-01 -8.896611973185028499e-02 -2.457585170195026019e-03 -5.998349418353464413e-02 -4.120793913943270048e-02 -4.317254752236360238e-02 -4.433705471241872892e-02 nan nan
nan nan nan nan nan nan nan nan nan nan nan nan 2.727178669799759994e-02 5.491399214133573826e-03 -6.919144875521012795e-03 2.584871690452370321e-02 2.238914592420194333e-02 4.952177356749823574e-03 4.531690446224419244e-02 7.359170787710200834e-02 -3.159150573291392983e-02 -4.429490842820889979e-02 -2.353180604244010585e-02 -3.187331304452493963e-02 -2.790664307458290069e-02 -9.803090881932926409e-03 nan nan
nan nan nan nan nan nan nan nan nan nan nan nan nan -7.835959307170860776e-04 1.637033305898642419e-02 2.010133618167198738e-02 4.904265033270629841e-03 -9.759148980242800253e-02 -3.131939792106884501e-02 7.351927232846734717e-02 -6.743071087791896456e-02 7.629939091221077212e-03 -1.165464780545180309e-02 -2.839771887918421736e-02 1.158900964056829540e-02 1.585730621701258872e-03 nan nan
nan nan nan nan nan nan nan nan nan nan nan nan nan nan nan 4.988696801619087184e-02 2.017154591531946858e-02 -2.102538295207273880e-02 1.278857368008061435e-02 -2.126271492058435381e-02 1.158497866911202198e-03 8.813203159090217398e-02 1.576073114029108088e-02 -1.664380192676644197e-03 -7.034776434775989046e-03 1.022210886318077744e-02 nan nan
nan nan nan nan nan nan nan nan nan nan nan nan nan nan nan nan nan 1.432392403548488902e-01 1.788145179166873155e-01 1.789722168433997840e-01 1.325794509327846704e-01 -2.176544585420144701e-02 4.175651594357723123e-02 3.781719717427116378e-02 2.188046897216030379e-02 6.523998986989926023e-03 -1.130610576858735901e-02 nan
nan nan nan nan nan nan nan nan nan nan nan nan nan nan nan nan nan nan nan nan 3.473176879770718123e-02 nan nan -9.823332151047391159e-02 -2.274530151226456659e-02 -1.338824831792511175e-02 nan nan
