nan nan nan 2.429580500430908174e-01 -1.164576061229894294e-01 nan nan nan nan nan nan nan nan nan nan nan nan nan nan nan nan nan nan nan nan nan nan nan
nan nan nan -8.501953659595441748e-02 4.642223461608829815e-02 -5.143522107532252224e-02 -1.325700638852392033e-01 nan nan nan nan nan nan nan nan nan nan nan nan nan nan nan nan nan nan nan nan nan
nan nan 1.061774585238243751e-01 -1.208401022986576798e-02 4.988394420550051889e-02 4.175840363060514919e-03 2.630256089231692088e-02 -1.332596487447857692e-01 nan nan nan nan nan nan nan nan nan nan nan nan nan nan nan nan nan nan nan nan
nan 1.421722358570393779e-02 -5.190117038123730209e-02 5.384190323962011887e-02 2.383422567547452756e-02 -4.065040024283481102e-02 -4.949283079256781848e-02 2.192904198641887348e-02 -5.142993731971758770e-02 nan nan nan nan nan nan nan nan nan nan nan nan nan nan nan nan nan nan nan
nan -1.491742986926528070e-01 9.734844645200187163e-02 2.261447279504517210e-02 6.924309005648683624e-02 2.123377665964686772e-02 -4.680000329552095814e-03 -1.763733578423411774e-01 -1.608249862095093574e-01 -2.210301364887533315e-01 nan nan nan nan nan nan nan nan nan nan nan nan nan nan nan nan nan nan
1.285136785200560738e-01 1.239099817912974952e-02 -2.409744034899022683e-02 2.611209778475840140e-02 1.060220524358797545e-01 -9.376099796309346479e-02 3.578052494041770309e-02 -7.476963833953788330e-02 1.967002813155404456e-02 nan nan nan nan nan nan nan nan nan nan nan nan nan nan nan nan nan nan nan
8.098419901128238452e-02 -6.908702008994983650e-03 1.209512204861737522e-01 3.237324605767172986e-02 -1.134736225199269866e-01 7.132189224119314663e-02 -2.819140267103310490e-02 -1.044701486261258999e-01 -1.476951576463324256e-01 nan nan nan nan nan nan nan nan nan nan nan nan nan nan nan nan nan nan nan
6.719143590828608598e-03 1.055341742617240536e-01 7.196248442390926203e-02 2.419177791041214609e-02 8.920904278265372189e-02 1.991918406194618033e-02 3.285451236942363296e-02 -1.408778448191317922e-01 -3.915025077051732805e-02 nan nan nan nan nan nan nan nan nan nan nan nan nan nan nan nan nan nan nan
nan 5.771246110303266535e-02 2.943389158218841922e-03 1.390308168295605884e-01 1.042449553272661728e-01 4.634509082773786287e-02 7.370965037348088666e-02 -2.916170427223590406e-02 -1.986344595843372862e-02 -1.306482917770449004e-01 nan nan nan nan nan nan nan nan nan nan nan nan nan nan nan nan nan nan
nan -3.035813560826458243e-02 2.247149326433200631e-02 2.323472188644447323e-02 6.850755068462398290e-02 9.691990949524600940e-02 -3.215049003635052360e-02 8.409774804564816575e-02 -1.189169754897169279e-01 -1.022448920621140955e-01 nan nan nan nan nan nan nan nan nan nan nan nan nan nan nan nan nan nan
nan -4.774728154437698525e-03 3.129892349298486753e-02 -1.866925337278669758e-02 2.631521149432742169e-03 6.104900849532575446e-02 1.347120745644696527e-01 2.535819574562455259e-03 -4.494197188452455817e-08 -2.741200665792314917e-02 nan nan nan nan nan nan nan nan nan nan nan nan nan nan nan nan nan nan
nan nan 2.663284392446268328e-02 6.870154047698190380e-02 -2.284452981291721155e-02 2.453107509353020729e-02 6.798767540711221635e-02 -8.770124611283088012e-02 -5.316100997021808161e-02 6.088875031011905387e-02 nan nan nan nan nan nan nan nan nan nan nan nan nan nan nan nan nan nan
nan nan 5.561377511000386263e-03 -1.487469111859476834e-02 8.776071788110766103e-02 nan -1.017162195702133246e-02 -6.339641617132643625e-02 -1.667256032985397389e-03 -1.311305088991911172e-01 nan nan nan nan nan nan nan nan nan nan nan nan nan nan nan nan nan nan
nan nan nan nan nan nan 2.641448660556726044e-02 4.821617749674170922e-02 -7.430398241413124771e-02 -5.212274044893305119e-02 nan nan 8.879041947537920365e-02 nan nan nan nan nan nan nan nan nan nan nan nan nan nan nan
nan nan nan nan nan 4.084079309838603566e-02 -2.361985384886198386e-02 1.074496712316698813e-02 -7.771504504711110317e-02 -5.546981161195393278e-02 nan nan nan nan nan nan nan nan nan nan nan nan nan nan nan nan nan nan
nan nan nan nan nan -1.260001860605167688e-02 -1.029529945464664059e-02 2.210330758706263374e-02 3.141746640850411748e-02 -4.731957599045175100e-02 -2.967215250721737946e-02 nan nan nan nan nan nan nan nan nan nan nan nan nan nan nan nan nan
nan nan nan nan nan 4.242652961656923072e-02 2.913216671732123640e-03 5.174578873275513524e-02 -1.493474864312775187e-02 -1.217731788311632729e-01 -1.189619079452599107e-02 3.380272903699425326e-03 nan -2.172543028939809273e-02 nan nan nan nan nan nan nan nan nan nan nan nan nan nan
nan nan nan nan nan 3.106974988028545631e-02 6.926964333138071681e-03 -5.504814444537475815e-02 -9.989465843671873138e-03 -2.619812782150621189e-02 -1.304237235855773280e-01 -2.531018341310920516e-01 -2.603073145639306363e-02 3.315002287387548013e-02 -7.193213755453567275e-03 nan nan nan nan nan nan nan nan nan nan nan nan nan
nan nan nan nan nan -7.478529362002855896e-02 -6.154983624246911089e-02 -1.994609480164782900e-02 -2.716200101571818876e-02 4.641517695478306407e-03 1.821610651693735330e-02 2.020738518435227088e-02 -1.608835713676891044e-01 -1.105596102478254156e-01 2.407536878342232765e-03 -1.918663264930311682e-02 nan nan nan nan nan nan nan nan nan nan nan nan
nan nan nan nan nan nan 1.395293036910023876e-02 6.725601564946365185e-03 -8.333734746776809421e-03 -7.667545344626050356e-03 -2.890916160154184938e-03 1.129392767200098659e-02 -1.232565784182524868e-02 -6.141016194876618151e-02 -4.497958210052396127e-02 2.239196837281062780e-02 -2.845610587715485112e-02 nan nan nan nan nan nan nan nan nan nan nan
nan nan nan nan nan nan nan -1.209480698331878538e-02 4.219473768398949130e-03 -1.531335599150269967e-03 -8.759956826394705220e-04 -4.978940029273017792e-02 -9.683465054377681652e-03 -1.000327378476457453e-02 -6.004257612541214623e-02 -1.039011529079820750e-01 5.301864767978211289e-03 8.468748600371497209e-03 nan nan nan nan nan nan nan nan nan nan
nan nan nan nan nan nan nan 1.757318248349862624e-02 1.352864188655280783e-02 -1.242163919581980996e-02 -9.443836492856259434e-05 -2.359322546397546461e-02 -6.047860427481254603e-02 -4.531651869811659933e-02 -1.106056597119672302e-01 -1.160250512678293322e-01 -1.310244851636231112e-01 -1.478965937060772728e-01 -4.622179583675541104e-02 nan nan nan nan nan nan nan nan nan
nan nan nan nan nan nan nan nan -4.554261749076662230e-02 2.098377842536969240e-02 -2.626193324201479481e-02 2.049343717300130402e-02 -1.326706934314735714e-02 -3.947417371352231197e-02 -5.761745096393616761e-02 -3.868841135895380312e-02 -1.001728010637353006e-01 3.937855488448388508e-02 -1.027645306115869926e-02 -6.503557628468233098e-02 nan nan nan nan nan nan nan nan
nan nan nan nan nan nan nan nan nan -5.084183171751050639e-02 -1.296528608846643157e-02 -7.703183062474984986e-03 -1.435949676935833509e-02 1.958403902747332323e-02 3.041988275214410533e-03 -4.980237056990031302e-02 -7.822743576729135340e-02 -1.057548267583690582e-01 8.179639380663038251e-03 -3.235937017964943957e-02 -6.317794167256483850e-02 -5.080528266813075927e-02 nan nan nan nan nan nan
nan nan nan nan nan nan nan nan nan nan 4.967102789943924485e-02 8.711006182813571877e-03 3.862103786592714985e-03 1.612860231580933584e-02 -3.947942013304490266e-02 4.307425127360054937e-03 -5.024428958772432161e-03 -1.430769972282827825e-02 -7.463674677574615168e-02 -1.283453518490374756e-01 -8.359892741157537444e-02 -1.609436750587235621e-02 -7.078191267047763413e-02 nan nan nan nan nan
nan nan nan nan nan nan nan nan nan nan nan nan 4.822186152212840082e-02 -1.411248738220092364e-02 -4.633439215889440486e-03 -5.690479058516574595e-02 -1.879203730934385017e-02 2.117039099433291882e-02 -5.166989415634253707e-02 5.046686670006228503e-02 -2.346266738189829032e-02 -4.003055118913460830e-02 -1.825479597600490264e-02 2.081890753781935610e-03 -9.888946480195321895e-03 nan nan nan
nan nan nan nan nan nan nan nan nan nan nan nan nan 8.192086740438576237e-03 1.413179902722100194e-02 3.229576588961956957e-02 1.001347655495941381e-02 -2.460540066631285508e-02 -7.236726319978663280e-02 7.086803531842967262e-03 -4.393401429616999865e-02 -4.927610229263722913e-02 -3.996675069972754207e-02 -2.343191291973283422e-02 6.266226565721104468e-04 6.221730675006156841e-03 nan nan
nan nan nan nan nan nan nan nan nan nan nan nan nan nan nan 5.364842950339636374e-02 3.357298747206477474e-02 1.854909845688721207e-02 5.658125124914395454e-02 8.634037257361902584e-02 4.097146751643572504e-02 1.217696694018259168e-01 8.434921948217687093e-02 -1.895186737468285837e-02 -3.865870206051152252e-03 1.448867355777696923e-02 nan nan
nan nan nan nan nan nan nan nan nan nan nan nan nan nan nan nan nan 2.738241087629844084e-01 1.231854502141074559e-01 1.136605177022210061e-01 3.618039493886049396e-01 1.847492275519457133e-02 5.722190597553011154e-02 4.541230851466827867e-02 2.076978547834118852e-02 1.285293025240835489e-02 -2.334970568509953104e-03 nan
nan nan nan nan nan nan nan nan nan nan nan nan nan nan nan nan nan nan nan nan -2.578894251489281114e-02 nan nan -1.252814171703429437e-02 2.177865545342057979e-02 -1.309738168194109589e-04 nan nan
