nan nan nan 5.220352238951745522e-02 1.674160347220260761e-02 nan nan nan nan nan nan nan nan nan nan nan nan nan nan nan nan nan nan nan nan nan nan nan
nan nan nan -6.375137315744891509e-02 -2.261908794595135150e-02 -5.201264389119469866e-02 -8.839800715143450449e-02 nan nan nan nan nan nan nan nan nan nan nan nan nan nan nan nan nan nan nan nan nan
nan nan 5.384715893326502689e-02 -2.708341034530151181e-02 -3.753242344601093183e-02 3.644652593570060078e-02 -2.802491128889007116e-02 -1.424806550634918623e-01 nan nan nan nan nan nan nan nan nan nan nan nan nan nan nan nan nan nan nan nan
nan -5.873034131355691495e-02 4.040316814942765400e-02 -4.802460706378529343e-02 4.885527375589761301e-02 -3.843086256394930011e-02 -5.860102627799213676e-02 -2.446341160963516701e-03 -7.768995309982396069e-02 nan nan nan nan nan nan nan nan nan nan nan nan nan nan nan nan nan nan nan
nan 1.219504129099056033e-01 3.764400056637913494e-02 2.532320966806159146e-02 1.509668444619555183e-02 1.773846433335382611e-02 -1.196359634672841676e-02 -9.116622307974366068e-02 -6.576467264150942515e-02 -1.838821720094503120e-01 nan nan nan nan nan nan nan nan nan nan nan nan nan nan nan nan nan nan
3.153638680751417317e-02 9.857588888242799219e-02 3.713296954278338686e-03 4.764338468763609086e-02 5.461929498750558304e-02 -6.047790261616646512e-02 -1.207167523960625544e-02 -5.477756324481559275e-02 5.264610360694266938e-02 nan nan nan nan nan nan nan nan nan nan nan nan nan nan nan nan nan nan nan
1.590375540559949841e-01 7.432516614554256218e-02 1.165614400000938855e-01 -7.685023555596000311e-02 -9.082074269535569955e-02 2.726277009563515819e-02 -4.357701964811689505e-02 -1.281940158538624197e-01 -8.540951041725923509e-02 nan nan nan nan nan nan nan nan nan nan nan nan nan nan nan nan nan nan nan
-1.911885679110559427e-02 1.717748565218057688e-01 2.339263642403996077e-02 1.020684207626028177e-02 -1.518067951569557379e-02 1.093073786713378293e-01 2.789471358926532904e-02 -4.900577784945214788e-02 -7.730311472554689256e-02 nan nan nan nan nan nan nan nan nan nan nan nan nan nan nan nan nan nan nan
nan -1.609876632276477371e-02 1.677405238809924204e-01 3.715872920715017347e-02 1.256637778206786404e-01 -4.028792356840819877e-02 3.174866868857208896e-02 4.953956331862248430e-02 7.642817783605093673e-02 -1.456210249244467014e-01 nan nan nan nan nan nan nan nan nan nan nan nan nan nan nan nan nan nan
nan 1.569176852056613017e-02 3.093213377283585835e-02 5.193315249032391667e-02 3.738850558334089885e-02 3.478593529649379179e-02 6.334499295516803075e-02 9.067477374350858821e-02 -1.821074810854565462e-01 -1.230967584568974926e-01 nan nan nan nan nan nan nan nan nan nan nan nan nan nan nan nan nan nan
nan 4.602988225779731241e-02 4.442726764921687763e-03 -1.943336381483195402e-02 -2.646900330228150588e-03 6.151653699985981660e-02 1.055736318139451346e-01 -9.391620253286472875e-02 3.249035967530089497e-02 -4.630229996502514128e-02 nan nan nan nan nan nan nan nan nan nan nan nan nan nan nan nan nan nan
nan nan 1.820924866133265957e-02 1.507327843902189941e-02 -6.281366020083151104e-04 3.003716960909244907e-02 1.905311534780240084e-03 -4.154235183526114317e-02 4.017183154077379192e-02 8.678998468894824625e-02 nan nan nan nan nan nan nan nan nan nan nan nan nan nan nan nan nan nan
nan nan 1.356973543156239116e-02 1.257717305020933374e-02 -1.756346098054354862e-02 nan 2.020709062971985659e-02 -6.494076857504303690e-02 -7.509318927785803115e-03 -1.033925864668717998e-01 nan nan nan nan nan nan nan nan nan nan nan nan nan nan nan nan nan nan
nan nan nan nan nan nan 2.856618028488876193e-02 -1.744488954991724877e-02 -6.308466458851583192e-02 -5.729759582646382771e-02 nan nan 1.530169869874012101e-01 nan nan nan nan nan nan nan nan nan nan nan nan nan nan nan
nan nan nan nan nan 5.223687711899726444e-02 -2.210886950664529838e-02 5.527019614259544994e-02 -7.785714073482706554e-02 -3.281792057361346965e-02 nan nan nan nan nan nan nan nan nan nan nan nan nan nan nan nan nan nan
nan nan nan nan nan 2.334940153995253981e-02 1.485813972009840042e-02 1.074251834761417480e-02 -3.021017168183166585e-03 -9.639838125518615519e-02 -4.340360139067807321e-02 nan nan nan nan nan nan nan nan nan nan nan nan nan nan nan nan nan
nan nan nan nan nan 2.171720409249491487e-02 -2.240062937194881032e-02 2.588862857160012867e-02 -1.456316176925624012e-02 -3.902874777076474622e-02 7.701174066951663698e-03 2.353465869700522087e-02 nan -1.291521094753154270e-02 nan nan nan nan nan nan nan nan nan nan nan nan nan nan
nan nan nan nan nan -1.294188488999089247e-02 8.022796535992731543e-03 -3.215351525338528554e-02 -1.126772355095939475e-02 -2.983825417080682163e-02 -8.742239486655571656e-02 -2.029797305622365600e-01 -2.082983084016845621e-03 2.347261020090164393e-02 -1.324972361592637385e-02 nan nan nan nan nan nan nan nan nan nan nan nan nan
nan nan nan nan nan -3.514956347783539797e-02 -4.237288902972207588e-02 -1.332462143379092509e-02 -2.179744063222053760e-02 2.637378648808523084e-03 -3.141357820551457514e-03 -1.407932743823905875e-02 -1.746276251662641776e-01 -1.049184545726829648e-01 1.264244425794652099e-02 3.602425287872303931e-03 -1.420694582250926069e-02 nan nan nan nan nan nan nan nan nan nan nan
nan nan nan nan nan nan -1.172861925781167394e-02 4.937485419371852487e-03 -5.256671415080346917e-03 -1.084397182258886594e-02 -9.564061746106269218e-03 4.335369581405682654e-03 -2.675251268267927422e-03 -6.822242544151464749e-02 -4.245956644926295737e-02 1.950518961907118584e-02 -2.276785362780069447e-02 -1.757689162601004315e-02 nan nan nan nan nan nan nan nan nan nan
nan nan nan nan nan nan nan -6.504982809690084376e-03 6.913272401904944908e-03 -6.424692010591254512e-03 1.632384265754910661e-03 -3.583227145403096447e-02 -2.385847999485090146e-02 -2.540533057274026868e-02 -8.735537660929054704e-02 -1.091968783016750155e-01 -3.431106594676805368e-03 8.091883788474193290e-04 -2.943983762182644792e-02 nan nan nan nan nan nan nan nan nan
nan nan nan nan nan nan nan -2.113998701526364696e-02 6.399565717892936358e-03 -1.201848644791432726e-02 -1.227433194339174784e-02 -1.345057481053600623e-02 -6.737594103565190673e-02 -6.222900922817674665e-03 -5.729422465948785792e-02 -8.714225200277517236e-02 -1.005125336286262633e-01 -1.313313359551433745e-01 -5.957916782694953201e-02 -3.840628706318168634e-02 nan nan nan nan nan nan nan nan
nan nan nan nan nan nan nan nan -2.052283711339374789e-02 -5.488716570726961605e-03 -1.360945142672450626e-02 -9.901975680144134082e-03 1.064179518762538475e-02 -3.720439388670337966e-02 -6.432496605497707576e-02 -8.083099020128156620e-02 -1.098550478120749879e-01 5.162749150369407708e-02 1.184061558982725266e-03 -6.259150088534157219e-02 -2.719743431414852614e-02 nan nan nan nan nan nan nan
nan nan nan nan nan nan nan nan nan 4.937874687996807177e-02 2.149083579386626072e-02 1.353317740547359954e-02 -2.471647958210134235e-02 -1.310882792219532703e-02 -2.701058430614930450e-02 2.084997150203079727e-02 -2.138609622859221834e-02 -1.470725044539515081e-01 -7.933552772864421732e-03 -3.291235592201572496e-02 -6.225031278840827825e-02 -4.520072154308440310e-02 -3.866883915534379684e-02 nan nan nan nan nan
nan nan nan nan nan nan nan nan nan nan -4.435782180690626617e-03 -1.812557436905453193e-02 5.661104076369002404e-03 8.565807831780757053e-03 -1.741277960386802132e-02 -5.842076573449690030e-02 3.155726519147660641e-02 4.928718271771903060e-03 -1.162195962401531141e-01 -1.489261850700516754e-01 -8.118514229063748810e-02 -5.284656511092296512e-03 -6.731573659811011801e-02 -4.695334953809681550e-02 nan nan nan nan
nan nan nan nan nan nan nan nan nan nan nan nan 5.078594796543896284e-02 1.141792139225741853e-02 -4.434098514944080464e-03 2.733284002737454074e-02 -4.005841609705385747e-02 2.801490938313819234e-02 -9.026204003560853173e-02 -5.517248972898897152e-02 -4.154997899473584361e-02 -6.169397532566504166e-02 -3.952353808244662980e-02 -3.438041437130064104e-02 -2.323565667799053908e-02 -9.353119116366673258e-03 nan nan
nan nan nan nan nan nan nan nan nan nan nan nan nan 3.376326689924441515e-02 2.239468981349120383e-02 4.774440355013014753e-02 -2.926020839641869584e-03 -4.257831821202410355e-02 -4.858944918548797204e-02 1.299813919228516301e-01 2.226087822522448967e-02 4.617679524276659120e-02 -2.336116256213510104e-03 -3.061164246025662936e-02 -3.807089045485525982e-03 -1.187942517598800617e-02 nan nan
nan nan nan nan nan nan nan nan nan nan nan nan nan nan nan 5.403424846910746121e-02 2.223218917007956444e-02 5.969055025994086244e-02 4.624161656509632318e-02 6.501611013610156253e-02 -4.111725699732710071e-02 1.478102635184011249e-01 -1.076545684048719337e-02 -6.310916345067411025e-03 -6.605829515345020692e-03 5.485703761996473492e-03 nan nan
nan nan nan nan nan nan nan nan nan nan nan nan nan nan nan nan nan 2.557505151353768880e-01 2.533228316866442675e-01 9.278782821688014160e-02 1.545247149514514251e-01 -4.979132631503865175e-02 5.364728700404956113e-02 4.177857275108581847e-02 2.556545000007024587e-02 1.523496348383904415e-02 -4.580490880382395019e-03 nan
nan nan nan nan nan nan nan nan nan nan nan nan nan nan nan nan nan nan nan nan 4.925199850002481838e-02 nan nan -6.693548398972905267e-02 -3.763486873838726987e-02 -9.764421202960269375e-04 nan nan
