nan nan nan 8.849584132196147701e-02 9.935185293322533820e-03 nan nan nan nan nan nan nan nan nan nan nan nan nan nan nan nan nan nan nan nan nan nan nan
nan nan nan -1.008076001113976661e-01 -3.160572216354665120e-02 -5.200658569376716972e-02 -1.680691847837117170e-01 nan nan nan nan nan nan nan nan nan nan nan nan nan nan nan nan nan nan nan nan nan
nan nan 1.503325526944420121e-01 -1.175323496489212062e-02 8.520263848166230447e-02 -1.176599804111364174e-02 2.024058297900483208e-02 -1.244350043293403207e-01 nan nan nan nan nan nan nan nan nan nan nan nan nan nan nan nan nan nan nan nan
nan 7.695390621074818527e-02 3.396270145546272101e-02 1.142387187419066225e-01 -6.476785386983782700e-02 1.541848707670333274e-02 -4.782289891897070072e-02 2.548444762002667532e-03 -1.292760452043085206e-01 nan nan nan nan nan nan nan nan nan nan nan nan nan nan nan nan nan nan nan
nan -1.431765776118214262e-02 5.614034720769259246e-02 -5.706380512261898658e-02 2.368835256990363750e-02 2.110241284037546808e-02 -6.020858493014662888e-02 -4.519998906583951731e-02 -9.736764954274143569e-02 -2.479748527169188532e-01 nan nan nan nan nan nan nan nan nan nan nan nan nan nan nan nan nan nan
7.884088817144990768e-02 6.646856452583617403e-02 5.963733554339206190e-03 2.133600096012381112e-02 7.421967728596658154e-02 -2.818250110141199902e-02 -1.739424836460474674e-02 -1.160739478792888841e-03 -8.991971320197217343e-03 nan nan nan nan nan nan nan nan nan nan nan nan nan nan nan nan nan nan nan
6.432038044689349088e-02 9.225490868781986709e-02 3.524417576362091215e-02 9.359356652993866543e-03 7.645208964555386122e-02 1.454878571704572125e-02 -7.055555086718014526e-03 -5.292347784234086028e-02 -1.084221921408739242e-01 nan nan nan nan nan nan nan nan nan nan nan nan nan nan nan nan nan nan nan
-1.355547363353843716e-02 3.496794933591491905e-02 9.333451323065468375e-02 2.731798078730882789e-02 -1.332794129514839644e-02 2.817838780304257260e-02 1.782164290211639066e-02 -3.151569069774304288e-02 -3.122609188487516368e-02 nan nan nan nan nan nan nan nan nan nan nan nan nan nan nan nan nan nan nan
nan 1.913595477816654178e-02 6.968042387336771670e-02 1.464587073436316444e-01 1.330957237659239345e-01 4.503982278240031834e-02 7.235324061891768195e-03 3.490871365504740614e-02 7.058157874931926534e-02 -1.084025045192633513e-01 nan nan nan nan nan nan nan nan nan nan nan nan nan nan nan nan nan nan
nan 2.310362867555005098e-02 4.378682129586253247e-02 9.935580980297505083e-02 4.469461912998107939e-02 7.915002964584283429e-02 -8.046694288299651582e-03 9.520911854080323089e-02 -8.153099257581292170e-02 -2.402106796408934042e-01 nan nan nan nan nan nan nan nan nan nan nan nan nan nan nan nan nan nan
nan -1.442155352895173846e-02 2.906598928571275942e-02 -6.418616791302897591e-03 -2.407800906003034272e-02 1.307251098316151473e-02 5.129932611375811330e-02 -4.648261956384527882e-02 2.001883522040075886e-02 -9.238200106954118362e-02 nan nan nan nan nan nan nan nan nan nan nan nan nan nan nan nan nan nan
nan nan 3.021208516609953307e-02 5.374064819414641619e-02 6.559385347697641033e-02 1.260173729388257280e-01 4.488143217298642268e-02 -1.581263678099636971e-01 3.067475177411927920e-02 8.205913639718115382e-02 nan nan nan nan nan nan nan nan nan nan nan nan nan nan nan nan nan nan
nan nan 2.103120132857118959e-03 5.204972246305531597e-02 -6.525005532004267417e-02 nan 9.387052662990792717e-02 2.752020480559484381e-02 -1.117368180882609974e-01 -8.572721545095779438e-02 nan nan nan nan nan nan nan nan nan nan nan nan nan nan nan nan nan nan
nan nan nan nan nan nan 7.692328784663500507e-02 4.975185364536082594e-02 -3.462433131058197111e-02 -9.840415888441526870e-02 nan nan 6.677203833676392808e-02 nan nan nan nan nan nan nan nan nan nan nan nan nan nan nan
nan nan nan nan nan 4.731711643890707669e-02 -6.537109124836777696e-02 5.054072891034864373e-02 -8.043531698931419283e-02 -1.624922416184056972e-01 nan nan nan nan nan nan nan nan nan nan nan nan nan nan nan nan nan nan
nan nan nan nan nan 1.508911675950948793e-02 4.175416616913289053e-03 1.398235965356534397e-02 2.509325670690548422e-03 -8.133417402971487853e-02 2.668756759017517841e-02 nan nan nan nan nan nan nan nan nan nan nan nan nan nan nan nan nan
nan nan nan nan nan 6.574201420001322960e-02 -1.622225689644531468e-02 4.247094953542918799e-02 6.828686692099116343e-03 -6.459819098755463507e-02 -5.766741230699317516e-02 -9.916325005904982892e-02 nan 1.539707520684736007e-02 nan nan nan nan nan nan nan nan nan nan nan nan nan nan
nan nan nan nan nan 3.151032562200368949e-04 -5.314429651073110210e-03 -4.954033910079882336e-02 -2.516299913129545554e-02 -5.145445501145059358e-02 -9.010184446098135069e-02 -1.798000957138048139e-01 -8.410787458951850259e-02 3.057012068407764793e-02 6.030903116385082779e-03 nan nan nan nan nan nan nan nan nan nan nan nan nan
nan nan nan nan nan -1.061439953116008889e-01 -4.694367226198729870e-02 -1.998506808079769312e-02 -1.820581497696317080e-02 -8.276804564410317547e-03 -1.253610628939120543e-02 3.139232074194921868e-02 -1.246099066442624276e-01 -1.399964702553747609e-01 -2.850816433906072644e-02 2.761017411544126193e-02 -2.658968634696637356e-02 nan nan nan nan nan nan nan nan nan nan nan
nan nan nan nan nan nan 8.109364933533010425e-03 1.216758963451905137e-02 -3.145953469432595170e-03 -4.664583949858491264e-03 -1.464042673548664360e-02 -5.238263603094235957e-03 9.894905534643526346e-03 -8.064048369995682752e-02 -2.985842256077532453e-02 2.113146142590469762e-02 7.030181906222860572e-03 1.239457259631707511e-02 nan nan nan nan nan nan nan nan nan nan
nan nan nan nan nan nan nan -8.360030431202281412e-03 1.832415241959125043e-02 2.062483142606562694e-02 1.033468949855474717e-02 -3.233086089793264090e-02 -7.528710113461027122e-03 -2.354336082910138059e-02 -1.500100761280249440e-01 -1.383243855269183364e-01 -9.001595860974865443e-03 9.283500721264083266e-03 -1.398049601073896898e-02 nan nan nan nan nan nan nan nan nan
nan nan nan nan nan nan nan 2.717381284220764942e-02 2.462017677904418042e-02 -9.416796905152415920e-05 -1.322328643443653612e-03 -3.339141495811037696e-02 -5.258644252821200599e-02 1.499516904575464750e-02 -1.065403891002345872e-02 -8.408575474256661797e-02 -1.175911307512794296e-01 -1.389936318369009993e-01 -4.827945797690754576e-02 -2.415178021994462271e-02 nan nan nan nan nan nan nan nan
nan nan nan nan nan nan nan nan 5.856863935725849235e-02 2.318600208429024562e-02 -1.659249323368449519e-02 -1.744297225336981574e-02 -2.490249832911468897e-02 -3.620585832976271068e-02 -3.406673801056072509e-02 -2.571264177261282577e-02 -9.854229992468242771e-02 5.233758667452196450e-02 -1.406447190709241013e-02 -6.560608738772394366e-02 -3.380171488263793850e-02 nan nan nan nan nan nan nan
nan nan nan nan nan nan nan nan nan 1.435993008944412563e-02 3.918107097881781686e-02 2.684674680985409123e-02 -2.470024188151898926e-03 -1.747780825059276621e-02 7.946735633747542635e-04 -4.412286959508868699e-03 -7.287454835746089155e-02 -1.165904815115823417e-01 -4.182257776914740863e-03 -3.030480287339642337e-02 -5.797626788396018083e-02 -4.292464138488050196e-02 -3.824031844884855091e-02 nan nan nan nan nan
nan nan nan nan nan nan nan nan nan nan -3.646934425157853654e-02 -3.319618791111033761e-03 -5.198855821365130914e-03 4.128569776678161357e-03 -4.462028277906749524e-02 -4.334307886354384770e-02 1.885757203805726173e-02 7.806572447984527416e-03 -9.539837348780397241e-02 -1.692158542497360640e-01 -8.557413871705639441e-02 -1.232875149079070039e-02 -7.526556403014028618e-02 -9.423969317191870088e-02 nan nan nan nan
nan nan nan nan nan nan nan nan nan nan nan nan 5.764601369718009086e-03 -4.978407333585757773e-03 -1.011365173588191398e-02 -3.816293828460814302e-02 9.092201206025581420e-03 -4.693125153211063355e-02 -1.797553995367960275e-02 3.931431440568718128e-02 -1.114580000271001986e-01 -5.528677062076754745e-02 -1.393371475550989405e-02 -5.195885544026165176e-03 -9.003246598064149758e-03 1.050457123641257255e-03 nan nan
nan nan nan nan nan nan nan nan nan nan nan nan nan 4.953199794663660539e-03 2.939816277290445423e-03 4.668712845663731958e-02 7.195210661920294244e-03 -9.345789201007299873e-02 -5.762505629467248175e-02 -3.214477378300462790e-02 6.585066028345494538e-02 -4.637142080093624788e-03 1.209316245324163104e-02 -1.869838790114743479e-02 2.563607083429162315e-03 4.808392210178496010e-03 nan nan
nan nan nan nan nan nan nan nan nan nan nan nan nan nan nan 1.364202411121721338e-02 -8.177478478992887198e-03 2.527353264906972638e-02 4.322338789857085167e-02 4.011984346361025661e-02 1.127876904320988458e-02 6.720262039252318520e-02 1.305160514190689463e-03 9.779456721890681086e-04 -5.619428302394271178e-03 1.231056679001456440e-02 nan nan
nan nan nan nan nan nan nan nan nan nan nan nan nan nan nan nan nan 1.741458753829780992e-01 1.855500776479669378e-01 2.133629011280229748e-01 1.648034466240270446e-01 -1.190921845248296002e-02 7.445347115781043856e-02 7.822484123893187757e-02 3.616586304415020381e-02 5.080214628307677151e-03 -9.028346296019730891e-03 nan
nan nan nan nan nan nan nan nan nan nan nan nan nan nan nan nan nan nan nan nan -1.317381708963935062e-02 nan nan -7.902381487825287099e-02 9.240251068302177823e-03 -3.282807019989114963e-03 nan nan
