nan nan nan -1.081541490693370758e-02 -4.190657142008215319e-02 nan nan nan nan nan nan nan nan nan nan nan nan nan nan nan nan nan nan nan nan nan nan nan
nan nan nan 7.991256699593796142e-02 -6.516506076542426251e-02 -3.411496357454671391e-02 -1.683691062231306990e-01 nan nan nan nan nan nan nan nan nan nan nan nan nan nan nan nan nan nan nan nan nan
nan nan 4.652731229732036400e-02 -3.794716228577766585e-03 -3.505436916447954646e-03 -6.591848762582220439e-03 -2.988122781427518873e-02 -8.391682765587674120e-02 nan nan nan nan nan nan nan nan nan nan nan nan nan nan nan nan nan nan nan nan
nan 1.708110088486953504e-01 1.196922254313840944e-01 6.630130005157622297e-02 9.245228225968026015e-02 -9.929245362581452794e-02 -2.651580868282066294e-02 -1.301294481988867630e-02 -6.006512258517125030e-02 nan nan nan nan nan nan nan nan nan nan nan nan nan nan nan nan nan nan nan
nan 8.347522406071015977e-02 8.446460603545724935e-03 -1.811264649472972901e-02 -4.105188020478920535e-02 8.113333328375811615e-02 -3.916182483771820516e-02 -5.937306526018126807e-02 -5.434650217908403719e-02 -1.672867361662381813e-01 nan nan nan nan nan nan nan nan nan nan nan nan nan nan nan nan nan nan
1.051145409939251707e-01 -2.635651084141540923e-02 2.254301558756099944e-01 1.278790097306695128e-01 -2.102344574397330482e-02 9.954924682617596887e-02 -3.279481587292434885e-02 -6.823173811131032218e-02 -3.396248603950357409e-02 nan nan nan nan nan nan nan nan nan nan nan nan nan nan nan nan nan nan nan
1.198823042984341058e-01 1.620521779207241275e-01 -6.685369917331615564e-02 1.413150896150754121e-01 5.921405310842906694e-02 5.598135030962597680e-02 -5.334461958454152913e-02 -9.776716110291790163e-02 -4.892314262149650289e-02 nan nan nan nan nan nan nan nan nan nan nan nan nan nan nan nan nan nan nan
-4.110774212813942535e-02 1.332889944231962776e-01 1.244486714655639592e-01 8.872020568722595313e-02 2.729777498114313930e-02 -8.131156002850234432e-02 4.016410740926221190e-02 -1.279809659258513699e-01 3.560910644246834122e-02 nan nan nan nan nan nan nan nan nan nan nan nan nan nan nan nan nan nan nan
nan 2.041558986859974903e-02 7.270913050440863667e-02 7.044348577667036704e-02 1.188635289236936732e-01 8.200620211112785718e-02 2.097889437276186791e-02 2.073296407330683239e-02 -6.148199777266561555e-02 -1.389615702364845329e-01 nan nan nan nan nan nan nan nan nan nan nan nan nan nan nan nan nan nan
nan -1.335350879316514819e-02 4.707890825477777097e-02 1.035228056214389930e-01 1.080098399218197974e-01 8.687993184529645141e-02 4.175710861723230805e-02 9.293888617229316418e-02 -8.012515983681296750e-02 -1.045975903337739987e-01 nan nan nan nan nan nan nan nan nan nan nan nan nan nan nan nan nan nan
nan 3.097812937553173079e-02 3.397735513521277229e-02 -2.285948335466020040e-02 1.246553183295193764e-03 3.577573633823455390e-02 1.289999121332586762e-01 2.739692116170864417e-02 2.194338148497609539e-02 -5.419190075037841337e-02 nan nan nan nan nan nan nan nan nan nan nan nan nan nan nan nan nan nan
nan nan 5.033757025353398883e-03 7.112328512542423486e-02 5.191134798173187292e-03 5.538251774782017300e-02 6.470567273569963196e-02 -8.697079339868392378e-02 1.140349085696385628e-01 7.923381200992203610e-02 nan nan nan nan nan nan nan nan nan nan nan nan nan nan nan nan nan nan
nan nan 5.906429052560645439e-03 7.627928590995142547e-03 -3.459083557710108253e-02 nan 5.899222765195440837e-03 -8.795068278404737094e-02 -2.291404834214285854e-02 -1.052567087285357639e-01 nan nan nan nan nan nan nan nan nan nan nan nan nan nan nan nan nan nan
nan nan nan nan nan nan 2.336576004751772691e-03 1.711238114076453140e-02 -4.532789941451201288e-02 -8.599059891864033189e-02 nan nan 1.886286526478750045e-02 nan nan nan nan nan nan nan nan nan nan nan nan nan nan nan
nan nan nan nan nan 7.659197637064160680e-02 -9.846462245122830290e-03 5.140783404361371628e-02 -8.234040101774929565e-02 6.976243088648506618e-02 nan nan nan nan nan nan nan nan nan nan nan nan nan nan nan nan nan nan
nan nan nan nan nan -2.389985735368668068e-02 1.246211077440918108e-02 1.068643008992393832e-02 -9.569100332396400857e-03 -1.248142080353191637e-02 5.534913813128424648e-03 nan nan nan nan nan nan nan nan nan nan nan nan nan nan nan nan nan
nan nan nan nan nan 2.973056319546400761e-02 -5.241307950668296078e-02 3.000325185545204415e-02 -1.105327781536159445e-02 -4.794891218702523189e-02 6.258864303882491487e-02 6.985614826992136983e-02 nan -6.034971125745856868e-02 nan nan nan nan nan nan nan nan nan nan nan nan nan nan
nan nan nan nan nan -9.659520050734818689e-03 9.669296003202241391e-03 -3.153318251232691688e-02 -1.327434675790317362e-02 -5.816593132247167147e-02 -7.040064987044269973e-02 -2.108961636094658088e-01 1.413150488846229118e-02 2.409601784499176141e-02 -4.143681948040344593e-02 nan nan nan nan nan nan nan nan nan nan nan nan nan
nan nan nan nan nan -3.449289380518463788e-02 -1.358097220488568846e-02 -1.104456824826362260e-02 -4.460111332968109792e-03 2.449341766236757482e-03 -4.689709295833677932e-02 -2.164828818938987088e-03 -1.400070611171137513e-01 -1.011532314645985919e-01 7.890873634368070211e-02 2.494821370621234935e-02 -4.774053721471192835e-02 nan nan nan nan nan nan nan nan nan nan nan
nan nan nan nan nan nan -2.339976960311553750e-02 -6.767580368569712547e-03 -1.234089565033430133e-02 -1.071373200584102743e-02 -1.721183780711343578e-02 -2.212435698042359081e-02 -7.369881815101605137e-03 -7.688066586258633650e-02 -1.089603200936032218e-01 2.259139279287297741e-02 -1.297207446064116247e-02 -1.289506479749365914e-02 nan nan nan nan nan nan nan nan nan nan
nan nan nan nan nan nan nan -1.945705967570843936e-02 7.929236545914453496e-03 6.061405518227234957e-04 6.299620431284214638e-03 -1.826661954346347344e-02 -4.319107226273332517e-02 3.858107176413821861e-03 -5.985873633921393738e-02 -1.375158976594977323e-01 -4.709804243140689600e-03 -6.382127856816293722e-03 -2.962497555746573807e-02 nan nan nan nan nan nan nan nan nan
nan nan nan nan nan nan nan -6.748837340886141081e-03 -8.921832868889492674e-03 -2.373444623679213036e-02 -2.019818361669342699e-02 -3.182206762555640084e-02 -7.283894299505846992e-02 -2.823520959429303562e-02 -4.780180442110960881e-02 -6.436774225735444888e-02 -1.303878108664452695e-01 -1.337551090569651102e-01 -5.106833769998676137e-02 -3.036224738101548498e-02 -1.937809250846721232e-02 -6.494749978270342519e-03 nan nan nan nan nan nan
nan nan nan nan nan nan nan nan 1.763566210619885860e-02 2.680335410056669879e-02 2.843633592575919248e-03 -2.458222037105176061e-02 -2.650484185641086704e-02 -3.636358151895103391e-02 -4.579732140676549823e-02 -4.107520164760724429e-02 -1.008238133293715560e-01 5.644982018084109682e-02 -9.604138541182771034e-04 -7.100741867049287226e-02 -2.912234878282302097e-02 -1.806065749275265545e-02 2.208186961959489672e-02 -1.058371925554245883e-02 nan nan nan nan
nan nan nan nan nan nan nan nan nan 1.125860406762446142e-01 1.440007544395430564e-02 3.257887129196672393e-02 -5.092539518410765798e-03 -1.799852597655410280e-02 5.027740922096296181e-03 -4.365252869969483973e-02 -5.549219856837408343e-02 -1.509795328913640378e-01 -3.043573018687278919e-02 -2.282218085085056802e-02 -4.424596186278684229e-02 -4.154596487414704414e-02 -3.286445550711628028e-02 -2.637078184526361196e-02 nan nan nan nan
nan nan nan nan nan nan nan nan nan nan 1.207671085750404161e-01 -5.433808592762996281e-04 -2.621883578877610109e-03 -1.549558248163850722e-03 -1.914995747202777668e-02 2.181665681534528806e-02 -2.773421979842003934e-02 -5.353452345372834362e-03 -7.635352437791016744e-02 -1.299762263596694056e-01 -7.737587568069587141e-02 -1.084168360529466461e-02 -7.649949050412055418e-02 -5.749939484691760083e-02 -6.414384199939800191e-02 -3.436221901676489443e-02 nan nan
nan nan nan nan nan nan nan nan nan nan nan nan 3.379385736584240157e-02 2.404744727898912478e-03 -2.505665352822993713e-02 -2.026393698873567989e-02 3.307000594110605374e-02 2.987050378209455542e-02 -8.556197665974570390e-03 4.864820792377855772e-03 -1.251617953459960575e-01 -9.062737446636286165e-02 -3.655878760926598720e-02 -4.379084288578756479e-02 -2.004033974671037832e-02 -1.835324795055612995e-02 nan nan
nan nan nan nan nan nan nan nan nan nan nan nan nan 1.110678884501373025e-02 -1.139354152777592011e-04 3.494586445233297672e-02 1.088489315148007640e-02 -7.676634583089082808e-02 -1.070952657094728228e-01 -3.968864103977329943e-02 -8.316041740470581090e-02 2.378551511493924228e-02 -4.013423407996217357e-02 -2.893397632521203799e-02 -3.293739805170143187e-03 -1.135767943338734150e-03 nan nan
nan nan nan nan nan nan nan nan nan nan nan nan nan nan nan 6.159128446984973165e-02 -1.996399959127080279e-02 2.888266104011029400e-02 -3.841325036442722572e-03 9.520555832602649315e-02 6.465991496123932314e-02 1.025230292836413343e-01 -4.633299153328252623e-02 9.962747163432135108e-03 -1.879863277396802857e-03 -1.298625515094442172e-04 nan nan
nan nan nan nan nan nan nan nan nan nan nan nan nan nan nan nan nan 8.748032087277883562e-02 2.658602795709711503e-02 -1.198622126584973982e-02 1.672674273610305073e-01 -1.144779118103277094e-02 9.124196292813899212e-02 3.288236334080091999e-02 3.563701632650895235e-02 8.491787455005794100e-03 -4.303577062203301808e-03 nan
nan nan nan nan nan nan nan nan nan nan nan nan nan nan nan nan nan nan nan nan 8.701510905049214539e-02 nan nan -6.715649871232270973e-02 -6.764040935396059551e-02 -1.417637334650985285e-02 nan nan
