nan nan nan 4.253279742373658467e-02 -5.015938884031302669e-02 nan nan nan nan nan nan nan nan nan nan nan nan nan nan nan nan nan nan nan nan nan nan nan
nan nan nan 3.728277543488667245e-02 -2.436793087320800189e-02 8.836080163554405759e-04 -1.517568670868287561e-01 nan nan nan nan nan nan nan nan nan nan nan nan nan nan nan nan nan nan nan nan nan
nan nan 4.815402321685863241e-02 6.204748996242440834e-02 1.886517363949975724e-03 -3.276768665679913751e-03 -3.188790841191450204e-02 -1.043438724931306794e-01 nan nan nan nan nan nan nan nan nan nan nan nan nan nan nan nan nan nan nan nan
nan 7.250482277009626976e-03 -1.687444249056693855e-03 -9.381903220391469645e-04 -3.293990995804470245e-02 1.816725488032297129e-04 -2.101980660918503080e-02 1.825600302201524014e-02 -7.019619628379807075e-02 nan nan nan nan nan nan nan nan nan nan nan nan nan nan nan nan nan nan nan
nan 1.595673334513734998e-01 1.310865509923710981e-01 1.118437787384211728e-02 -6.291818973225642153e-02 2.013034875366545226e-02 -4.078987838756351764e-02 -4.744599618304904537e-02 -7.005882660071410806e-02 -1.835757774707162393e-01 nan nan nan nan nan nan nan nan nan nan nan nan nan nan nan nan nan nan
1.470011517275413571e-01 9.739928448086898616e-02 1.485706036886685344e-01 3.698513175452625840e-02 6.598541319480776338e-03 8.758391458535334795e-02 -2.977125200741220779e-02 -1.412911606620929732e-02 -1.106820918555303200e-02 nan nan nan nan nan nan nan nan nan nan nan nan nan nan nan nan nan nan nan
5.236681563330736894e-02 1.111737306525491936e-01 -7.053431815680226424e-02 -2.878494825972725130e-02 -3.222674429931693396e-02 5.792957209154540182e-02 -4.117071953783190547e-02 -4.723859485377593370e-02 -1.758308197217848048e-02 nan nan nan nan nan nan nan nan nan nan nan nan nan nan nan nan nan nan nan
4.317670143672962951e-02 1.042602249082652394e-01 1.217728366573892114e-02 4.307453663049023995e-02 1.412026284952895006e-01 9.946474993475155901e-02 1.957451967273601823e-02 -7.248062738433892760e-02 -2.586167742926758981e-02 nan nan nan nan nan nan nan nan nan nan nan nan nan nan nan nan nan nan nan
nan 4.578773382189745000e-02 3.535778007606648482e-02 8.418364269214606566e-02 4.908007123769322216e-02 4.543893459995859002e-02 3.276276764117450058e-02 4.134928267661553553e-02 3.549873924247891332e-02 -1.750560526935664440e-01 nan nan nan nan nan nan nan nan nan nan nan nan nan nan nan nan nan nan
nan 6.407958870326259035e-03 8.567874243704899639e-02 8.289790510623530617e-02 8.873009541010164203e-02 9.530711433503506747e-02 2.863433520094315829e-02 2.898272207554676572e-02 -4.798279827768009431e-02 -1.038454839934445512e-01 nan nan nan nan nan nan nan nan nan nan nan nan nan nan nan nan nan nan
nan 3.723250678172548844e-02 -7.914427653702923310e-03 -1.953209300611426572e-02 1.846143981473053267e-02 4.291966506715417379e-02 3.153630366034446131e-02 1.393361499181156732e-02 -3.305687108455550305e-02 -8.259043734837412387e-02 nan nan nan nan nan nan nan nan nan nan nan nan nan nan nan nan nan nan
nan nan 2.275963836344524135e-02 1.135045254683211130e-02 8.754148929932301093e-03 6.672610477153870234e-02 3.068372185566570903e-02 -2.666538673244073319e-03 8.793460971823016670e-02 8.579802346621920317e-02 nan nan nan nan nan nan nan nan nan nan nan nan nan nan nan nan nan nan
nan nan 8.975762061728771377e-03 2.737089397275931785e-02 -6.092803086283547949e-03 nan 2.180261869477087902e-02 -5.351263182396700374e-02 4.529913036124161296e-02 -9.574348309706601223e-02 nan nan nan nan nan nan nan nan nan nan nan nan nan nan nan nan nan nan
nan nan nan nan nan nan 2.893188753637647437e-02 -1.432379823883486551e-02 -7.692293779138836829e-02 -2.171602127406796132e-02 nan nan 1.221297712635969895e-01 nan nan nan nan nan nan nan nan nan nan nan nan nan nan nan
nan nan nan nan nan -1.919566412618452234e-02 -2.874424353676063165e-02 3.468307403268566097e-02 -6.530692237341984008e-02 5.391531437456757204e-03 nan nan nan nan nan nan nan nan nan nan nan nan nan nan nan nan nan nan
nan nan nan nan nan 3.804939200825530748e-02 1.872857852463760686e-02 -1.618399783640492307e-02 -3.349093530506207228e-02 -7.113803802619356187e-02 -1.544864828734055784e-01 nan nan nan nan nan nan nan nan nan nan nan nan nan nan nan nan nan
nan nan nan nan nan 1.406631988338702226e-02 -1.402358354882473138e-02 4.502171073366307424e-02 -1.643053496559707116e-02 -5.398324948867597173e-02 5.058545626560238817e-02 -2.932077355134478369e-02 nan -2.085702681992723101e-02 nan nan nan nan nan nan nan nan nan nan nan nan nan nan
nan nan nan nan nan -1.591164110734876293e-03 2.951964228962574658e-04 -3.528668129043958934e-02 -2.917526223512465974e-02 -5.532227887701064023e-02 -9.420930347520482806e-02 -1.987986378115657315e-01 -1.556430729106431272e-02 2.565462893180266851e-02 -2.554760608722267748e-02 nan nan nan nan nan nan nan nan nan nan nan nan nan
nan nan nan nan nan -4.941522015105254129e-02 -1.443975391911216793e-02 -9.899140195426958319e-03 -1.182867096420781548e-02 3.428873819023181124e-03 -2.163316599225099252e-02 -5.389161766818248607e-03 -1.486227356954141487e-01 -1.045952882582245752e-01 6.739269049416905452e-03 -9.168539799179935626e-03 -2.509894983929085444e-02 nan nan nan nan nan nan nan nan nan nan nan
nan nan nan nan nan nan -7.807880595642626050e-03 2.572128518649506070e-03 7.713193441461775254e-03 -4.830805062003201700e-03 -9.096242759858524235e-03 -1.019545056841457235e-02 -2.805509934004619607e-02 -6.489390552651405630e-02 -4.962755345697694720e-02 1.852426890018987402e-02 -3.031936036357276570e-02 -2.092645029381536015e-02 nan nan nan nan nan nan nan nan nan nan
nan nan nan nan nan nan nan -1.897235735548677069e-02 -1.390847032605373006e-03 -6.423895429893427926e-03 -9.783461780586056103e-03 -3.461366347338726279e-02 -1.743646919834568668e-02 -2.948242193541896622e-02 -8.900190966473214838e-02 -1.042606436100937811e-01 -4.275206263156839347e-03 2.735933421261044999e-03 -3.121644797013147649e-02 nan nan nan nan nan nan nan nan nan
nan nan nan nan nan nan nan -1.677374347405227728e-02 -1.073726779768855930e-02 -2.115853541224627793e-02 -5.640594038001048131e-03 -2.807910110744269577e-02 -7.600585442164020655e-02 -4.243604047234309125e-03 -4.155582533727764094e-02 -1.271966318830788367e-01 -1.252127204554799311e-01 -1.371138653645480321e-01 -4.251398237363887556e-02 -2.545480374793343201e-02 -3.146570661574418781e-02 -2.072408259120363597e-02 nan nan nan nan nan nan
nan nan nan nan nan nan nan nan -3.166833502047501636e-02 9.026548733191752660e-03 -3.251127793873811317e-02 -8.803574193461527822e-03 -2.833127667159224955e-02 -5.637433170021979856e-02 -6.711940856053717763e-02 2.995457428481202323e-03 -1.098831074892625131e-01 3.306666311974198330e-02 -1.584387178909460459e-02 -7.215800756818493977e-02 -1.922972175809697926e-02 7.885494747186315434e-02 5.036412961437884694e-02 3.825019482619099187e-02 nan nan nan nan
nan nan nan nan nan nan nan nan nan 4.307627488522472459e-02 4.108487652247225924e-02 4.233904774982835684e-02 1.657527455156517296e-03 3.588533778437150764e-03 -7.486412428318388150e-03 -2.155210287270912725e-02 -8.426015785315149609e-02 -1.307623054366683912e-01 -6.100822179462337021e-03 -2.871650967223142101e-02 -6.592164649888147820e-02 -5.623198216561446638e-02 -4.910962581631792695e-02 1.070917406943420157e-02 nan nan nan nan
nan nan nan nan nan nan nan nan nan nan 1.391375830415539361e-01 -3.963705159971468023e-03 -3.764311955955244003e-03 -7.393366668363453298e-03 -2.754306613587873334e-02 1.310483860019912884e-02 4.281042873948535943e-02 1.728895666011067214e-02 -7.940250395411217743e-02 -1.503317073789428859e-01 -7.893969217509017033e-02 -9.298573551740726322e-04 -6.542790075543997164e-02 -5.763405930539884647e-02 -4.490927320188380784e-02 -2.297069980171716555e-02 nan nan
nan nan nan nan nan nan nan nan nan nan nan nan 2.873933835718455940e-02 1.290804884970433823e-02 -7.659916861936634166e-03 -7.877196655916712809e-03 1.878760538648125604e-03 -2.570680628035047072e-02 -1.181842952493082494e-01 -1.691719459130081038e-02 -6.300308391151297760e-02 -5.430288893579527515e-02 -3.982251857166579923e-02 -4.456345222185206095e-02 -3.591143877237543136e-02 -3.721027008833275446e-02 nan nan
nan nan nan nan nan nan nan nan nan nan nan nan nan -2.085331551300224819e-03 -4.393669661673151061e-05 1.069698892141324707e-02 -1.592462813082080875e-02 -6.083546797915855009e-02 -1.872381507367319037e-02 4.170751428622759133e-02 1.524597527335491871e-02 -5.620644843152274028e-02 -1.908298315553209890e-02 -2.095680860159275863e-02 -6.747372787055665178e-03 -1.311367225653700501e-02 nan nan
nan nan nan nan nan nan nan nan nan nan nan nan nan nan nan 4.551511690955012401e-02 4.347316118809842894e-02 3.408715324227408472e-02 6.098373293365540876e-02 1.092352664899720605e-01 -2.218324303847692830e-02 1.194308760454030616e-01 -3.001289945803225015e-02 -1.783946381909699494e-02 -5.458794783219776681e-03 -2.968843647054154162e-04 nan nan
nan nan nan nan nan nan nan nan nan nan nan nan nan nan nan nan nan 2.467174528206519946e-01 1.450320382043740752e-01 1.048084284239790137e-01 1.616455980809052839e-01 -5.824628920725210407e-02 1.309533933600042811e-02 4.809413505450747806e-02 2.567923953951027627e-02 1.139199878171188313e-02 -3.170559470262262168e-03 nan
nan nan nan nan nan nan nan nan nan nan nan nan nan nan nan nan nan nan nan nan 5.044910892422425908e-02 nan nan -7.509483672828130840e-02 -3.494794455151821466e-02 2.767606273509653006e-03 nan nan
