nan nan nan 5.101098805262407887e-02 -3.334128690409632334e-02 nan nan nan nan nan nan nan nan nan nan nan nan nan nan nan nan nan nan nan nan nan nan nan
nan nan nan 6.301060323660839790e-02 -4.270745888543898972e-02 -2.899239765399583973e-02 -1.352676688821032869e-01 nan nan nan nan nan nan nan nan nan nan nan nan nan nan nan nan nan nan nan nan nan
nan nan 4.315198592714564879e-02 -1.156088263832668467e-02 2.509843079836609689e-02 -2.825825956323573668e-02 2.802991697514287117e-02 -1.058706705480032678e-01 nan nan nan nan nan nan nan nan nan nan nan nan nan nan nan nan nan nan nan nan
nan 1.057153800218729317e-01 5.457234075369653964e-02 -9.670195543986465081e-02 3.574007700244607316e-02 8.889929222508039528e-04 1.458132195785255374e-02 -5.851614471064921219e-03 -9.778346880718447043e-02 nan nan nan nan nan nan nan nan nan nan nan nan nan nan nan nan nan nan nan
nan 1.863767318837551701e-01 -9.287311987140201008e-02 1.358133260697610145e-01 1.373127279223214023e-02 6.811312254948521938e-02 -4.643741820923803602e-03 -9.300556110567315127e-02 -8.517576826055857364e-02 -2.306839684707472637e-01 nan nan nan nan nan nan nan nan nan nan nan nan nan nan nan nan nan nan
-1.335494940737930528e-02 5.419572197663971580e-02 1.417830520066004074e-01 7.840320871011431658e-02 -3.639271383103881430e-02 1.261479607768136238e-02 -7.547181822549470405e-03 -4.360580156458774420e-02 -1.627356204949571145e-02 nan nan nan nan nan nan nan nan nan nan nan nan nan nan nan nan nan nan nan
6.801071604197332643e-02 1.665707482593334621e-01 -2.711167790668002342e-02 -9.863324618491813023e-02 2.893621647543650295e-04 6.522101979087963075e-02 -5.960114753320789466e-02 -5.037836919072979230e-02 -1.259926107542903573e-01 nan nan nan nan nan nan nan nan nan nan nan nan nan nan nan nan nan nan nan
4.184176079071667831e-02 2.846756562677412242e-02 1.063534275677837163e-02 7.196979909132091013e-02 3.368481173670986178e-02 -7.686121855728592078e-02 2.936713671652875501e-02 -6.885566796242263699e-02 -3.730157404522180253e-02 nan nan nan nan nan nan nan nan nan nan nan nan nan nan nan nan nan nan nan
nan -2.998849957033295627e-02 8.790764926918660793e-02 1.379372090832202413e-01 1.705857708056508215e-01 5.425671363096410543e-03 3.186967450706752747e-02 -8.882489299522721218e-03 2.020444168703303123e-02 -1.292465827209966223e-01 nan nan nan nan nan nan nan nan nan nan nan nan nan nan nan nan nan nan
nan -3.778933717448446084e-02 5.073834188306543258e-02 5.293247149280565916e-02 5.304743373418927682e-02 5.534930108597548720e-02 2.818671703663197525e-02 1.788992296964058148e-01 -1.982372571457108046e-01 -1.167733196054991096e-01 nan nan nan nan nan nan nan nan nan nan nan nan nan nan nan nan nan nan
nan -4.568757940493155950e-02 2.171653639173403219e-02 -9.818765269254521588e-03 3.265053822839149213e-03 6.902236512516581046e-02 8.947162474100638085e-02 -4.554072995549740543e-02 8.038365968969249375e-02 -5.424525188597548175e-02 nan nan nan nan nan nan nan nan nan nan nan nan nan nan nan nan nan nan
nan nan -3.804434834099294175e-03 7.125288149155571682e-02 -3.703823531976149080e-03 1.152280956778099913e-01 7.797381152445015395e-02 -8.875349081263983475e-02 8.219650924796831348e-03 1.069160680949417103e-01 nan nan nan nan nan nan nan nan nan nan nan nan nan nan nan nan nan nan
nan nan 2.092788343565393089e-02 4.726076197130650580e-02 -7.806802693398798287e-03 nan 3.282049371367856683e-02 -8.437619489549788229e-03 -5.658758315630895569e-02 -1.189538533498252781e-01 nan nan nan nan nan nan nan nan nan nan nan nan nan nan nan nan nan nan
nan nan nan nan nan nan 7.249841231247337869e-02 2.656315377944426168e-02 -1.018871503962042180e-01 -7.075965038405307439e-02 nan nan 5.683092120488305449e-02 nan nan nan nan nan nan nan nan nan nan nan nan nan nan nan
nan nan nan nan nan 2.970055445676258316e-02 -6.360098911889891515e-02 3.411992039064178084e-02 -7.721293707767977466e-02 -3.226735051745464183e-02 nan nan nan nan nan nan nan nan nan nan nan nan nan nan nan nan nan nan
nan nan nan nan nan -3.445291602780385567e-03 -1.039078541621309484e-02 1.303612853696783924e-02 -6.071822465045504866e-03 -7.380586552226213459e-02 4.953094990749400822e-03 nan nan nan nan nan nan nan nan nan nan nan nan nan nan nan nan nan
nan nan nan nan nan 7.918486123272290567e-02 -6.802226802553176181e-05 4.041616993852906181e-02 -1.973992364234863905e-02 -7.556015626605128155e-02 1.377854219232564972e-02 2.310286298444956185e-02 nan -2.993304294103516731e-03 nan nan nan nan nan nan nan nan nan nan nan nan nan nan
nan nan nan nan nan -5.629332787411049470e-03 1.508084685516702939e-02 -2.472986243119801655e-02 -1.375936821718708007e-02 -8.498315307936919749e-02 -1.273337166709894441e-01 -2.032327801885737417e-01 -1.347013904976714950e-02 3.157586999376896242e-02 2.843667779169526018e-03 nan nan nan nan nan nan nan nan nan nan nan nan nan
nan nan nan nan nan -6.978532630509891310e-02 -4.353538944504134478e-02 -1.208409493267706067e-02 1.930252740272716747e-03 1.504141423889481140e-02 -1.507469577219958286e-02 6.426122902056797571e-03 -1.462473927963624798e-01 -1.092583134388332294e-01 8.066309125203249483e-03 7.837367332509488291e-03 nan nan nan nan nan nan nan nan nan nan nan nan
nan nan nan nan nan nan -5.949402980953060437e-03 3.943042354944176382e-03 -1.506031673223283754e-02 -3.601454829954234271e-03 -1.374584496874880525e-02 -1.566475615376951985e-02 -7.438068482950531066e-03 -5.028526923163662010e-02 -4.576055126038611198e-02 2.104075175492008815e-02 -4.232771070068499369e-03 nan nan nan nan nan nan nan nan nan nan nan
nan nan nan nan nan nan nan -7.424646372276625349e-03 9.798251374816208462e-03 -5.419249526106505697e-03 6.904475446144452307e-03 -1.294187352730544367e-02 -1.774084617673299738e-02 -1.642218585948230364e-02 -8.506151056446716041e-02 -1.156448351299306510e-01 -4.333643489351471541e-03 9.747026329423019025e-03 nan nan nan nan nan nan nan nan nan nan
nan nan nan nan nan nan nan -2.236540174222195060e-02 -3.657535050599619499e-03 -1.736225417510483746e-02 -1.646671029648010334e-02 -3.767105746687634399e-02 -6.453052275160221785e-02 5.783693662413366687e-03 -2.179480746997839238e-02 -9.980076990544479998e-02 -1.367645573385575519e-01 -1.548343984660346395e-01 -4.963394065914185360e-02 nan nan nan nan nan nan nan nan nan
nan nan nan nan nan nan nan nan -7.732559461624045373e-03 1.688229203397718231e-02 -3.329449993006235176e-02 1.134272887063686366e-03 -3.744321188535562617e-02 -7.472049286373168286e-02 -4.822764162817054501e-02 1.415777166380782423e-02 -8.442778194573477557e-02 2.777601934624845600e-02 -1.682898213978075916e-02 -7.260153149306648734e-02 nan nan nan nan nan nan nan nan
nan nan nan nan nan nan nan nan nan -3.724489150652302710e-02 6.839533118832495998e-03 3.008293826627174428e-02 7.637312476761533298e-03 -2.482833522185457983e-02 -5.945518656118058826e-02 -7.136659875724185587e-02 -3.673541389246436778e-02 -1.100759088104418942e-01 -7.927590827989862421e-03 -4.000034512675102599e-02 -7.532865605911710782e-02 nan nan nan nan nan nan nan
nan nan nan nan nan nan nan nan nan nan 3.976094089639188589e-02 -2.039974448497472621e-03 3.822995337724315133e-03 1.292796656714629427e-02 -1.945089890137324112e-02 3.530291955832751821e-02 -7.975016888196621856e-02 -8.452064746517991972e-03 -1.013113918423011878e-01 -1.597382840078014621e-01 -8.206367792010553497e-02 -7.369579627992864758e-04 -7.837098688833048221e-02 nan nan nan nan nan
nan nan nan nan nan nan nan nan nan nan nan nan 4.490786735810883140e-02 1.694795131033516311e-02 -3.020043599272410808e-03 -6.242803571466306461e-02 -2.999945140970592880e-02 -6.411281758354833368e-03 -1.517309005715482273e-02 3.923741279229788631e-02 -5.430364165616724526e-02 -5.424108714096431694e-02 -3.467423972232728385e-02 -5.660830143230120154e-02 nan nan nan nan
nan nan nan nan nan nan nan nan nan nan nan nan nan -6.795304385487920288e-04 3.047365898361057909e-02 4.467680659819921185e-02 3.725277814625277753e-03 -7.149688331195587498e-02 -1.508417041200027162e-02 -3.873256118296448947e-02 -1.131347138894078369e-01 -1.054340864862545607e-01 -1.316333788383224589e-02 -2.046773277981246350e-02 7.671451837987030599e-03 nan nan nan
nan nan nan nan nan nan nan nan nan nan nan nan nan nan nan -8.840547728427875993e-03 -6.852441532775081778e-03 5.952570913374876510e-02 2.892400541595347221e-02 8.411516578619344930e-02 -5.134181435999168874e-02 1.268374100170653607e-01 3.771335691030628517e-02 -1.124279649215915826e-02 -3.873547815017285186e-03 nan nan nan
nan nan nan nan nan nan nan nan nan nan nan nan nan nan nan nan nan 1.209499652522696145e-01 1.081472633767823766e-01 1.798964206555816459e-01 1.829717027174264654e-01 -5.249453408336737792e-02 6.066139114660092091e-02 4.747685939867715005e-02 2.343713166562762934e-02 nan nan nan
nan nan nan nan nan nan nan nan nan nan nan nan nan nan nan nan nan nan nan nan 5.906042247034810205e-02 nan nan -4.121396249823645885e-02 1.896018227377988669e-02 nan nan nan
