nan nan nan 2.577666798297890624e-02 -4.132256444132236667e-02 nan nan nan nan nan nan nan nan nan nan nan nan nan nan nan nan nan nan nan nan nan nan nan
nan nan nan 5.631411113465336488e-02 -2.510307304159012376e-02 -1.039486837582531131e-01 -1.520392379327840382e-01 nan nan nan nan nan nan nan nan nan nan nan nan nan nan nan nan nan nan nan nan nan
nan nan -1.447543314044281125e-02 -6.706095997473005693e-03 6.505025932800771737e-02 -4.008652015040002625e-02 -6.507658036568155554e-04 -1.644211548287219382e-01 nan nan nan nan nan nan nan nan nan nan nan nan nan nan nan nan nan nan nan nan
nan 1.339570360913024671e-01 7.378363976174108496e-02 9.948110503216184286e-02 1.000313863677080689e-04 -4.044120376883283963e-02 -5.079530436986903069e-02 -1.238860394560037728e-02 -1.328565638099047930e-01 nan nan nan nan nan nan nan nan nan nan nan nan nan nan nan nan nan nan nan
nan 8.819779829499688195e-02 1.101412147713506373e-01 1.961191955283507482e-02 1.778676536747304526e-01 5.577254489821417693e-02 3.433077001993114531e-03 -1.409091999070087309e-01 -9.824708936678396010e-02 -1.938590977014107153e-01 nan nan nan nan nan nan nan nan nan nan nan nan nan nan nan nan nan nan
4.447132849992580655e-02 1.098124045504882962e-01 1.285658813574143411e-01 1.640179088828017107e-01 -4.142522538606254606e-02 -8.545420303101936010e-02 7.086287084588725055e-03 -3.206793584007589654e-02 -3.088846022811878034e-02 nan nan nan nan nan nan nan nan nan nan nan nan nan nan nan nan nan nan nan
2.853347139718933473e-02 1.824761470200065017e-01 -6.527877322449079922e-02 7.700433999985263622e-02 -8.631829430144316584e-02 1.131618599499492756e-01 3.575074467259295626e-03 -1.393457583051996296e-01 -2.090114793247643266e-01 nan nan nan nan nan nan nan nan nan nan nan nan nan nan nan nan nan nan nan
-3.218046585861299158e-02 1.096909211456075089e-01 1.019000226722603791e-01 3.627049753730993142e-02 -5.168594387203954109e-03 -6.143283776706561644e-02 3.959489819022001672e-02 -5.783772375474349747e-02 -1.347724876786201009e-01 nan nan nan nan nan nan nan nan nan nan nan nan nan nan nan nan nan nan nan
nan 3.249311948046013088e-02 1.516503886473317131e-01 1.910209143458602987e-01 1.141933827578224120e-01 7.127344670593063758e-02 -7.786271795992516682e-03 -1.075135365131840368e-02 2.322096799160455402e-02 -1.219510093656495653e-01 nan nan nan nan nan nan nan nan nan nan nan nan nan nan nan nan nan nan
nan -1.851120067951620915e-02 6.486759676447127754e-02 5.087390454770825132e-02 8.603497371684294681e-02 7.608645705241397217e-02 -1.177546538534340187e-02 9.852514158652520004e-02 -1.629530069477387322e-01 -1.277845684696040374e-01 nan nan nan nan nan nan nan nan nan nan nan nan nan nan nan nan nan nan
nan 1.137102225599759785e-02 4.632742758824644203e-03 -2.639535311025337141e-03 9.213537350411920776e-03 7.336567718071955457e-02 9.606448974062191393e-02 -2.187232583205762568e-02 6.132112638076018390e-02 -2.165478353214811413e-02 nan nan nan nan nan nan nan nan nan nan nan nan nan nan nan nan nan nan
nan nan 1.242972461133010249e-02 1.786157310246999641e-02 -3.439808588048715726e-02 1.101863340068378327e-01 2.953148235445424846e-02 -9.796247324559374803e-02 5.447958770397935691e-02 8.972970865873634849e-02 nan nan nan nan nan nan nan nan nan nan nan nan nan nan nan nan nan nan
nan nan 9.024973553139515464e-03 5.778438774135308958e-02 -6.649334013577396169e-04 nan 4.856763739271115210e-02 -1.491119799647381899e-03 -2.028408494405779250e-01 -1.374723720380064684e-01 nan nan nan nan nan nan nan nan nan nan nan nan nan nan nan nan nan nan
nan nan nan nan nan nan -1.668584868598593438e-02 1.072268962910636995e-02 -6.048275994279357637e-02 -8.462909887563498101e-02 nan nan 1.634437325221407555e-01 nan nan nan nan nan nan nan nan nan nan nan nan nan nan nan
nan nan nan nan nan 4.004148755112547226e-02 -4.799369451711384821e-02 5.870882639519634655e-02 -5.969613927447448704e-02 -3.748653559515296302e-02 nan nan nan nan nan nan nan nan nan nan nan nan nan nan nan nan nan nan
nan nan nan nan nan 3.259981579838875515e-02 3.391223377267978817e-02 -3.743907756138396565e-03 7.994973358970017610e-03 -1.074725813500967408e-01 -3.688608795439493799e-04 nan nan nan nan nan nan nan nan nan nan nan nan nan nan nan nan nan
nan nan nan nan nan 4.082515235954500832e-02 -3.448548385902830415e-02 5.007218733613533895e-02 -1.052295441684705443e-02 -1.084140654486445837e-01 -1.403244877599379775e-03 3.664188571527531718e-02 nan -2.581152683977209344e-02 nan nan nan nan nan nan nan nan nan nan nan nan nan nan
nan nan nan nan nan 1.663062261411953156e-03 -3.011988631753266185e-03 -5.087109224541819241e-02 -2.868110733609991261e-02 -4.796304050180347223e-02 -1.729967538995957066e-01 -2.172854421821664439e-01 -5.435016997241455192e-03 3.007278510886588277e-02 -2.668075186624606701e-02 nan nan nan nan nan nan nan nan nan nan nan nan nan
nan nan nan nan nan -1.115509164282948162e-01 -6.885448588814015169e-02 -3.894939826650307274e-02 -2.095266113303686714e-02 2.773231376563372631e-03 1.527732763516919138e-03 -2.257421519189014431e-02 -1.585216519361617171e-01 -9.914428367818099719e-02 -3.163694596131424921e-03 -1.882303546127483615e-02 4.567042794213321821e-02 nan nan nan nan nan nan nan nan nan nan nan
nan nan nan nan nan nan 8.622055002100826454e-03 1.407440800639943486e-02 -2.051934143036270378e-02 -1.941754867028571557e-02 -1.790408269578508405e-02 4.952079186498904717e-03 -2.582210233651652254e-02 -6.236621023226134042e-02 -5.475642177268998101e-02 2.269782082260093231e-02 -2.520308811463897736e-02 4.311038784249394268e-03 nan nan nan nan nan nan nan nan nan nan
nan nan nan nan nan nan nan 1.183893269535663852e-02 1.277843723897132550e-02 2.688847050513743647e-03 -2.604562433890335055e-03 -3.759789180970311145e-02 -3.343175471477876498e-02 -3.630834318886687340e-02 -5.750222496915282505e-02 -8.060493984042677029e-02 5.440234322646874884e-03 -3.225054885064609043e-03 -3.068619756721639377e-02 nan nan nan nan nan nan nan nan nan
nan nan nan nan nan nan nan 5.241581264913426630e-03 7.544640342618254107e-03 -8.345416097443060163e-03 5.757020061538217076e-03 -2.059863793643465502e-02 -4.939935376920897431e-02 -3.801297018833858787e-02 -1.065148337407153256e-01 -1.265899469553755652e-01 -1.158221912366269729e-01 -1.364159597985705186e-01 -3.676014393931159585e-02 -2.954881451939718115e-02 nan nan nan nan nan nan nan nan
nan nan nan nan nan nan nan nan -5.339146906169914275e-02 -2.620736351288544333e-02 8.688513609969725909e-03 -9.781563190829713206e-03 -1.555672289529620896e-02 -2.854685526789994821e-02 -4.478894789519628772e-02 -6.013780533375567838e-02 -3.457438556374464039e-02 4.369785537843278583e-02 -2.194942086504789516e-02 -7.531463268939633804e-02 -3.462550668457008846e-02 nan nan nan nan nan nan nan
nan nan nan nan nan nan nan nan nan 5.534960435169574214e-03 -1.045652236270738084e-02 1.537710439843741408e-02 -7.757469159409287329e-03 9.248030788133356286e-03 7.321318655729429359e-03 1.857031520051874093e-02 -7.629974306897649439e-02 -8.352448251247962530e-02 1.264685953424119456e-02 -4.137878919173815229e-02 -7.218040628564782735e-02 -4.914947232596270088e-02 -3.457501716128292407e-02 nan nan nan nan nan
nan nan nan nan nan nan nan nan nan nan 2.118067849886758058e-02 -1.842373998277567135e-02 2.007117597165693733e-03 1.970821813739246503e-02 -1.785253540566189914e-02 -3.834278292647780306e-02 -9.647529445686257171e-03 -5.915073480150602470e-02 -9.388192474685098932e-02 -1.421611084747715081e-01 -7.713493897275537636e-02 1.013178481558120415e-03 -6.429075283612151193e-02 -5.845456805298003544e-02 nan nan nan nan
nan nan nan nan nan nan nan nan nan nan nan nan 3.203907926768946590e-02 7.015597162418122507e-03 -1.897406646837045477e-02 -1.039508278602949316e-02 1.937479815382799758e-02 -1.218397712417138359e-02 -7.107419091561828495e-02 5.407873398038907237e-02 -3.221308547284897073e-02 -2.341310638419518211e-02 1.513349898988464344e-02 -1.000563134266387044e-02 -1.229980459390742596e-02 -2.512318350804410710e-02 nan nan
nan nan nan nan nan nan nan nan nan nan nan nan nan -8.875520310268222163e-03 4.235459421616724076e-04 5.271466168375357059e-02 9.646411792451079284e-03 -3.801438604096882973e-02 -3.465161876379661832e-02 1.206720862672893552e-02 7.437765342954781589e-03 -5.681619527094490529e-02 -5.195975812592314169e-02 -2.026295084942846686e-02 -6.615194859938111193e-04 -4.041855226884477799e-03 nan nan
nan nan nan nan nan nan nan nan nan nan nan nan nan nan nan 4.538987551097951878e-02 4.294323877905570352e-02 -4.333130040570160220e-03 -1.699813204285886706e-03 9.931773474313189409e-02 6.900695665025864678e-02 2.539811739266378265e-01 1.876143213923141609e-02 -1.083090152835240912e-02 -9.864830564421687986e-03 8.594183458974696821e-03 nan nan
nan nan nan nan nan nan nan nan nan nan nan nan nan nan nan nan nan 1.407397503452394727e-01 1.243941783093043263e-01 2.096117287935464202e-01 1.497477677285187769e-01 -8.537025416775036527e-03 4.643002967445845203e-02 5.714975657759573807e-02 -1.120628266412172953e-02 -3.733531096075458464e-04 -6.177022555862166087e-04 nan
nan nan nan nan nan nan nan nan nan nan nan nan nan nan nan nan nan nan nan nan 5.730861650486129832e-02 nan nan -9.561996202528599831e-02 6.570863174456979816e-02 2.024811128995043438e-02 nan nan
