nan nan nan 5.851404611530091476e-02 -4.344782204709656676e-02 nan nan nan nan nan nan nan nan nan nan nan nan nan nan nan nan nan nan nan nan nan nan nan
nan nan nan -1.609727533958286994e-02 2.956255992937264002e-02 -3.516279296628217060e-02 -1.250460942104212048e-01 nan nan nan nan nan nan nan nan nan nan nan nan nan nan nan nan nan nan nan nan nan
nan nan 2.391615860594663023e-01 6.553873958959562096e-02 -2.883620367588994940e-02 -7.376154432574209829e-02 -2.182659168053877660e-03 -1.106876254858304015e-01 nan nan nan nan nan nan nan nan nan nan nan nan nan nan nan nan nan nan nan nan
nan -5.317218707324933985e-02 1.907947888016802915e-02 -1.092453011478201896e-02 8.555075689916892545e-02 -4.542806739761972440e-02 -6.661335485929509304e-02 1.774558294164615968e-02 -4.815763015614357712e-02 nan nan nan nan nan nan nan nan nan nan nan nan nan nan nan nan nan nan nan
nan 2.082438103477345925e-01 -6.317930178895486693e-02 -5.317588781188384642e-03 5.000692430153997475e-02 3.470449646794090959e-02 -8.090624489243487816e-02 -2.323415504709896648e-02 -4.418384661988364326e-02 -1.631163970958525999e-01 nan nan nan nan nan nan nan nan nan nan nan nan nan nan nan nan nan nan
1.222979523405610391e-01 -7.866660112052167864e-02 1.717469006249212893e-01 1.211762769877148538e-01 -2.274245903659894916e-02 2.303277522072831596e-02 4.800038296257227804e-04 6.966839609968194721e-04 -4.733904519081376123e-04 nan nan nan nan nan nan nan nan nan nan nan nan nan nan nan nan nan nan nan
1.485574416227342098e-01 1.184236245632719065e-01 -3.899300268196961849e-02 -5.792931230504191203e-02 1.245151963918509838e-02 -3.129380968361241550e-02 -7.047219028007666031e-02 -9.734195422321881286e-02 -1.745934361921189226e-02 nan nan nan nan nan nan nan nan nan nan nan nan nan nan nan nan nan nan nan
-2.280710379594795903e-02 6.625653447324601764e-02 1.870460071367177346e-01 5.656285224346445373e-02 4.455692670027819498e-03 3.306091774303501762e-02 4.566966160308385397e-02 -8.564128799932789471e-02 -3.481922305766322473e-02 nan nan nan nan nan nan nan nan nan nan nan nan nan nan nan nan nan nan nan
nan 2.409617751856743886e-02 3.152869261345066926e-02 4.788982864295624614e-02 1.504237149224635361e-01 2.408907763721336581e-02 1.141034465077790140e-02 1.902489085583061040e-02 -8.086341197156558802e-02 -1.338510648836505612e-01 nan nan nan nan nan nan nan nan nan nan nan nan nan nan nan nan nan nan
nan 3.732030285347576193e-02 4.471810830822595811e-02 1.649250412315776404e-01 8.421345554428996683e-02 7.874954408152268215e-02 -1.789770505296875772e-02 9.726704707611489448e-03 -7.131631325998984139e-02 -1.087964519231289784e-01 nan nan nan nan nan nan nan nan nan nan nan nan nan nan nan nan nan nan
nan -6.696204917746508868e-03 4.232238019397611961e-02 2.198067961012385637e-05 6.445281498028330135e-03 4.339287646606518334e-02 5.119355300271133391e-02 3.594499644517035880e-02 -4.258666360970908560e-02 -4.699420183855684829e-02 nan nan nan nan nan nan nan nan nan nan nan nan nan nan nan nan nan nan
nan nan 1.328388818928371955e-02 5.882517480982637353e-02 1.544755439873155521e-02 9.645725255154148636e-02 1.389996053243472592e-02 1.134508345521661188e-01 2.477410808546731957e-01 3.298073998787597050e-02 nan nan nan nan nan nan nan nan nan nan nan nan nan nan nan nan nan nan
nan nan 4.011203674766467497e-04 -1.194842095418499617e-02 -8.571960739643147420e-02 nan -2.452845408737056726e-02 -1.249729391216566204e-01 5.558319502410438706e-02 -7.390990055613891330e-02 nan nan nan nan nan nan nan nan nan nan nan nan nan nan nan nan nan nan
nan nan nan nan nan nan 1.405723231196952597e-02 6.488154948353340619e-03 -1.662652671243423641e-01 1.663518184704147196e-01 nan nan -5.461010574495167580e-02 nan nan nan nan nan nan nan nan nan nan nan nan nan nan nan
nan nan nan nan nan 4.733716812558230735e-02 -4.267562491537955915e-02 5.450370886140357835e-02 -1.914938301412802968e-01 5.469923063505294572e-03 nan nan nan nan nan nan nan nan nan nan nan nan nan nan nan nan nan nan
nan nan nan nan nan 2.656282077560244426e-02 3.246813765023660869e-02 2.597429418207050644e-02 3.227300726965811554e-03 -4.106070589108070518e-02 1.248166469323876669e-02 nan nan nan nan nan nan nan nan nan nan nan nan nan nan nan nan nan
nan nan nan nan nan 8.140401469116083019e-03 -6.363103528635817574e-02 6.135047340032149382e-02 -6.364670648682942133e-02 -1.032126161947697074e-01 6.975970000242653901e-02 7.055337121316294924e-02 nan -2.232077875413487900e-02 nan nan nan nan nan nan nan nan nan nan nan nan nan nan
nan nan nan nan nan 1.769008002903062898e-02 -4.526769561149342203e-03 -3.712369230335260673e-02 -3.666340121753559889e-02 -1.266888130101576915e-01 -1.723964973576413429e-01 -2.965449812795882267e-01 9.165812796949721064e-02 8.102532453858662942e-02 1.186569852899024315e-02 nan nan nan nan nan nan nan nan nan nan nan nan nan
nan nan nan nan nan -6.283715784237968449e-02 -3.084031208601790280e-02 -1.535570507637426009e-02 2.594633487954842600e-03 4.200496516589356973e-03 -6.427891206199348728e-02 -4.689745469555803292e-02 -1.970313651997942783e-01 -1.449996382110119164e-01 6.929939690994887935e-02 5.809708794909398087e-03 -1.029559437916781200e-01 nan nan nan nan nan nan nan nan nan nan nan
nan nan nan nan nan nan -1.828903683969370286e-03 1.112406942950326660e-02 -7.734406107846919856e-03 5.645794931728731481e-04 -2.071754625927700599e-02 -3.042790454349431073e-02 -1.450296008818786550e-02 -1.395747084117316683e-01 -1.396043583756130246e-01 4.015192007973866772e-02 8.495912518619632911e-03 -2.035632337150022550e-02 nan nan nan nan nan nan nan nan nan nan
nan nan nan nan nan nan nan -1.009117448693486879e-02 1.742726417669925032e-02 3.894979284270049576e-03 5.605336704358459404e-03 -3.864189867382870208e-02 -3.722103800592000550e-02 -1.106571217389977144e-02 -9.855523924480719122e-02 -1.581868554641291669e-01 2.743403621930123187e-02 7.825756481623881433e-02 -5.635338819691509266e-02 nan nan -5.712493387454445348e-02 nan nan nan nan nan nan
nan nan nan nan nan nan nan -2.220943981422595845e-02 1.273803117312364772e-02 -2.061850552279725218e-02 -2.434966106199520225e-02 -4.699242338963847965e-02 -9.198323236598979213e-02 -5.296613225806373962e-04 8.895532460210669318e-03 -1.187487534966262387e-01 -2.337421558790127862e-01 -1.198017769613102662e-01 1.472652487062844559e-02 2.153322127808583383e-02 -1.638240742226504398e-02 -1.487752152982726485e-02 -1.365656828324455932e-03 nan nan nan nan nan
nan nan nan nan nan nan nan nan -2.440387234802969540e-02 3.462223556559849980e-02 1.536444485441463594e-02 -1.680243800728449186e-02 -2.507249352237481133e-02 -6.343168766053344787e-02 -6.950308676609905090e-02 -2.105051417112656711e-02 -1.194359086918287405e-01 7.582438845997763188e-02 1.078643961318575921e-02 -8.690201546729141302e-02 -3.623208864063271611e-02 -2.680630965592941187e-02 -1.596035626685495673e-02 -1.339118531058973091e-02 nan 2.716176521793166668e-02 -2.713806706732826285e-02 nan
nan nan nan nan nan nan nan nan nan -1.759488049432740564e-02 -1.388825119277507791e-03 1.475274778776906361e-02 -7.599376993958013686e-03 -2.170425712532523047e-02 -4.040034352209402602e-02 -5.711540167727964523e-02 -4.604120188191403867e-02 -3.106494291279894293e-01 -9.687459278377007904e-03 -3.192202131273987054e-02 -7.604793664822213917e-02 -7.507642605249004175e-02 -2.758117841293928479e-02 -6.134455745055167331e-02 nan 7.891493978672097648e-03 -1.159247984036872355e-02 nan
nan nan nan nan nan nan nan nan nan nan 5.388521510439950313e-02 9.896795753090202943e-03 -4.923538699415886191e-03 -1.069643596202850440e-02 -5.609297026536502057e-02 -6.293942996974449811e-02 1.942932219482932168e-02 5.916931546618355714e-02 -1.970160270255189860e-01 -1.885986453605600077e-01 2.946016844119736175e-02 5.086949189673729832e-02 -9.330230474621993564e-02 -1.191265523095706366e-02 -1.130105772168602841e-02 -3.578234742570639282e-02 nan nan
nan nan nan nan nan nan nan nan nan nan nan nan 3.021272817306979580e-02 1.357575175390061950e-02 2.648245134146345880e-02 5.402227861579689955e-02 -1.591693864999271443e-02 -6.927424989296646074e-02 4.994950673803470742e-02 1.031221697572840545e-01 -1.645486880434688104e-01 -1.583970137811654411e-01 -3.111750978934390774e-02 -5.029584105885630957e-02 -4.704623405764123828e-02 -1.629527972507410771e-02 nan nan
nan nan nan nan nan nan nan nan nan nan nan nan nan 1.389670595304931186e-02 1.489409783402362818e-02 5.192426029784032171e-02 1.378091025397637850e-02 -9.913854573659670877e-02 -9.023034866763936235e-02 -2.566772337980649174e-02 4.022525663725074613e-02 1.439665761202295856e-02 -2.218854286099270628e-02 -1.788797897637794607e-02 3.548487126023817158e-03 -5.032003989116612570e-03 nan nan
nan nan nan nan nan nan nan nan nan nan nan nan nan nan nan 2.584642210657227268e-02 -4.798256584024555849e-02 -8.002255601764634435e-03 3.553547680247767793e-02 5.039969531651224827e-02 -8.584681330573921965e-02 6.735671092914440050e-02 9.593778443541360612e-03 -3.548989055485865518e-02 -1.411130368495934831e-02 1.202380887099271586e-02 nan nan
nan nan nan nan nan nan nan nan nan nan nan nan nan nan nan nan nan 7.638788817443546535e-03 2.164456128161401649e-01 2.006277020659542887e-01 1.714936675917601294e-01 -3.295441075474049575e-02 3.983225981748646921e-02 5.467000932273630848e-02 9.383154575461188571e-03 -3.038659104243039309e-04 -2.015595623205920089e-02 nan
nan nan nan nan nan nan nan nan nan nan nan nan nan nan nan nan nan nan nan nan 9.661770516137332607e-03 nan nan -4.682899927971879289e-02 -1.977733440142540652e-03 -7.523669947388533265e-03 nan nan
