nan nan nan 3.214844079405766025e-02 4.666388723379004400e-02 nan nan nan nan nan nan nan nan nan nan nan nan nan nan nan nan nan nan nan nan nan nan nan
nan nan nan 3.927259796460703944e-02 -7.490418094106547631e-02 -3.324175042437453598e-02 -1.850937387379582577e-01 nan nan nan nan nan nan nan nan nan nan nan nan nan nan nan nan nan nan nan nan nan
nan nan 1.189470988132106527e-01 -1.007677259633031758e-01 -1.308557533614274418e-02 -1.074918499009440073e-02 1.200502181610943117e-02 -1.490898921572013924e-01 nan nan nan nan nan nan nan nan nan nan nan nan nan nan nan nan nan nan nan nan
nan 1.357791424831569782e-01 -3.329039893621436874e-02 8.105272111184680384e-02 -2.865144783359856173e-02 -5.726394512398190473e-02 -3.015222538832209101e-02 4.093862119139069465e-03 -1.078162852047833964e-01 nan nan nan nan nan nan nan nan nan nan nan nan nan nan nan nan nan nan nan
nan 1.816138311974818953e-01 -5.731370950987357132e-02 6.527446195200309331e-02 7.149920226202019502e-02 4.004593581459220397e-02 -2.023892271495809220e-02 -8.364359340185677227e-02 -1.100871274464795546e-01 -1.733381874555257607e-01 nan nan nan nan nan nan nan nan nan nan nan nan nan nan nan nan nan nan
7.836402409170180328e-02 -3.400123973864041527e-02 5.356184080379872148e-02 1.154011148015151311e-01 -9.159170065289073959e-02 1.602108791034916047e-03 -1.243811297227486942e-02 -5.664421989670256202e-02 -2.303074708410074792e-02 nan nan nan nan nan nan nan nan nan nan nan nan nan nan nan nan nan nan nan
-7.334042059667245095e-02 2.124488048969481457e-01 -7.150545482370648798e-02 -4.054140815912705975e-02 -1.406021285580839712e-02 1.156109648505046321e-02 -4.403947152928491815e-02 -1.067625539713738386e-01 -1.226787485843709308e-01 nan nan nan nan nan nan nan nan nan nan nan nan nan nan nan nan nan nan nan
1.182460695587178590e-01 9.621275283586461224e-02 7.532326685778645281e-02 8.091563777720915673e-02 -8.326407004202587836e-02 -7.330801100161007944e-02 8.638609625444873194e-03 -9.274822677282204553e-02 -4.351865042069375661e-02 nan nan nan nan nan nan nan nan nan nan nan nan nan nan nan nan nan nan nan
nan 6.439203418336503573e-03 1.377652468627039994e-01 5.330873503067895536e-02 5.509889984238512672e-02 8.044584154510524276e-02 -7.668029519528373264e-03 -1.174498761999578055e-02 4.995496115209187293e-02 -7.989714339609337024e-02 nan nan nan nan nan nan nan nan nan nan nan nan nan nan nan nan nan nan
nan -4.970244151008583640e-03 1.654473100371639180e-02 4.607972794576262882e-02 5.534624275945571048e-02 6.441161739900179428e-02 1.512099670960244113e-01 5.921205855854187738e-02 -2.459827267672211881e-01 -9.284980389180974569e-02 nan nan nan nan nan nan nan nan nan nan nan nan nan nan nan nan nan nan
nan -8.429312162671950132e-03 4.040912716647021563e-02 6.597388312656351367e-03 1.344386016938755798e-02 2.728439227613853671e-02 -5.634340071367312285e-04 -6.100750901377560709e-02 6.343723982015399276e-02 -4.857836609333170130e-02 nan nan nan nan nan nan nan nan nan nan nan nan nan nan nan nan nan nan
nan nan -2.241382925998315449e-03 5.539691366034213416e-02 1.148770953873624011e-02 8.354530035000441723e-02 6.296555683663598510e-03 -1.740042483796393480e-01 -5.864949753292132695e-02 9.176025393932354945e-02 nan nan nan nan nan nan nan nan nan nan nan nan nan nan nan nan nan nan
nan nan 2.805862093084282236e-02 1.909573003169769481e-02 -6.237020037624445290e-02 nan 2.081064135835807016e-02 -5.065788258353813925e-03 -3.422891412001728001e-02 -1.364219120469152557e-01 nan nan nan nan nan nan nan nan nan nan nan nan nan nan nan nan nan nan
nan nan nan nan nan nan -1.038834769365161274e-02 9.509618179733631688e-03 -6.712619758800737746e-02 -6.617615230568971163e-02 nan nan -3.947498709609384426e-02 nan nan nan nan nan nan nan nan nan nan nan nan nan nan nan
nan nan nan nan nan 2.627403170570212151e-02 -2.753156994929344126e-02 7.424112077797018899e-03 -7.249889304550187485e-02 -2.712226286524020702e-02 nan nan nan nan nan nan nan nan nan nan nan nan nan nan nan nan nan nan
nan nan nan nan nan 2.736445974025775510e-02 2.015170149419109533e-02 2.355360219742223468e-02 5.643126920908168127e-04 -9.336384868100565393e-02 -2.526417239782347696e-02 nan nan nan nan nan nan nan nan nan nan nan nan nan nan nan nan nan
nan nan nan nan nan 2.771643988139612866e-02 -5.783142202883083394e-03 4.205534592017193957e-02 -1.245986538999780020e-02 -8.437296326839570371e-02 1.219782982006169421e-02 1.302731901859771266e-02 nan -1.706531139477820850e-04 nan nan nan nan nan nan nan nan nan nan nan nan nan nan
nan nan nan nan nan 4.122821443042663792e-03 -1.560930244850084608e-02 -2.971196059232695391e-02 1.311034160799633488e-02 -3.907790999033132484e-02 -1.147625304685805231e-01 -2.030491264254383754e-01 -1.510197285605578178e-02 3.183118668406481611e-02 -1.096952379245541218e-02 nan nan nan nan nan nan nan nan nan nan nan nan nan
nan nan nan nan nan -2.694759915720040463e-02 -4.772669741048816971e-02 -4.141782525488265504e-02 -1.098151550486422233e-02 2.410413758512204227e-02 -2.011343564208142518e-02 9.158756269341402148e-03 -1.592353870508105840e-01 -1.084638240828052907e-01 5.393498752942192144e-03 -1.509650824132834253e-02 nan nan nan nan nan nan nan nan nan nan nan nan
nan nan nan nan nan nan 1.656408763240512644e-02 1.813892608597530293e-02 -2.316975763378437830e-02 -1.359956341143253936e-02 -1.377823331145064520e-03 -1.250359054684806962e-03 -1.352414463251615370e-03 -5.244034101596420361e-02 -5.340169724016267938e-02 1.863948471957121641e-02 -1.595468518193110183e-02 nan nan nan nan nan nan nan nan nan nan nan
nan nan nan nan nan nan nan -1.330261250042807063e-02 1.323000105174977799e-02 -3.645468294757338561e-03 -1.806863814511356064e-03 -4.422937221701122440e-02 -2.210987203223464467e-02 -1.209016306792996993e-02 -8.705415229056989723e-02 -1.148803668036647574e-01 1.375401397072886431e-02 -1.301133785051572685e-02 nan nan nan nan nan nan nan nan nan nan
nan nan nan nan nan nan nan -1.555328158359952674e-03 8.807789792767105330e-03 -1.304544176165110467e-02 -7.304061312409042793e-04 -1.411220702521558124e-02 -4.930173341066245579e-02 1.104212868705784813e-02 -1.325528298289742508e-02 -1.086826030853279973e-01 -1.358483229327851483e-01 -1.446498782612897771e-01 -4.359100632143083492e-02 nan nan nan nan nan nan nan nan nan
nan nan nan nan nan nan nan nan -4.235798833530805135e-02 -2.184712321071222152e-02 1.839504655008681808e-02 -2.431610506669966421e-02 -4.081159364036172910e-02 -5.367835505391924111e-02 -1.429800062283439858e-02 -1.210359590438071960e-02 -1.017846997916309476e-01 3.869485167338140852e-02 -1.962526799906518220e-03 -7.470710449400407016e-02 nan nan nan nan nan nan nan nan
nan nan nan nan nan nan nan nan nan -2.375594691146475524e-03 6.204836128665713532e-03 2.954325617543422308e-02 -9.154240207836676158e-04 -1.915788878929349653e-02 -6.212698902861103767e-02 -3.090061754476259789e-02 -3.391016647442325616e-02 -1.334490397632294989e-01 -9.315012321524509392e-03 -3.122019494564700487e-02 -4.918225972670574320e-02 nan nan nan nan nan nan nan
nan nan nan nan nan nan nan nan nan nan 4.050616652207517099e-02 2.457247479672885256e-03 1.185557721991328459e-02 -5.262183052473574018e-04 -1.433072195868823756e-02 -1.295890259491244527e-02 -2.104924459491569998e-03 -2.198145542486689211e-02 -1.358560020462396545e-01 -1.685200787407635514e-01 -8.469781739222170813e-02 -1.143498126060176791e-02 nan nan nan nan nan nan
nan nan nan nan nan nan nan nan nan nan nan nan 2.732419434630187910e-02 1.609142235051893438e-02 -1.412197367764876730e-03 -4.481830886934595748e-02 7.383730025807032533e-03 1.662067723675791572e-02 4.130309593861826445e-02 3.444815316068888106e-02 -6.459264545855733508e-02 -4.453063138377256341e-02 -2.359905197580832933e-02 -4.312399245200029124e-02 nan nan nan nan
nan nan nan nan nan nan nan nan nan nan nan nan nan 4.123732957250345575e-03 2.903696478460336683e-02 4.823950369245644243e-02 1.905879388457680165e-03 -1.179718617703791883e-01 -1.478300553573921039e-01 4.956500267192243993e-03 -6.752308548906016394e-02 -2.903478623211276297e-02 -1.623685028481871087e-02 -2.217478478825929064e-02 6.637489635931591130e-03 nan nan nan
nan nan nan nan nan nan nan nan nan nan nan nan nan nan nan 1.008043533501498668e-02 -3.005173227426319316e-02 4.478683413751483738e-02 -1.346900593365316133e-03 3.600191454103576771e-02 -2.657558254906282336e-02 2.835351473010885165e-02 5.404500447965469162e-02 -1.295117372559559388e-02 -5.731176386771511672e-03 nan nan nan
nan nan nan nan nan nan nan nan nan nan nan nan nan nan nan nan nan 1.538509226028262344e-01 1.411826739989822388e-01 1.456147273025637512e-01 1.779974460767912436e-01 -5.127722511928311383e-02 5.779393863722162572e-02 5.519064761195358049e-02 2.283561964009075268e-02 nan nan nan
nan nan nan nan nan nan nan nan nan nan nan nan nan nan nan nan nan nan nan nan 5.849608028971954587e-02 nan nan -1.104898196532698440e-02 nan nan nan nan
