nan nan nan -3.237995322437174639e-02 4.443345108263272608e-04 nan nan nan nan nan nan nan nan nan nan nan nan nan nan nan nan nan nan nan nan nan nan nan
nan nan nan 8.578179782862373204e-02 -2.282973046955754856e-02 -2.564485254441138326e-02 -1.074968930378246423e-01 nan nan nan nan nan nan nan nan nan nan nan nan nan nan nan nan nan nan nan nan nan
nan nan 5.029644169234853343e-03 -6.312190824998759053e-02 -7.161536891103664412e-03 -4.002465409584549105e-02 -4.203204665356687769e-02 -1.136562906444539417e-01 nan nan nan nan nan nan nan nan nan nan nan nan nan nan nan nan nan nan nan nan
nan 8.321341917496323515e-02 6.134661018235955388e-02 7.071931199585246297e-02 2.143904640482503093e-02 -5.040199253278770941e-02 -4.757655030451469341e-02 -3.559920613240875019e-03 -5.985798103727955205e-02 nan nan nan nan nan nan nan nan nan nan nan nan nan nan nan nan nan nan nan
nan 9.468563519734301539e-04 1.902267678017868224e-01 1.385488398992501188e-02 7.117459454222132588e-03 2.517166037807619730e-02 -3.884513214606823139e-02 -3.229297187940759900e-02 -8.180678487384776543e-02 -2.184316074434258792e-01 nan nan nan nan nan nan nan nan nan nan nan nan nan nan nan nan nan nan
2.235448257899614322e-01 1.290045043523378454e-01 -7.065797416352968818e-02 1.065588603336691115e-01 1.468842892483880440e-02 -8.749093576448208065e-03 -8.858364430063074210e-03 -3.766002076699321438e-02 6.440692960697824709e-03 nan nan nan nan nan nan nan nan nan nan nan nan nan nan nan nan nan nan nan
1.131497280333657561e-02 1.250532599587203531e-01 6.296823838543033625e-03 -6.315410132194604342e-02 3.702900997308964000e-03 -4.051317866656941463e-02 -5.907173956710865675e-02 -1.087173717958044850e-01 -8.158072984902481339e-02 nan nan nan nan nan nan nan nan nan nan nan nan nan nan nan nan nan nan nan
-3.106826102282695540e-02 8.281312305786917016e-02 -6.010614370607520601e-02 1.354560807358212715e-01 5.572336135973932070e-02 8.029599517708434220e-02 2.802155006607523827e-02 -1.012195350050473508e-01 1.884878476312984441e-02 nan nan nan nan nan nan nan nan nan nan nan nan nan nan nan nan nan nan nan
nan 1.158184562687333274e-01 7.171681670722325486e-02 6.730289355915067273e-02 2.057336109067968988e-01 1.626984604109197111e-02 3.376186951178229007e-02 -1.937002583298430211e-02 -2.403120347277727534e-04 -1.405900924033326171e-01 nan nan nan nan nan nan nan nan nan nan nan nan nan nan nan nan nan nan
nan -2.067949565819585112e-03 5.449230650840641843e-02 1.110196596886338649e-01 6.610922947279773698e-02 1.173686204150014706e-01 6.048368179335453232e-02 1.039755590822855590e-02 -1.277257512815927198e-01 -1.047839706321134351e-01 nan nan nan nan nan nan nan nan nan nan nan nan nan nan nan nan nan nan
nan 5.893184191245673387e-02 2.469540562017412746e-02 -4.229071791526364463e-03 7.825046821374188714e-04 2.865627406842925426e-02 7.091820222519933103e-02 3.330922668763041522e-02 1.760028099728183290e-02 -1.340473181723298712e-01 nan nan nan nan nan nan nan nan nan nan nan nan nan nan nan nan nan nan
nan nan 2.152919983724016842e-02 4.302782750534630413e-02 -6.068535198985143368e-03 2.858967891166875469e-02 -2.309941444601569180e-02 -4.205401891665593028e-02 1.804172873269745958e-01 1.160030443461124300e-01 nan nan nan nan nan nan nan nan nan nan nan nan nan nan nan nan nan nan
nan nan 2.103213830211263236e-02 3.745501305695741329e-02 3.870540797736641420e-02 nan 3.231107117896001718e-02 -1.051952849231419101e-01 3.275380767200406981e-03 -9.063128135071517322e-02 nan nan nan nan nan nan nan nan nan nan nan nan nan nan nan nan nan nan
nan nan nan nan nan nan 4.988749132706318118e-02 3.202958965252927608e-03 -1.157689409621749793e-01 -2.805173873833732845e-02 nan nan 2.677234003616037195e-02 nan nan nan nan nan nan nan nan nan nan nan nan nan nan nan
nan nan nan nan nan 3.543700532912372886e-02 -6.567737485406059672e-02 3.270829999057038584e-02 -7.023118147916218579e-02 -1.353268361649379720e-02 nan nan nan nan nan nan nan nan nan nan nan nan nan nan nan nan nan nan
nan nan nan nan nan 3.881154890707464583e-02 3.884547812116038307e-02 2.165287011027492922e-02 -3.272557600339609518e-02 -8.445795288189901495e-02 -2.792643803375965614e-02 nan nan nan nan nan nan nan nan nan nan nan nan nan nan nan nan nan
nan nan nan nan nan 3.553465599551831194e-02 -2.611662278538378831e-02 6.918054928964616213e-02 4.066942865190378148e-03 -7.011028384811557324e-02 1.062070381532091365e-02 1.987890332694947429e-02 nan -2.802500709930946104e-02 nan nan nan nan nan nan nan nan nan nan nan nan nan nan
nan nan nan nan nan 7.044750194623901861e-03 1.002503042510013639e-02 -4.881505677204611704e-02 -2.168308035539908210e-02 -4.771135960072726140e-02 -1.236099860451159022e-01 -2.160324579074484330e-01 -1.444882690788215976e-02 3.117391354793208960e-02 -1.579706774992114052e-02 nan nan nan nan nan nan nan nan nan nan nan nan nan
nan nan nan nan nan -7.081354788859077487e-02 -6.554430842553332637e-02 -3.355295040851274946e-02 -1.585370205587420880e-02 1.595813872359270330e-02 3.525871799835912212e-03 7.416433976740910428e-03 -1.824888353198668989e-01 -1.131579703884180443e-01 1.936267744975939814e-02 1.030483685064284213e-02 -3.139197522908495491e-02 nan nan nan nan nan nan nan nan nan nan nan
nan nan nan nan nan nan -3.571135406638200997e-03 7.650797060908365137e-03 -3.846394199512450773e-03 -1.664235565204061351e-02 -1.297578425515881310e-02 8.325007726445451256e-03 -3.999498458072252641e-03 -8.471037821700286297e-02 -4.977745914454063253e-02 2.123067506817555294e-02 -2.050458111601402567e-02 -4.315951366318951897e-03 nan nan nan nan nan nan nan nan nan nan
nan nan nan nan nan nan nan -1.824155265561625688e-02 1.442196799737968139e-02 1.828375012364801336e-02 6.450776486687909671e-03 -2.026710153238479514e-02 -5.852796497807078932e-03 -1.161605861897928998e-02 -1.009482796633510288e-01 -1.141790110903145167e-01 4.091081290334129018e-03 -6.259824642013727541e-03 -2.693139268052702900e-02 nan nan nan nan nan nan nan nan nan
nan nan nan nan nan nan nan -1.315247729420380074e-03 -7.244054964424946792e-03 -4.131990667640630249e-02 -1.074836365766943490e-02 -2.861093303950624708e-02 -5.610510934518198045e-02 -1.412458352793427400e-02 -2.063529037955876347e-02 -1.154805183511722066e-01 -1.321856159105202766e-01 -1.441750425616833142e-01 -4.501573929054045881e-02 -3.526249512409333070e-02 -2.545432135168102655e-02 -9.893209641526481274e-03 nan nan nan nan nan nan
nan nan nan nan nan nan nan nan 1.187272363603987003e-02 1.038695641443320751e-02 2.750680794547013730e-05 2.456454321538833162e-03 -7.143895416894344499e-03 -2.272920087906531508e-02 -5.105039849371137417e-02 -1.806700249584017662e-02 -8.984173469747078200e-02 3.378601788959900709e-02 -7.794001159715280118e-03 -5.855002627983877522e-02 -2.996074093743567729e-02 -2.383693527247772101e-02 -1.349363223028382172e-02 -4.654268962739223012e-03 nan nan nan nan
nan nan nan nan nan nan nan nan nan 4.529503989176093121e-02 -1.192370664824961681e-03 8.833301401427120711e-03 1.878357709660922028e-03 -1.581135983770732070e-02 -3.652038886298342862e-02 -8.575804818157602150e-02 -3.425235001097644977e-02 -7.074135712100047824e-02 -2.984438062604896288e-02 -4.018071369078092536e-02 -4.223637724152689427e-02 -3.938919243375929580e-02 -3.192676876482879872e-02 -2.742273045517124377e-02 nan nan nan nan
nan nan nan nan nan nan nan nan nan nan 7.958589505894629601e-02 -3.210494919489288463e-03 -2.695515806957837421e-02 -2.506001050727798586e-03 8.110938308721714687e-03 1.473258944671744335e-02 -1.386047964640534091e-02 -1.176879535524579141e-02 -1.814784075688248219e-02 -1.823990041182250998e-01 -1.344032749218047051e-01 -8.905971313321511471e-03 -6.955150569469085997e-02 -6.861830661271511866e-02 -5.993631989013853412e-02 -3.704404090927317789e-02 nan nan
nan nan nan nan nan nan nan nan nan nan nan nan 1.664620758042171730e-02 7.451088396094687240e-03 -2.862376528772332326e-02 -6.322049357888981369e-02 -2.705013020449455879e-02 1.006546208575672709e-02 -2.990788097711268023e-02 4.617742632463839314e-02 -6.197256603502631495e-02 -6.040804450880597060e-02 -2.236227752712180092e-02 -3.224723492008180203e-02 -2.181837378014625517e-02 -1.715582708737101170e-02 nan nan
nan nan nan nan nan nan nan nan nan nan nan nan nan -1.163981733715701780e-02 2.385172738852057300e-03 -3.391942702088837636e-02 -1.165902875945828109e-02 -1.301924916436243418e-01 -5.853058252825327906e-02 1.034066379780038958e-01 -3.735919535440545419e-02 -2.397079382151819441e-02 -4.145025021036054247e-02 -8.983138703426223406e-03 7.191868495675319932e-03 -6.286486891514846305e-03 nan nan
nan nan nan nan nan nan nan nan nan nan nan nan nan nan nan -1.176418391125011974e-02 1.640211679019249955e-02 -1.987318852224889340e-02 -3.591937111970061602e-02 3.000025522073690790e-02 -1.095836352460222152e-01 -4.341721567807985821e-02 -4.373459913216525691e-02 1.887871934812901387e-02 -2.160768393802657561e-02 4.890416973270985367e-03 nan nan
nan nan nan nan nan nan nan nan nan nan nan nan nan nan nan nan nan 1.108026445410514871e-01 6.686771862136345335e-02 7.653398592220743424e-02 8.096096307758397781e-02 -5.399415866018852928e-02 5.097805094019160210e-02 4.572261095076064069e-02 -9.481990526350445037e-03 2.290644608812234233e-03 -4.319764039705407607e-03 nan
nan nan nan nan nan nan nan nan nan nan nan nan nan nan nan nan nan nan nan nan 8.205872839032167521e-02 nan nan -5.879834463105845094e-02 -3.231612236971535823e-02 6.099117332999956856e-03 nan nan
