nan nan nan 9.901126731693156435e-02 -7.332020383297215005e-02 nan nan nan nan nan nan nan nan nan nan nan nan nan nan nan nan nan nan nan nan nan nan nan
nan nan nan 7.496742342774949386e-02 1.931481276784983905e-03 -6.749548251258558063e-02 -1.209471259329508996e-01 nan nan nan nan nan nan nan nan nan nan nan nan nan nan nan nan nan nan nan nan nan
nan nan 7.316885911251180818e-02 -3.563754936888217234e-02 -2.251192503281065904e-02 1.399749083816751241e-02 -2.424779818659426531e-02 -1.501657838036645209e-01 nan nan nan nan nan nan nan nan nan nan nan nan nan nan nan nan nan nan nan nan
nan -7.330079154446805800e-02 2.339214037110469782e-02 1.257536909118476265e-01 -1.803137274843979510e-04 -4.401310466718841297e-02 -6.385836562739273525e-02 1.511366457895678764e-02 -8.357702133859093441e-02 nan nan nan nan nan nan nan nan nan nan nan nan nan nan nan nan nan nan nan
nan 5.322349126006804820e-02 7.615691290366252697e-02 3.658543480465185210e-02 5.323219515442244310e-02 1.078957788078247493e-01 -5.610607986503629574e-02 -5.710844243800311526e-02 -6.071552903634331450e-02 -1.516977889336259544e-01 nan nan nan nan nan nan nan nan nan nan nan nan nan nan nan nan nan nan
1.393425747685244631e-01 1.717277245925615675e-02 7.243030497178275240e-02 8.316160570456035406e-02 4.495955654176440192e-02 -2.609303710068673968e-02 -2.053022252451620205e-02 -3.093587768206844391e-02 -3.991409315362445809e-02 nan nan nan nan nan nan nan nan nan nan nan nan nan nan nan nan nan nan nan
7.964961980650481221e-02 2.402299132454553676e-01 -6.325362667860266741e-02 -2.713402466279960998e-02 -1.076704155809157445e-02 1.227114431170673176e-01 -8.549521213701886946e-02 -8.908562790111856922e-02 -4.545621858051708368e-03 nan nan nan nan nan nan nan nan nan nan nan nan nan nan nan nan nan nan nan
-5.127366177797708369e-03 1.799608580559190762e-02 2.150620094002708704e-01 2.869830134188223764e-03 2.399898710473303415e-02 6.598462739736961347e-02 -2.208830199327771471e-02 -5.264263895856152037e-02 -6.675636216766048237e-02 nan nan nan nan nan nan nan nan nan nan nan nan nan nan nan nan nan nan nan
nan 5.164689340441997595e-03 1.124125773668747108e-01 1.496554095512352689e-01 1.367782117251157836e-01 5.406435171619709823e-02 -3.780096826086847689e-02 2.181011003908768509e-02 1.322564724650980572e-01 -7.998628077856748120e-02 nan nan nan nan nan nan nan nan nan nan nan nan nan nan nan nan nan nan
nan 3.989582689734305632e-02 8.484766725148656930e-02 1.075798536457235888e-01 9.953709992689295516e-02 2.759535604054747307e-02 1.210165752055893280e-02 1.249558645442866017e-01 -2.161334454936169880e-01 -9.239455149712030857e-02 nan nan nan nan nan nan nan nan nan nan nan nan nan nan nan nan nan nan
nan 2.681219025951882967e-02 6.986805692181009570e-04 -5.200415958144961708e-03 -9.746940968052404675e-03 4.145258323417357060e-02 5.051148238744362917e-02 1.201286352766379496e-02 3.311514593433631526e-02 -8.659654165223953926e-02 nan nan nan nan nan nan nan nan nan nan nan nan nan nan nan nan nan nan
nan nan 3.995665976057691943e-02 3.708507618856183435e-02 -9.847946065335040980e-03 3.291532447188390970e-02 1.680888161686691293e-02 -1.840496499217673249e-02 7.140758108871771148e-02 1.019240809836912398e-01 nan nan nan nan nan nan nan nan nan nan nan nan nan nan nan nan nan nan
nan nan -2.747615769812560612e-03 2.619348717911658755e-02 -6.997996596054988604e-03 nan 2.337052504864104915e-02 -9.998164184178472136e-02 2.140115167920558226e-01 -6.133885151166224708e-02 nan nan nan nan nan nan nan nan nan nan nan nan nan nan nan nan nan nan
nan nan nan nan nan nan 1.881877574521140239e-02 2.458293479571512993e-02 -1.101012257474602990e-01 3.970425070293188974e-02 nan nan 9.078294645980349714e-03 nan nan nan nan nan nan nan nan nan nan nan nan nan nan nan
nan nan nan nan nan 3.849640725773902789e-02 -3.336358409760653565e-02 2.678267335712930172e-02 -1.343001640291011933e-01 -9.747813939823789242e-03 nan nan nan nan nan nan nan nan nan nan nan nan nan nan nan nan nan nan
nan nan nan nan nan 2.393625360269163033e-02 1.189520955049144270e-02 8.511743035323743713e-04 -2.238347188431345954e-03 -3.226789626402256500e-02 3.134515987371012946e-02 nan nan nan nan nan nan nan nan nan nan nan nan nan nan nan nan nan
nan nan nan nan nan 3.591541006729532387e-02 -3.929043866068501062e-02 6.917308246248310422e-02 -1.152895599137603033e-02 -9.674361803814494898e-02 4.457388812211834223e-02 6.173638256028358626e-03 nan -4.519090702576783469e-02 nan nan nan nan nan nan nan nan nan nan nan nan nan nan
nan nan nan nan nan -1.545218540050168586e-02 8.064510930179990753e-03 -7.068837001608689607e-02 6.933397232494078566e-05 -6.123438384706399867e-02 -1.277246577127909011e-01 -1.980514947818862448e-01 6.045758549056081538e-02 5.419535117624364046e-02 -7.384187983591964342e-03 nan nan nan nan nan nan nan nan nan nan nan nan nan
nan nan nan nan nan -1.899574539833570955e-02 -3.985589047147709146e-02 -1.748113039337501756e-02 -1.125835951244974140e-02 1.633129274993806029e-02 -2.003546263110347198e-02 8.207055814337975083e-03 -1.812426455609694176e-01 -9.894404748051509324e-02 2.180000063902222049e-02 -2.383029341834346903e-03 -3.127717921140072549e-02 nan nan nan nan nan nan nan nan nan nan nan
nan nan nan nan nan nan -5.395789451231806921e-03 5.441553927777544909e-03 2.315430171324867753e-03 -4.134567889276878280e-03 5.016020437440444485e-03 4.675153807246213702e-04 -1.558790191098991841e-02 -1.102970445887641038e-01 -1.687380346263912811e-02 2.815760502977155549e-02 -2.097943105063635599e-02 -1.964976801948617978e-03 nan nan nan nan nan nan nan nan nan nan
nan nan nan nan nan nan nan -2.260307931298247835e-02 9.291739334842762489e-04 2.352748549982134913e-03 3.027877546473262908e-03 -2.361785585638217361e-02 -2.025120005658533409e-02 -2.740639535514720684e-02 -1.314126268478169601e-01 -1.271345546946749394e-01 1.460840203196791393e-02 7.922212796694843434e-03 -2.167452221779339258e-02 nan nan -4.962527661624424602e-02 nan nan nan nan nan nan
nan nan nan nan nan nan nan 7.762492155002480862e-04 3.219924934382094577e-03 -3.377845837333327134e-02 -1.452773791542489798e-02 -3.688225459805916095e-02 -5.894454541711684203e-02 -2.094989187652914961e-02 -3.656290083629951809e-02 -1.244085775127062171e-01 -1.213730105532275783e-01 -1.414745462371140017e-01 -4.874912280990096464e-02 -1.898631567922851732e-02 -1.923448598734028153e-02 -3.160146873083168745e-02 -8.471075307493861756e-03 nan nan nan nan nan
nan nan nan nan nan nan nan nan -1.618371295868287207e-02 9.109756327611477980e-03 1.897512119974961243e-03 -1.328100328936573753e-02 -1.816397846298571303e-02 -2.553646388600168057e-02 -1.774104719794457330e-02 -1.168579688226461209e-02 -1.512474875676299291e-01 3.980454798836473990e-02 -8.701893847969729631e-03 -6.745013413485879961e-02 9.396758313006087909e-03 -6.010368417644658531e-04 2.413464693028504957e-02 8.157033286563102406e-03 nan nan nan nan
nan nan nan nan nan nan nan nan nan -1.329362230401999988e-02 -3.374376160007643531e-03 1.525338164470831440e-02 -6.341129517232305633e-03 -7.220461985814833478e-03 -1.502130079250902674e-02 -3.644276166461417332e-02 -3.910478382251744017e-02 -9.703942643453382366e-02 1.659176342305265089e-02 -2.524843944249523936e-02 -3.985732258792736016e-02 -3.367377048065718637e-02 -2.857740494165755818e-02 -2.084675497936794644e-02 nan -4.115541411939663274e-02 nan nan
nan nan nan nan nan nan nan nan nan nan 1.957955188924604961e-01 1.187136890193596535e-02 -1.274109875610490846e-03 -1.165586644337674284e-03 -5.995930685800033959e-03 -4.121560882285139199e-02 -1.868574758595272292e-02 -4.700075722987123034e-02 -1.461190727169638104e-01 -1.778643373788104942e-01 -9.204103352891905565e-02 -3.993179244384661292e-03 -7.770491516061661663e-02 -5.037554393719637785e-02 -2.256172426958043958e-02 -2.534730269222736088e-02 nan nan
nan nan nan nan nan nan nan nan nan nan nan nan 1.538396397916977874e-02 1.589681035636423406e-02 -2.762324675572839366e-02 -2.911517136759048108e-02 -3.626930132841373750e-02 1.489059435538317953e-02 -9.064925125055187105e-02 5.146227133120167413e-02 -3.546146832240232999e-02 -5.725221832783679993e-02 -3.003104493550325105e-02 -3.149301670952607546e-02 -2.098564030722022133e-02 -9.878284685236445040e-03 nan nan
nan nan nan nan nan nan nan nan nan nan nan nan nan 1.396735921619145400e-02 2.916429327064708980e-03 3.697447920288206291e-02 3.128329959828448064e-03 -5.984304822489758952e-02 -2.965917423096144784e-02 6.298738966426781216e-02 5.302343405447251801e-02 -2.928624245317823158e-02 -2.240544304377426257e-02 -3.850001924567653111e-02 7.813702463998003708e-03 -5.944542510090110483e-03 nan nan
nan nan nan nan nan nan nan nan nan nan nan nan nan nan nan -3.273910208822935347e-02 7.260335361736663939e-02 -1.738345462986744250e-02 -2.546342419751886771e-02 -3.279266107629498495e-02 -1.693768448476127772e-03 8.507046730408915347e-02 -5.567671269972561399e-02 3.409298766609149961e-02 -1.575996997785314088e-02 4.206231816878457618e-03 nan nan
nan nan nan nan nan nan nan nan nan nan nan nan nan nan nan nan nan 2.091307025975308043e-01 1.073070855767266074e-01 1.048180154684763971e-01 1.416998564128713334e-01 -1.578928498364331329e-02 7.908702939263773102e-02 2.753731589874350988e-02 3.070067246464830077e-02 1.044553522380252918e-02 -4.145173124926872059e-03 nan
nan nan nan nan nan nan nan nan nan nan nan nan nan nan nan nan nan nan nan nan 8.409749898591360739e-02 nan nan -6.344581737402027466e-02 -2.872951776765042542e-02 -2.394862575272571625e-02 nan nan
