nan nan nan 1.507678676759057201e-01 -4.271235214859549212e-02 nan nan nan nan nan nan nan nan nan nan nan nan nan nan nan nan nan nan nan nan nan nan nan
nan nan nan -8.889225654676469190e-02 1.048645637712491280e-02 -1.181454970810632242e-02 -1.608402467312960715e-01 nan nan nan nan nan nan nan nan nan nan nan nan nan nan nan nan nan nan nan nan nan
nan nan 6.081612062062520530e-02 3.466708136563539239e-02 -1.406652819833544878e-02 -3.177236946604916623e-02 4.271039879951718521e-02 -1.670799122805408654e-01 nan nan nan nan nan nan nan nan nan nan nan nan nan nan nan nan nan nan nan nan
nan 4.671543714291737093e-02 -1.097334100071503948e-01 -2.308910116449233024e-02 5.968113924079490595e-02 -1.087034930851127623e-01 -2.447452591582711945e-02 -3.793212999989906131e-02 -9.564430556580633125e-02 nan nan nan nan nan nan nan nan nan nan nan nan nan nan nan nan nan nan nan
nan 6.641625757217128889e-02 4.758471972771337322e-02 1.642136226343420824e-01 1.080975962449869099e-01 5.400040917518745057e-04 2.208257372932663845e-03 -1.262142795046126420e-01 -1.047449344224780504e-01 -1.866857036067206266e-01 nan nan nan nan nan nan nan nan nan nan nan nan nan nan nan nan nan nan
1.580152317199075840e-01 -2.251324809751933248e-02 4.536301383888909772e-03 4.931194053110039832e-02 1.316658006862127771e-02 -4.764588721725857706e-02 -2.708995747742140928e-02 -1.114116300996192410e-01 5.834591577347634367e-02 nan nan nan nan nan nan nan nan nan nan nan nan nan nan nan nan nan nan nan
4.787566439493706749e-02 2.149568777955397358e-01 8.679993552848473681e-02 -2.507322823629376529e-02 -1.393455407239084856e-02 2.443856876943470858e-03 -1.059000985440571203e-03 -1.092920955739770661e-01 -9.181554683845455367e-02 nan nan nan nan nan nan nan nan nan nan nan nan nan nan nan nan nan nan nan
2.130804184800561343e-02 8.097406841585495785e-02 2.466016733179393072e-01 7.144484955493640710e-02 3.790222900415674001e-02 1.401681777967320464e-01 3.502076471671481533e-02 -1.737191618040236085e-01 -8.045022758606434898e-02 nan nan nan nan nan nan nan nan nan nan nan nan nan nan nan nan nan nan nan
nan 5.117137777096562173e-02 -5.947821029902759793e-03 4.563864812207790028e-02 4.031199471157326936e-02 1.584912080251882349e-01 5.769065130732378699e-02 -3.516299611811353823e-03 7.078856765006470708e-02 -1.338788599491811671e-01 nan nan nan nan nan nan nan nan nan nan nan nan nan nan nan nan nan nan
nan -2.822505481428718571e-02 5.939578238372811292e-02 1.014716346050481555e-01 5.992865136035356588e-02 9.457534312951809685e-02 1.263995576804473331e-01 3.236795785615210249e-03 -1.456655718797871257e-01 -1.120868320437790749e-01 nan nan nan nan nan nan nan nan nan nan nan nan nan nan nan nan nan nan
nan 4.131959425468389319e-02 8.025190528972608525e-03 -4.811422701876848229e-02 6.189112885490997279e-02 1.187149198015172991e-01 -3.767961712822932158e-02 2.287710605806463245e-03 4.283016451879444186e-02 -5.676011233931851918e-02 nan nan nan nan nan nan nan nan nan nan nan nan nan nan nan nan nan nan
nan nan -1.515595649720642007e-02 6.209764306888587715e-02 -1.343766383968613342e-03 3.488334282578749862e-02 9.428380663188352939e-02 -7.679473159852116815e-02 2.512405504695301023e-02 9.387297091078292133e-02 nan nan nan nan nan nan nan nan nan nan nan nan nan nan nan nan nan nan
nan nan 2.594473253432950585e-02 3.245286340443854362e-02 -1.253178192900321862e-02 nan 4.995583004323364204e-03 -2.516705837682073343e-02 -6.282836069413108571e-02 -1.254896748533635698e-01 nan nan nan nan nan nan nan nan nan nan nan nan nan nan nan nan nan nan
nan nan nan nan nan nan 2.277716469824096410e-02 2.114953007365549115e-02 -1.146030875746128080e-01 -7.745936939698443158e-02 nan nan 1.378700088049813754e-01 nan nan nan nan nan nan nan nan nan nan nan nan nan nan nan
nan nan nan nan nan 3.041535983117187383e-02 -4.016057229072067525e-02 2.644280130282228303e-02 -5.957083074614437368e-02 -6.083046913291260266e-03 nan nan nan nan nan nan nan nan nan nan nan nan nan nan nan nan nan nan
nan nan nan nan nan 1.424564004215570119e-02 1.029125808931494711e-02 1.981482739605390855e-02 1.536695862023267252e-03 -1.342672678317540225e-01 -3.289330062920912956e-02 nan nan nan nan nan nan nan nan nan nan nan nan nan nan nan nan nan
nan nan nan nan nan 2.296580175947926863e-02 -3.167424131501147405e-02 3.235761172133941321e-02 2.612818637730388287e-03 -8.946408159761098933e-02 -1.142225948158527744e-02 2.695825752368543118e-02 nan -1.907995693663172565e-02 nan nan nan nan nan nan nan nan nan nan nan nan nan nan
nan nan nan nan nan 3.023465174679348597e-02 3.724888809973039578e-03 -5.969325758164296253e-02 -2.534813794872887299e-02 -6.202720946572064242e-02 -1.598511383822695531e-01 -2.168511812488868040e-01 -2.192521444156636870e-02 1.881706887596421712e-02 -1.682241951297132332e-02 nan nan nan nan nan nan nan nan nan nan nan nan nan
nan nan nan nan nan -1.507050316948968516e-01 -7.994379345480419341e-02 -1.445026943216819355e-02 -1.640266354276364788e-02 1.681479365821132374e-02 -2.120099554193898700e-02 1.695942770046263495e-03 -1.573237935551491662e-01 -7.640758288344180749e-02 -9.514615756139803253e-04 -1.666365219533267814e-02 -1.863104881246053016e-02 nan nan nan nan nan nan nan nan nan nan nan
nan nan nan nan nan nan -2.148039745405213446e-02 -5.024278461566235613e-04 -2.054199070820448420e-02 -2.086421578060394452e-02 -2.585189151970044945e-03 -8.135033720430024512e-03 -2.270296593294658660e-02 -8.953919350441413849e-02 -3.625661289794589182e-02 2.820350431821123591e-02 -2.524615725899272134e-02 -3.284493329629650099e-02 nan nan nan nan nan nan nan nan nan nan
nan nan nan nan nan nan nan -1.931472911608807805e-03 -2.010920279252770455e-03 -4.930350100252609176e-03 -3.622134499664279948e-03 -4.067849625921349938e-02 -3.470863980865337289e-02 -4.806977268682016691e-02 -1.404624706624682806e-01 -6.911256263894763330e-02 1.359021232457990544e-02 1.044466597275252881e-03 -3.933280259516449412e-02 nan nan nan nan nan nan nan nan nan
nan nan nan nan nan nan nan 1.828924545902065740e-02 3.097541539583213710e-02 -2.526960179070054935e-02 -1.666791253643430670e-02 -1.972962206722853745e-02 -5.679334475075445421e-02 -4.248381370992279638e-02 -4.363183274137041878e-02 -1.774667561999093979e-01 -9.083235161819198933e-02 -1.430402959365728588e-01 -5.365344851603415927e-02 -2.698645465729433354e-02 -3.103946003518621294e-02 -3.714436734163464177e-02 nan nan nan nan nan nan
nan nan nan nan nan nan nan nan -4.834742994987020759e-02 -1.343218810717763077e-02 -8.870096513845748126e-03 -1.040900846290822475e-02 -1.923308993476679704e-02 -3.784261376339328325e-02 -3.922176603124463701e-02 -4.403817049330827765e-02 -1.525411150235945479e-01 4.410630457037824359e-02 -1.377595806012459935e-02 -7.222078628072524376e-02 -3.563745407347700817e-02 -3.090525287428663379e-02 -2.931747240600644441e-02 nan nan nan nan nan
nan nan nan nan nan nan nan nan nan 6.291798058782770153e-02 -1.191482217734590385e-02 2.324205785088111209e-02 -1.628676610056198001e-02 1.544533496729521942e-02 -9.958550790860389371e-03 1.114030940095783132e-03 -8.516351308537066511e-02 -1.082718346878593224e-01 6.247876457435866393e-02 -3.727641677714851193e-02 -5.559954178602703051e-02 -5.767885936997993457e-02 -4.409256692717093695e-02 -5.429398277258979527e-02 nan nan nan nan
nan nan nan nan nan nan nan nan nan nan 7.820769891930638706e-02 -1.684473352669029530e-03 9.721558436299466976e-03 -2.667903589850029612e-03 -1.903301220713994948e-02 -4.705993154881172452e-02 -3.495826945983490381e-03 -3.578899663118117330e-02 -1.711706454996627658e-01 -1.614922457852308035e-01 -4.744850386003802295e-02 3.125039663946326679e-02 -6.334256129744153530e-02 -4.950797080743911394e-02 -3.637401177032995037e-02 -2.124074744435486967e-02 nan nan
nan nan nan nan nan nan nan nan nan nan nan nan 2.816657078999128608e-02 -3.887554608354419779e-04 1.550002456366772821e-02 3.754572909599715458e-02 1.912607490301515556e-02 1.931259140180696535e-03 -5.858677633512783534e-02 7.015369438572279437e-04 -1.168317792381425857e-01 -8.312161556951747077e-02 2.126575720573359307e-02 -4.621443200684207352e-03 -1.557277724570939846e-02 -8.615987761680047458e-03 nan nan
nan nan nan nan nan nan nan nan nan nan nan nan nan 2.341832377403018500e-02 3.309913044650033501e-03 3.340362927189714087e-02 1.315654389519721468e-02 -8.219779429276559413e-02 -4.281258603278353947e-02 4.235260214041011717e-02 5.818450155035705812e-02 4.760142536439355282e-02 2.160921664425886554e-02 -4.405844546438227038e-02 6.634374170286835154e-03 1.502391993526256764e-03 nan nan
nan nan nan nan nan nan nan nan nan nan nan nan nan nan nan 5.867881456280907987e-02 -3.099965300981409599e-03 5.745220930144098737e-02 6.031264869121302774e-02 8.783653245876826832e-02 7.197397451802092783e-02 1.281392780453103897e-01 -3.401744268861265491e-02 -3.421641605697833821e-02 9.213082181081747729e-04 9.521703956388920601e-03 nan nan
nan nan nan nan nan nan nan nan nan nan nan nan nan nan nan nan nan 8.343855079261847107e-02 1.050912067849245624e-01 3.483387322321165880e-02 1.639498707134753597e-01 -6.151299583683897398e-02 3.224690483984309075e-02 2.818813537757731275e-02 -1.707473634873622748e-02 1.241582328862238238e-02 -5.137391727057185123e-03 nan
nan nan nan nan nan nan nan nan nan nan nan nan nan nan nan nan nan nan nan nan 7.315852120650134793e-02 nan nan -9.075843993970346413e-02 3.393874732477263068e-02 6.539192326435921791e-03 nan nan
