nan nan nan -9.649616793352976118e-02 -2.454760188465925086e-02 nan nan nan nan nan nan nan nan nan nan nan nan nan nan nan nan nan nan nan nan nan nan nan
nan nan nan 8.194895222667916007e-03 -1.049867926568019000e-01 -3.524608113676994808e-02 -1.072764029505597905e-01 nan nan nan nan nan nan nan nan nan nan nan nan nan nan nan nan nan nan nan nan nan
nan nan -1.734774839341213411e-03 -6.100730644220389229e-03 7.792213452925322859e-02 -3.074093262487681555e-02 9.932734567430337447e-03 -1.248352096480772194e-01 nan nan nan nan nan nan nan nan nan nan nan nan nan nan nan nan nan nan nan nan
nan 6.171899736537320852e-02 1.417854228999402277e-01 2.661305470075878699e-01 4.952650411643703260e-02 -4.941595188524940119e-02 -5.990960714976931861e-02 -5.244808055320334533e-02 -6.911580240881899651e-02 nan nan nan nan nan nan nan nan nan nan nan nan nan nan nan nan nan nan nan
nan 8.075031232102909684e-02 1.437426865539901122e-01 -7.834505231913151124e-02 -1.471790523703250635e-02 4.820499491649255820e-03 6.858019036430591971e-03 -1.310528000818145522e-01 -1.327353677629948547e-01 -1.590815471885385357e-01 nan nan nan nan nan nan nan nan nan nan nan nan nan nan nan nan nan nan
2.405975396908880126e-01 -7.347433568073867896e-03 -4.694326786952330438e-02 1.186343796746391760e-01 -1.293928558993502342e-01 -6.309918241724508936e-02 -3.103195091165929839e-03 -8.729115794327790834e-02 2.226772558723669887e-02 nan nan nan nan nan nan nan nan nan nan nan nan nan nan nan nan nan nan nan
3.480879012877203388e-02 4.836716060528981759e-02 -1.032698663655448948e-02 8.399532810519906578e-02 1.509410430856933660e-01 1.251796315381235869e-01 -4.593882466889660093e-02 -1.401916522666150633e-01 -6.713602070333624106e-02 nan nan nan nan nan nan nan nan nan nan nan nan nan nan nan nan nan nan nan
-5.374534186950087611e-02 9.352107419993203885e-02 4.866734962339527848e-02 4.079240065153839218e-02 2.781378876181042278e-02 -6.740043560327532886e-03 4.080339358716027209e-02 -8.887567069359560146e-02 -6.112731889941463298e-02 nan nan nan nan nan nan nan nan nan nan nan nan nan nan nan nan nan nan nan
nan -1.090132516001473054e-03 9.755571354835587683e-02 -2.484022163978119591e-02 1.030828150259348458e-01 5.817971271074504763e-02 8.840180035313223439e-02 -1.357183324941713953e-01 1.074791254066041896e-01 -1.162655105021745544e-01 nan nan nan nan nan nan nan nan nan nan nan nan nan nan nan nan nan nan
nan -2.981039205126932712e-02 -2.189453597707916033e-02 1.394965064158273094e-01 7.595165946607924934e-02 9.062327317595032794e-02 1.222626375431087875e-02 8.733917722269828043e-02 -1.950900414099765445e-01 -1.114781327897345908e-01 nan nan nan nan nan nan nan nan nan nan nan nan nan nan nan nan nan nan
nan 5.342642864651284823e-02 5.433648832878975460e-02 -5.381880490868094780e-03 1.047647636656389922e-02 7.925150479575432394e-02 2.855423147445791676e-02 -4.640679094997952198e-02 1.019973875294166860e-01 -2.208292371310474969e-02 nan nan nan nan nan nan nan nan nan nan nan nan nan nan nan nan nan nan
nan nan -5.860893922940583166e-03 2.128111229190952913e-02 1.607788318691095314e-02 1.663677474366632644e-02 4.665492209840012977e-02 -1.068008449618125938e-01 -4.170151764654244503e-02 8.501610309722440473e-02 nan nan nan nan nan nan nan nan nan nan nan nan nan nan nan nan nan nan
nan nan 3.564588533267465387e-02 8.259134157170600066e-02 -4.563096403176610145e-03 nan -5.085610196102713365e-02 -8.732135840823346262e-02 -3.522726341021609198e-02 -1.320870641060715167e-01 nan nan nan nan nan nan nan nan nan nan nan nan nan nan nan nan nan nan
nan nan nan nan nan nan 4.811508859392709531e-02 9.053842918591094345e-04 -2.419367427716394639e-02 -4.652284254612398806e-02 nan nan -4.576714120470669334e-02 nan nan nan nan nan nan nan nan nan nan nan nan nan nan nan
nan nan nan nan nan 4.067322428354708946e-02 -3.012852708976377150e-02 1.096924690192588314e-02 -9.874273707457666138e-02 2.124194991304482680e-02 nan nan nan nan nan nan nan nan nan nan nan nan nan nan nan nan nan nan
nan nan nan nan nan 2.610368191805801860e-02 -2.382421145354866182e-02 2.952027467950100667e-02 -1.745577152263283818e-02 -1.566418070638734006e-01 -2.211926851693036405e-02 nan nan nan nan nan nan nan nan nan nan nan nan nan nan nan nan nan
nan nan nan nan nan 3.609162983965417959e-02 1.916740503023061856e-02 2.035128005803091278e-02 -4.375297695598428572e-04 -7.468860759796318305e-02 1.173312406939146582e-02 2.687999602880042360e-02 nan -1.579876884030529186e-02 nan nan nan nan nan nan nan nan nan nan nan nan nan nan
nan nan nan nan nan 3.077725324692328918e-03 5.066613201824541647e-03 -4.067422360880863785e-02 -3.799007725528417978e-02 -4.735140982216969746e-02 -1.263568661188494979e-01 -1.869649507486340623e-01 -1.026562110423809293e-02 2.518231739468659164e-02 -1.375718712573707064e-02 nan nan nan nan nan nan nan nan nan nan nan nan nan
nan nan nan nan nan -6.342325642099741478e-02 -6.613986090709048082e-02 -2.648588816792602982e-02 -9.851364092972944922e-03 -6.048963506935352286e-03 -1.907912014790372549e-02 -6.964769859826407984e-03 -1.523912180809604000e-01 -1.109498511742803006e-01 4.067595794172625470e-03 -2.501806838938928912e-02 nan nan nan nan nan nan nan nan nan nan nan nan
nan nan nan nan nan nan -2.884533367472304211e-03 4.129186449024648160e-03 -7.543345535225340522e-03 -1.675377113116609945e-02 -1.952053864747587200e-02 -2.857328739614300311e-02 -1.081143572175082522e-02 -6.607103983907576528e-02 -5.985764946068232450e-02 1.220841689754727580e-02 nan nan nan nan nan nan nan nan nan nan nan nan
nan nan nan nan nan nan nan -1.032583272457653772e-02 5.718058919734229570e-03 9.277068667087577311e-03 -1.238781649230203535e-02 -3.750136905917954289e-02 -2.439819538525389575e-02 -6.494125419614792463e-03 -6.732035745042033725e-02 -1.105465273289932687e-01 3.503584537019780766e-03 nan nan nan nan nan nan nan nan nan nan nan
nan nan nan nan nan nan nan -1.050102346793601628e-02 4.977919504532896285e-03 -1.875426000021809467e-02 -7.847373405450894582e-03 -3.128120474922638922e-02 -7.673133108002175296e-02 -3.522289491302432740e-02 1.352851940700839500e-02 -8.786653248795835147e-02 -1.279015396512553637e-01 -1.294281281440242404e-01 nan nan nan nan nan nan nan nan nan nan
nan nan nan nan nan nan nan nan 2.357287259515749439e-02 3.295086496292935069e-02 -1.069734338557275927e-02 -2.021908534225535722e-02 -2.852453709628821263e-02 -8.337555203438562490e-02 -1.180785471267040143e-01 -3.030178539222475390e-02 -1.075663474855727136e-01 3.874123991750293150e-02 6.068711600441274896e-03 nan nan nan nan nan nan nan nan nan
nan nan nan nan nan nan nan nan nan -3.970041999683402573e-03 3.253115139624583596e-02 1.636527067785447861e-02 -1.191332374858085179e-02 -3.272542293175784156e-02 -2.132749711704560059e-03 -1.267663441001777754e-02 -3.499015268570249831e-02 -1.223908232942991225e-01 -4.010389567360922621e-03 -3.574587743477589119e-02 nan nan nan nan nan nan nan nan
nan nan nan nan nan nan nan nan nan nan -2.022368633492107378e-03 2.924927356486388495e-03 2.758650280324573528e-03 1.898697420589715024e-02 -3.191182423277348634e-02 -4.929616281603687450e-02 5.355151291059559449e-02 9.843987693549141951e-03 -1.046438834386265310e-01 -1.626463211912742013e-01 -8.875656789194913410e-02 nan nan nan nan nan nan nan
nan nan nan nan nan nan nan nan nan nan nan nan 4.851379819996596426e-02 1.599768231290003839e-02 -1.342861779111919479e-02 7.216510067726203403e-02 -2.972221091602032794e-02 3.933445553062483308e-02 -5.732535082630452368e-03 3.350069047338692652e-02 -7.239175001385622643e-02 -5.136234955184473122e-02 -3.327546522370745247e-02 nan nan nan nan nan
nan nan nan nan nan nan nan nan nan nan nan nan nan 2.573080386199849343e-02 2.449934459084241595e-02 -4.300029896760352958e-03 1.226425611485640332e-02 -4.660266914924293680e-02 -1.016864986858554559e-01 2.030807467625279222e-02 1.942770036075317647e-02 -2.909787742978006686e-02 -2.640206476469221172e-02 -1.977917666468834504e-02 1.202425410498572482e-02 nan nan nan
nan nan nan nan nan nan nan nan nan nan nan nan nan nan nan 3.609837381629362602e-02 -5.432567332327258025e-02 3.930440767252849077e-02 -1.122069483723374048e-02 7.315185721610520386e-02 1.844835827823268493e-02 8.116154445454368260e-02 3.910331614150111545e-02 -1.145071548019361597e-02 -6.142519109176586972e-03 nan nan nan
nan nan nan nan nan nan nan nan nan nan nan nan nan nan nan nan nan 1.513480056293806664e-01 -1.272504006623334794e-01 1.383339356282579091e-01 1.117124800826197473e-01 2.123470491400675231e-02 5.074828718857492260e-02 5.262647821649248797e-02 2.052384401247054138e-02 nan nan nan
nan nan nan nan nan nan nan nan nan nan nan nan nan nan nan nan nan nan nan nan 6.857050795539995636e-02 nan nan -1.789507709380856737e-02 nan nan nan nan
