nan nan nan 3.651474632829938838e-02 -7.208283531534821764e-02 nan nan nan nan nan nan nan nan nan nan nan nan nan nan nan nan nan nan nan nan nan nan nan
nan nan nan -3.427173600074574084e-02 3.808599678188372833e-03 -4.304808809363696448e-02 -1.782439563558481377e-01 nan nan nan nan nan nan nan nan nan nan nan nan nan nan nan nan nan nan nan nan nan
nan nan 6.462519495621320276e-02 8.351484278689455532e-02 -4.260988913994165350e-02 -1.793065196574869513e-02 8.140800056483186997e-02 -1.844408855861605634e-01 nan nan nan nan nan nan nan nan nan nan nan nan nan nan nan nan nan nan nan nan
nan 1.453731516234260390e-01 -1.745902593157076799e-02 1.129529522582619905e-01 1.790742535962995541e-02 1.931224127067276974e-02 -6.126997068835486615e-02 3.049872568289431138e-02 -7.062875728828706123e-02 nan nan nan nan nan nan nan nan nan nan nan nan nan nan nan nan nan nan nan
nan -3.115252249421495215e-02 9.726050969923920320e-02 1.035637098026529895e-01 3.338865573873987108e-02 -7.354428864610682189e-03 -4.643160232292423140e-02 -1.230698991650067131e-01 -1.471024421122919812e-01 -1.865955862909814134e-01 nan nan nan nan nan nan nan nan nan nan nan nan nan nan nan nan nan nan
1.541337580192515544e-01 1.640219457330677477e-01 4.708870921703871282e-02 1.474892804363342746e-01 6.587096369630546233e-02 -3.890348988733645375e-02 -3.046773188219510306e-03 -6.822637766155562056e-02 6.330955370351953881e-02 nan nan nan nan nan nan nan nan nan nan nan nan nan nan nan nan nan nan nan
1.463149179534353750e-02 1.488991020845636393e-01 -9.440722870290274224e-03 4.998832351970801391e-02 4.516405535508356828e-02 -5.229591755290067916e-03 1.301431673941763102e-02 -1.324130311527995096e-01 -2.028736216950229598e-01 nan nan nan nan nan nan nan nan nan nan nan nan nan nan nan nan nan nan nan
-1.758922967235456575e-02 -1.183360980401635364e-02 2.083536944542387914e-01 -2.105428712615489348e-02 -4.036140185355000659e-02 -1.742136838310522073e-02 1.085994443701195772e-01 -8.526467020582344236e-02 -1.046567924634139030e-01 nan nan nan nan nan nan nan nan nan nan nan nan nan nan nan nan nan nan nan
nan 6.492472054371958845e-02 -9.458115481447969264e-02 6.924179399550989267e-02 2.559819359095088509e-01 -5.638344530051315334e-02 5.091905283981051217e-03 -7.191501966131144674e-02 1.196014175561813456e-02 -1.341905636486608877e-01 nan nan nan nan nan nan nan nan nan nan nan nan nan nan nan nan nan nan
nan -1.288381564865038326e-02 7.262080094876173508e-02 5.166855207261605160e-02 5.313811620763048832e-02 1.334450433201401776e-01 4.976649569590037292e-02 2.901633404024078766e-02 -1.521336364250039652e-01 -1.426236055402800851e-01 nan nan nan nan nan nan nan nan nan nan nan nan nan nan nan nan nan nan
nan 7.364729462151839434e-02 5.998805175790193449e-03 -5.592193683724327319e-02 -1.402309395480504442e-02 3.894880115673697574e-02 1.094907378783329666e-01 -2.357085010616442183e-02 8.447438505261840869e-02 -3.148838700190223494e-02 nan nan nan nan nan nan nan nan nan nan nan nan nan nan nan nan nan nan
nan nan 2.466217667577689371e-02 1.076702480144793306e-01 -4.866127503305285942e-03 4.154887297790219904e-03 6.931154536015339540e-02 -1.223672789246811748e-01 3.157096118307319704e-02 9.688781639015428548e-02 nan nan nan nan nan nan nan nan nan nan nan nan nan nan nan nan nan nan
nan nan 1.194938817262871598e-04 1.036815478984426386e-02 5.160758519777600833e-02 nan -2.894016982026341445e-02 -6.678107698044220830e-02 -1.237700586916652828e-01 -1.154163014191800368e-01 nan nan nan nan nan nan nan nan nan nan nan nan nan nan nan nan nan nan
nan nan nan nan nan nan 3.082135612098677382e-02 1.024398971273298917e-02 -1.028387199481180098e-01 -3.998392366141388654e-02 nan nan 2.800775448451674546e-02 nan nan nan nan nan nan nan nan nan nan nan nan nan nan nan
nan nan nan nan nan 6.962612768988235556e-02 -4.857132857251683644e-02 4.726115240667681100e-02 -7.043300822784569204e-02 -2.793686269794557961e-02 nan nan nan nan nan nan nan nan nan nan nan nan nan nan nan nan nan nan
nan nan nan nan nan -1.287801275129059342e-02 1.329432778416819207e-02 2.455899226836785396e-02 -1.534383411120356783e-03 -1.330887176049006804e-01 -7.689447375586221274e-03 nan nan nan nan nan nan nan nan nan nan nan nan nan nan nan nan nan
nan nan nan nan nan 2.364943032274499646e-02 -2.796290282001073074e-02 2.667006867183038463e-02 -1.035708763075868753e-02 -7.521978832176520746e-02 -5.174998903071444112e-03 7.772842684113436332e-03 nan -2.644507529945078900e-02 nan nan nan nan nan nan nan nan nan nan nan nan nan nan
nan nan nan nan nan 3.690288290167339710e-03 -2.378254943000048319e-02 -4.746301812868053416e-02 -2.710480620960568909e-02 -5.023260532503592141e-02 -1.545526690186222463e-01 -2.233242004666357305e-01 -4.373224065541278516e-02 2.156073481398286182e-02 -8.708720905439160803e-03 nan nan nan nan nan nan nan nan nan nan nan nan nan
nan nan nan nan nan -3.131450419264883434e-02 -7.607648338169817510e-03 1.672780463567867266e-03 5.507941539524289533e-03 2.719988120001615162e-02 1.647993238412402348e-02 3.685128782621984594e-02 -1.513741965083145458e-01 -1.183709587582620071e-01 1.135015606150808348e-02 -9.662230900924754021e-03 -2.555173926838264289e-02 nan nan nan nan nan nan nan nan nan nan nan
nan nan nan nan nan nan -3.189239636395780481e-02 -1.399232854297448141e-02 -2.743489835463184048e-02 -2.128745117680219331e-02 3.990872781935161061e-03 1.822944736867468732e-02 -5.262489675635015351e-03 -9.304321561583021871e-02 -4.677309239905819843e-02 3.160549452272557857e-03 -2.585729481449417291e-02 2.810488772877820299e-02 nan nan nan nan nan nan nan nan nan nan
nan nan nan nan nan nan nan -1.175363174846520350e-02 3.846191779155014485e-03 -4.856572570237037249e-03 -7.194319158739821869e-03 -4.042450108209952320e-02 -1.868336065425775429e-03 -2.865257636668331817e-02 -1.407074855140932057e-01 -8.265229366902841768e-02 1.157981476995909725e-02 7.293244551486002640e-03 -2.779598851430203910e-02 nan nan nan nan nan nan nan nan nan
nan nan nan nan nan nan nan 4.002069912788605577e-03 2.142320535206228282e-02 2.469794880152662974e-03 -9.928657826889512178e-03 -2.485992441128715563e-02 -7.980575877773961324e-02 -2.455701447496035691e-03 8.565834396830670355e-03 -1.452396628299243986e-01 -1.150853012654388802e-01 -1.300153653062402770e-01 -4.480920858569493320e-02 -1.107124478450617795e-02 -2.768430766299384560e-02 nan nan nan nan nan nan nan
nan nan nan nan nan nan nan nan -8.945482870294367561e-02 -2.615695878545863662e-02 -2.763283543192069508e-02 -2.570754158462291647e-02 -1.361808561556484415e-02 -3.707978092620758948e-02 -5.636751592551703799e-02 -4.081208926048822926e-03 -9.415031880818457155e-02 2.781582361016450566e-02 -9.697283620143925045e-03 -6.830923277021960782e-02 -3.093887233218953203e-02 -1.692301090161657529e-02 nan nan nan nan nan nan
nan nan nan nan nan nan nan nan nan -8.616448333114630140e-03 -1.272105989296859647e-02 1.125938581503105676e-02 -6.625876537021862037e-03 -1.580310454217598651e-02 2.469948280455375525e-03 -2.825746644739845700e-02 -6.615670515466257062e-02 -1.257952586883918922e-01 -2.126059632433441576e-03 -3.544527327916553727e-02 -5.882753875800156296e-02 -6.814995934642711917e-02 -3.709284358634899054e-02 -5.768923618298889971e-03 nan nan nan nan
nan nan nan nan nan nan nan nan nan nan 8.964606310768943875e-02 1.687424725343274548e-02 -7.411482907912151329e-03 -4.183381200366352321e-04 -6.591857934927540519e-02 -1.058062491461519115e-02 -1.542259666171073851e-02 -1.137982654998993121e-02 -1.245297874204950583e-01 -1.360509625969208436e-01 -8.504528157769138119e-02 -1.147658975155973517e-02 -6.407585484824478150e-02 -3.262722045090548501e-02 -5.304560372451317535e-02 -3.214623947881522364e-02 nan nan
nan nan nan nan nan nan nan nan nan nan nan nan 3.287911718990760290e-02 2.133460080833540773e-02 -1.857449047140746420e-02 -3.725163799366634082e-02 3.790060327951150915e-02 -1.966068030122038873e-02 7.815287691391201164e-02 1.585460840953230310e-02 -1.033109092360780801e-01 -9.748626733956185231e-02 -3.440580417885474862e-02 -1.670003062851836001e-02 -1.457822000710682665e-02 -4.287254693509798742e-04 nan nan
nan nan nan nan nan nan nan nan nan nan nan nan nan 3.204920318189688477e-02 1.091041637443172091e-02 1.242579886991174512e-02 4.117355368340024080e-02 -1.257548869964606741e-01 -3.688297919624337895e-02 -2.683393190136878353e-02 -2.589146218081138720e-03 -2.083914770879302311e-02 -4.231656521010713351e-02 -1.921408251434088494e-03 1.035959799258269649e-02 7.417497370596706427e-03 nan nan
nan nan nan nan nan nan nan nan nan nan nan nan nan nan nan 3.644181027249251970e-02 -3.939162501731656614e-03 -4.263830320702559351e-02 -1.132746365917203929e-02 -2.692285502094479005e-02 3.502359952273791099e-02 1.073298541424954206e-01 -7.933899268552806194e-02 -5.542525244296166165e-02 8.139842606520352386e-04 1.271657877578166555e-02 nan nan
nan nan nan nan nan nan nan nan nan nan nan nan nan nan nan nan nan -7.517772235509861435e-03 1.546929164699895609e-01 1.752288464328720097e-01 9.309208514804448442e-02 3.428690043311418550e-02 2.583900164831743132e-02 5.383699563809695582e-02 4.148966456965726135e-03 9.875527693894521966e-03 -6.388128512147221195e-03 nan
nan nan nan nan nan nan nan nan nan nan nan nan nan nan nan nan nan nan nan nan 1.567403729889516387e-02 nan nan -2.190519381300895518e-02 5.110753468582934084e-02 -3.405767782002580178e-04 nan nan
