0.000000000000000000e+00 0.000000000000000000e+00 0.000000000000000000e+00 0.000000000000000000e+00 0.000000000000000000e+00 0.000000000000000000e+00 0.000000000000000000e+00 0.000000000000000000e+00 0.000000000000000000e+00 0.000000000000000000e+00 0.000000000000000000e+00 0.000000000000000000e+00 0.000000000000000000e+00 0.000000000000000000e+00 0.000000000000000000e+00 0.000000000000000000e+00 0.000000000000000000e+00 0.000000000000000000e+00 0.000000000000000000e+00 0.000000000000000000e+00 0.000000000000000000e+00 0.000000000000000000e+00 0.000000000000000000e+00 0.000000000000000000e+00 0.000000000000000000e+00 0.000000000000000000e+00 0.000000000000000000e+00 0.000000000000000000e+00
0.000000000000000000e+00 nan 0.000000000000000000e+00 0.000000000000000000e+00 0.000000000000000000e+00 0.000000000000000000e+00 0.000000000000000000e+00 nan nan nan nan nan nan nan nan nan nan nan nan nan nan nan nan nan nan nan nan 0.000000000000000000e+00
0.000000000000000000e+00 nan 0.000000000000000000e+00 0.000000000000000000e+00 0.000000000000000000e+00 0.000000000000000000e+00 0.000000000000000000e+00 0.000000000000000000e+00 nan nan nan nan nan nan nan nan nan nan nan nan nan nan nan nan nan nan nan 0.000000000000000000e+00
0.000000000000000000e+00 0.000000000000000000e+00 0.000000000000000000e+00 0.000000000000000000e+00 0.000000000000000000e+00 0.000000000000000000e+00 0.000000000000000000e+00 0.000000000000000000e+00 0.000000000000000000e+00 nan nan nan nan nan nan nan nan nan nan nan nan nan nan nan nan nan nan 0.000000000000000000e+00
0.000000000000000000e+00 0.000000000000000000e+00 0.000000000000000000e+00 0.000000000000000000e+00 0.000000000000000000e+00 0.000000000000000000e+00 0.000000000000000000e+00 0.000000000000000000e+00 0.000000000000000000e+00 0.000000000000000000e+00 nan nan nan nan nan nan nan nan nan nan nan nan nan nan nan nan nan 0.000000000000000000e+00
0.000000000000000000e+00 0.000000000000000000e+00 0.000000000000000000e+00 0.000000000000000000e+00 0.000000000000000000e+00 0.000000000000000000e+00 0.000000000000000000e+00 0.000000000000000000e+00 0.000000000000000000e+00 0.000000000000000000e+00 nan nan nan nan nan nan nan nan nan nan nan nan nan nan nan nan nan 0.000000000000000000e+00
0.000000000000000000e+00 0.000000000000000000e+00 0.000000000000000000e+00 0.000000000000000000e+00 0.000000000000000000e+00 0.000000000000000000e+00 0.000000000000000000e+00 0.000000000000000000e+00 0.000000000000000000e+00 nan nan nan nan nan nan nan nan nan nan nan nan nan nan nan nan nan nan 0.000000000000000000e+00
0.000000000000000000e+00 0.000000000000000000e+00 0.000000000000000000e+00 0.000000000000000000e+00 0.000000000000000000e+00 0.000000000000000000e+00 0.000000000000000000e+00 0.000000000000000000e+00 0.000000000000000000e+00 nan nan nan nan nan nan nan nan nan nan nan nan nan nan nan nan nan nan 0.000000000000000000e+00
0.000000000000000000e+00 0.000000000000000000e+00 0.000000000000000000e+00 0.000000000000000000e+00 0.000000000000000000e+00 0.000000000000000000e+00 0.000000000000000000e+00 0.000000000000000000e+00 0.000000000000000000e+00 0.000000000000000000e+00 nan nan nan nan nan nan nan nan nan nan nan nan nan nan nan nan nan 0.000000000000000000e+00
0.000000000000000000e+00 0.000000000000000000e+00 0.000000000000000000e+00 0.000000000000000000e+00 0.000000000000000000e+00 0.000000000000000000e+00 0.000000000000000000e+00 0.000000000000000000e+00 0.000000000000000000e+00 nan nan nan nan nan nan nan nan nan nan nan nan nan nan nan nan nan nan 0.000000000000000000e+00
0.000000000000000000e+00 0.000000000000000000e+00 0.000000000000000000e+00 0.000000000000000000e+00 0.000000000000000000e+00 0.000000000000000000e+00 0.000000000000000000e+00 0.000000000000000000e+00 0.000000000000000000e+00 4.528039897163034788e-01 nan nan nan nan nan nan nan nan nan nan nan nan nan nan nan nan nan 0.000000000000000000e+00
0.000000000000000000e+00 nan 0.000000000000000000e+00 0.000000000000000000e+00 0.000000000000000000e+00 0.000000000000000000e+00 0.000000000000000000e+00 0.000000000000000000e+00 nan nan nan nan nan nan nan nan nan nan nan nan nan nan nan nan nan nan nan 0.000000000000000000e+00
0.000000000000000000e+00 nan 0.000000000000000000e+00 0.000000000000000000e+00 0.000000000000000000e+00 0.000000000000000000e+00 0.000000000000000000e+00 0.000000000000000000e+00 nan nan nan nan nan nan nan nan nan nan nan nan nan nan nan nan nan nan nan 0.000000000000000000e+00
0.000000000000000000e+00 nan nan nan nan nan 0.000000000000000000e+00 0.000000000000000000e+00 0.000000000000000000e+00 nan nan nan nan nan nan nan nan nan nan nan nan nan nan nan nan nan nan 0.000000000000000000e+00
0.000000000000000000e+00 nan nan nan nan 0.000000000000000000e+00 0.000000000000000000e+00 0.000000000000000000e+00 0.000000000000000000e+00 nan nan nan nan nan nan nan nan nan nan nan nan nan nan nan nan nan nan 0.000000000000000000e+00
0.000000000000000000e+00 nan nan nan nan 0.000000000000000000e+00 0.000000000000000000e+00 0.000000000000000000e+00 0.000000000000000000e+00 3.057397535183327131e-01 1.037631255417378551e+00 nan nan nan nan nan nan nan nan nan nan nan nan nan nan nan nan 0.000000000000000000e+00
0.000000000000000000e+00 nan nan nan nan 0.000000000000000000e+00 0.000000000000000000e+00 0.000000000000000000e+00 0.000000000000000000e+00 0.000000000000000000e+00 0.000000000000000000e+00 1.103868607285767300e-01 nan nan nan nan nan nan nan nan nan nan nan nan nan nan nan 0.000000000000000000e+00
0.000000000000000000e+00 nan nan nan 0.000000000000000000e+00 0.000000000000000000e+00 0.000000000000000000e+00 0.000000000000000000e+00 0.000000000000000000e+00 0.000000000000000000e+00 0.000000000000000000e+00 0.000000000000000000e+00 1.296454290764814665e-02 2.312357991282442127e-01 5.101067466387121385e-01 nan nan nan nan nan nan nan nan nan nan nan nan 0.000000000000000000e+00
0.000000000000000000e+00 nan nan nan nan 0.000000000000000000e+00 0.000000000000000000e+00 0.000000000000000000e+00 0.000000000000000000e+00 0.000000000000000000e+00 0.000000000000000000e+00 0.000000000000000000e+00 0.000000000000000000e+00 3.580245626942791803e-01 6.831007868714005227e-01 nan nan nan nan nan nan nan nan nan nan nan nan 0.000000000000000000e+00
0.000000000000000000e+00 nan nan nan nan nan 0.000000000000000000e+00 0.000000000000000000e+00 0.000000000000000000e+00 0.000000000000000000e+00 0.000000000000000000e+00 0.000000000000000000e+00 0.000000000000000000e+00 0.000000000000000000e+00 1.698309613207152069e-01 5.364472897181076227e-01 nan nan nan nan nan nan nan nan nan nan nan 0.000000000000000000e+00
0.000000000000000000e+00 nan nan nan nan nan nan 0.000000000000000000e+00 0.000000000000000000e+00 0.000000000000000000e+00 0.000000000000000000e+00 0.000000000000000000e+00 0.000000000000000000e+00 0.000000000000000000e+00 0.000000000000000000e+00 2.416277311084195634e-01 3.999687300350795449e-01 5.462624821908321771e-01 8.438772641406102615e-01 nan nan nan nan nan nan nan nan 0.000000000000000000e+00
0.000000000000000000e+00 nan nan nan nan nan nan 0.000000000000000000e+00 0.000000000000000000e+00 0.000000000000000000e+00 0.000000000000000000e+00 0.000000000000000000e+00 0.000000000000000000e+00 0.000000000000000000e+00 0.000000000000000000e+00 0.000000000000000000e+00 8.882060890972525158e-01 7.325102457434693459e-01 4.239655566543115151e-01 1.878348310915587405e-01 2.373709387930922343e-01 -8.286934395182021795e-02 nan nan nan nan nan 0.000000000000000000e+00
0.000000000000000000e+00 nan nan nan nan nan nan nan 0.000000000000000000e+00 0.000000000000000000e+00 0.000000000000000000e+00 0.000000000000000000e+00 0.000000000000000000e+00 0.000000000000000000e+00 0.000000000000000000e+00 0.000000000000000000e+00 2.166207727132836991e-01 3.605759199512977853e-01 5.053431467541303901e-01 2.405432775442750692e-01 -4.771586080214440528e-03 -2.609630588780875726e-01 -6.168887040134450883e-01 nan nan nan 1.446757090044594740e-01 0.000000000000000000e+00
0.000000000000000000e+00 nan nan nan nan nan nan nan nan 0.000000000000000000e+00 0.000000000000000000e+00 0.000000000000000000e+00 0.000000000000000000e+00 0.000000000000000000e+00 0.000000000000000000e+00 0.000000000000000000e+00 0.000000000000000000e+00 5.064952506611006267e-02 1.697153573479545097e-01 3.028502656679843419e-02 5.500289633632655661e-01 4.024820776060917815e-01 1.005345835652132758e-01 4.981005221946133155e-02 nan nan -5.055536729960741216e-02 0.000000000000000000e+00
0.000000000000000000e+00 nan nan nan nan nan nan nan nan nan 0.000000000000000000e+00 0.000000000000000000e+00 0.000000000000000000e+00 0.000000000000000000e+00 0.000000000000000000e+00 0.000000000000000000e+00 0.000000000000000000e+00 0.000000000000000000e+00 5.346013283688762219e-02 3.282566121572477735e-02 2.605423070578127831e-01 2.381621228886705577e-01 1.421926309042100822e-01 -5.184023269203862777e-02 -3.240236244000560539e-01 4.276591052480405164e-02 3.800031433609085685e-02 0.000000000000000000e+00
0.000000000000000000e+00 nan nan nan nan nan nan nan nan nan nan nan 0.000000000000000000e+00 0.000000000000000000e+00 0.000000000000000000e+00 0.000000000000000000e+00 0.000000000000000000e+00 0.000000000000000000e+00 0.000000000000000000e+00 0.000000000000000000e+00 nan 3.321740929662883035e-01 3.687237795637839932e-01 4.136012381139061445e-01 5.598351478558469818e-01 5.417481267950277068e-01 1.946859304214740849e-01 0.000000000000000000e+00
0.000000000000000000e+00 nan nan nan nan nan nan nan nan nan nan nan nan 0.000000000000000000e+00 0.000000000000000000e+00 0.000000000000000000e+00 0.000000000000000000e+00 0.000000000000000000e+00 0.000000000000000000e+00 0.000000000000000000e+00 0.000000000000000000e+00 1.000143842665232735e-01 1.235795921654903456e-01 4.223635944526040742e-01 4.589964307466608551e-01 3.019971592484399503e-01 4.147166926434510681e-01 0.000000000000000000e+00
0.000000000000000000e+00 nan nan nan nan nan nan nan nan nan nan nan nan nan nan 0.000000000000000000e+00 0.000000000000000000e+00 0.000000000000000000e+00 0.000000000000000000e+00 0.000000000000000000e+00 0.000000000000000000e+00 0.000000000000000000e+00 0.000000000000000000e+00 1.039699336507442229e-01 5.749841827202182287e-01 4.756890645050861899e-01 3.184863898591629994e-01 0.000000000000000000e+00
0.000000000000000000e+00 nan nan nan nan nan nan nan nan nan nan nan nan nan nan nan nan 0.000000000000000000e+00 0.000000000000000000e+00 0.000000000000000000e+00 0.000000000000000000e+00 0.000000000000000000e+00 0.000000000000000000e+00 3.243429664809127644e-02 3.713676381817833105e-01 3.572972866588725038e-01 -1.368498264664321784e-01 0.000000000000000000e+00
0.000000000000000000e+00 0.000000000000000000e+00 0.000000000000000000e+00 0.000000000000000000e+00 0.000000000000000000e+00 0.000000000000000000e+00 0.000000000000000000e+00 0.000000000000000000e+00 0.000000000000000000e+00 0.000000000000000000e+00 0.000000000000000000e+00 0.000000000000000000e+00 0.000000000000000000e+00 0.000000000000000000e+00 0.000000000000000000e+00 0.000000000000000000e+00 0.000000000000000000e+00 0.000000000000000000e+00 0.000000000000000000e+00 0.000000000000000000e+00 0.000000000000000000e+00 0.000000000000000000e+00 0.000000000000000000e+00 0.000000000000000000e+00 0.000000000000000000e+00 0.000000000000000000e+00 0.000000000000000000e+00 0.000000000000000000e+00
