nan nan nan 4.612167372608375911e-12 5.436961546216790252e-03 nan nan nan nan nan nan nan nan nan nan nan nan nan nan nan nan nan nan nan nan nan nan nan
nan nan nan 1.875933382322698863e-13 4.150415218455580100e-06 9.840547930510125108e-01 8.891440710492489461e-05 nan nan nan nan nan nan nan nan nan nan nan nan nan nan nan nan nan nan nan nan nan
nan nan 2.900756976023340442e-02 9.565941329878651984e-24 3.780683368261760022e-03 1.964016008491255212e-08 7.145572535060744634e-01 1.228988411354636287e-23 nan nan nan nan nan nan nan nan nan nan nan nan nan nan nan nan nan nan nan nan
nan 3.950095333059269002e-13 1.007251334625303074e-11 8.030835747478510527e-06 1.006251682384397284e-09 8.508950866431067572e-01 8.123125220656022272e-01 7.232194471392289787e-13 6.818233772560541080e-04 nan nan nan nan nan nan nan nan nan nan nan nan nan nan nan nan nan nan nan
nan 1.829079597601366198e-09 1.958462598739550697e-02 2.251108053935390804e-03 1.333314738943464917e-01 3.735981639173423046e-10 1.142881852641295243e-01 4.643880492530536132e-12 1.493498192730878367e-05 8.800186374889617447e-13 nan nan nan nan nan nan nan nan nan nan nan nan nan nan nan nan nan nan
2.067176472364809334e-07 5.737666115733145930e-03 4.584049827649559067e-02 3.865953642605309665e-05 1.470558831356506835e-01 3.070488905327327266e-07 8.475079176223664881e-11 3.965312375543817984e-07 5.326426758276675246e-05 nan nan nan nan nan nan nan nan nan nan nan nan nan nan nan nan nan nan nan
3.458067281517317876e-02 2.836878868854669967e-08 2.449837293919175929e-01 3.016297227538891068e-01 6.070454759807537570e-01 3.142883131083182846e-01 2.024689806825172023e-01 2.000374356508996087e-24 9.561878763731891662e-02 nan nan nan nan nan nan nan nan nan nan nan nan nan nan nan nan nan nan nan
6.100115506533505816e-02 9.923258155617659115e-01 7.841200563716869076e-05 2.186383271139415277e-05 4.141279935106782495e-01 5.105272386635671520e-08 3.950122322468088178e-03 2.650317654596460587e-30 6.308684955825968332e-01 nan nan nan nan nan nan nan nan nan nan nan nan nan nan nan nan nan nan nan
nan 9.082710405841120921e-15 1.310212057008164170e-02 5.068313605852236003e-01 3.855461528158633279e-04 3.119821676744347627e-01 1.553107524529282746e-01 1.855317554074368977e-08 3.199890992757911667e-01 4.706721076787668268e-01 nan nan nan nan nan nan nan nan nan nan nan nan nan nan nan nan nan nan
nan 2.281270583439455667e-04 9.121264417109867934e-03 2.149454614124871870e-05 2.468549738775653868e-01 9.210393980641742862e-02 9.035917992717931340e-10 4.294795514469133130e-02 2.458229609029302931e-01 5.743783859559264959e-01 nan nan nan nan nan nan nan nan nan nan nan nan nan nan nan nan nan nan
nan 3.701692473198950339e-01 1.618295555587559442e-02 3.979127207957044443e-01 5.736946884441956046e-09 8.958239329206405345e-19 1.228414171807337014e-18 8.936721908520296742e-02 3.753205690925911497e-01 4.636238285284564609e-01 nan nan nan nan nan nan nan nan nan nan nan nan nan nan nan nan nan nan
nan nan 3.754154886220572381e-08 8.746638099898020370e-20 5.952990918823698567e-03 3.464979301717500352e-03 7.769631309950614199e-08 1.336677923246891615e-02 7.927693634000781975e-01 3.054201475600279831e-06 nan nan nan nan nan nan nan nan nan nan nan nan nan nan nan nan nan nan
nan nan 7.442735109603794141e-01 2.912077233040683676e-08 2.534208292574462629e-04 nan 1.283413368801769681e-03 8.881313280666423317e-04 1.156568434422976314e-04 5.112702427683381984e-02 nan nan nan nan nan nan nan nan nan nan nan nan nan nan nan nan nan nan
nan nan nan nan nan nan 1.132943196181234071e-05 3.126785235139326047e-02 1.771324813177966922e-04 3.147819589026250031e-01 nan nan 3.122240425067612903e-13 nan nan nan nan nan nan nan nan nan nan nan nan nan nan nan
nan nan nan nan nan 6.937625901987749852e-16 4.871797494498091297e-01 2.839894016482499729e-07 2.675914623583862048e-02 1.026327273079590263e-01 nan nan nan nan nan nan nan nan nan nan nan nan nan nan nan nan nan nan
nan nan nan nan nan 1.099719097897132597e-01 1.329531311338133237e-01 2.758402004336804765e-08 4.745359816351272381e-03 2.580856502774942982e-02 5.795633143672938026e-01 nan nan nan nan nan nan nan nan nan nan nan nan nan nan nan nan nan
nan nan nan nan nan 4.714581595874355324e-01 9.914587483492022994e-08 3.818391201472661640e-06 1.735709850597694504e-01 8.722384479276350522e-01 7.771190230688068993e-04 4.735519116153364750e-06 nan 2.091249085396043865e-06 nan nan nan nan nan nan nan nan nan nan nan nan nan nan
nan nan nan nan nan 2.752114530855997308e-08 2.638479026533009364e-01 1.012954145151027962e-06 6.749870296986455686e-14 3.817016793417278842e-01 3.341679124362985087e-01 6.909767854737916548e-02 7.878940825202025711e-02 5.240738527578477912e-01 1.537053323155131435e-01 nan nan nan nan nan nan nan nan nan nan nan nan nan
nan nan nan nan nan 2.734795675367849253e-03 1.127705795648693038e-10 2.197968356806621160e-14 4.632594026341367459e-06 1.620168616350189510e-05 2.052704039465259731e-06 4.530330750199760279e-05 4.457428386238152090e-11 1.864211384015938789e-03 8.471922614266359508e-01 2.495113584666863306e-05 6.875864251072600948e-10 nan nan nan nan nan nan nan nan nan nan nan
nan nan nan nan nan nan 3.955343506053530800e-01 3.629183887846899534e-03 3.773498917458271984e-02 1.597616098653492980e-02 6.173176545375769326e-09 5.976046553902864163e-03 1.228051094345678808e-02 1.460836174946733290e-01 4.478698583059771698e-02 4.665669869477356291e-01 1.169127546257510860e-05 1.463800385753926958e-01 nan nan nan nan nan nan nan nan nan nan
nan nan nan nan nan nan nan 7.112080227404888877e-01 9.735082078832681951e-01 2.478300663371142860e-03 8.778042202513242076e-03 1.807480868472137181e-01 1.068548049626545493e-07 2.494334926825102303e-03 9.971713403911349749e-01 9.029201045470658100e-05 1.748652485462631190e-01 2.956468469211842874e-05 4.425753452115788428e-09 nan nan 4.429384349590271226e-18 nan nan nan nan nan nan
nan nan nan nan nan nan nan 4.708882009024362309e-22 3.334246325284231841e-18 6.870440611253924057e-09 4.388232970103477792e-01 3.602163979210492030e-10 7.396400957504533150e-04 7.816808018613512413e-09 3.051075609252301257e-14 4.682741268476533353e-02 9.769903747838351027e-01 1.647409651882844039e-05 2.502288820749315683e-06 1.593950707865163616e-23 1.223353141828118031e-05 2.032851791007469752e-06 2.662380267696661955e-14 nan nan nan nan nan
nan nan nan nan nan nan nan nan 4.251618650997616468e-04 1.338280786954667895e-05 5.973446367783008027e-05 2.176824794872617385e-09 7.926117012741975319e-14 8.323140758609873192e-05 3.352793675124333354e-03 5.688599254505765507e-02 2.954941382040622219e-02 1.928444811462335373e-01 3.477222706802265972e-02 1.719425272675139532e-03 8.759360964473441318e-11 9.960668560052173826e-01 9.276190024337309659e-01 2.295529632577450104e-06 nan 9.834411799966134501e-03 1.777049469097114525e-06 nan
nan nan nan nan nan nan nan nan nan 2.807940153939963079e-04 5.932312092460929494e-10 3.952680722652986978e-01 3.983988839379170601e-04 8.683637279733039026e-07 1.174281147020117710e-20 4.134066012551508236e-19 9.256585793579456985e-06 3.860168545064003864e-01 2.671670566756459420e-01 7.522362867030600864e-01 6.023674718150764246e-03 1.666606553046596773e-01 1.601826482576094654e-02 9.674137612547272641e-03 nan 2.069794073716147570e-03 4.886013878373425923e-09 nan
nan nan nan nan nan nan nan nan nan nan 1.607901001130459672e-09 5.938166406412620502e-02 8.573025639480177373e-01 7.186890410071655744e-01 2.766218480348684632e-04 1.705731169460133687e-03 4.113241422134408798e-02 1.168829932499985784e-02 8.145953031129327115e-01 5.834570605560557288e-01 1.479849468819990077e-01 7.693333190089117479e-02 2.513815801885387058e-03 5.836170572769388506e-06 2.528724358955917496e-03 1.770605794279621892e-01 nan nan
nan nan nan nan nan nan nan nan nan nan nan nan 7.653800838447230581e-02 2.404523786637446925e-01 6.967186798097211361e-04 6.050315060184704996e-02 4.306719503048307418e-01 4.693370596331406116e-04 9.728406634556123215e-10 5.685401080274780396e-03 1.740513057124928042e-01 1.953334952130855728e-02 6.009068192615513361e-05 3.395681071567166042e-04 2.463905457197191479e-02 9.457565658660632199e-10 nan nan
nan nan nan nan nan nan nan nan nan nan nan nan nan 6.426042124308683221e-04 2.189079345707543184e-04 2.252991747586593567e-11 1.617318393183510629e-12 1.454106890149073072e-01 4.592421157262656650e-01 6.793418602626176277e-06 2.175230059352415925e-06 6.372583994989754475e-01 6.392243654610611107e-08 4.617265874366190039e-16 2.071086675593333641e-03 1.812100417221639004e-01 nan nan
nan nan nan nan nan nan nan nan nan nan nan nan nan nan nan 5.728204904600474601e-01 1.478391711615886263e-02 8.150585339099755688e-02 3.740719777356416310e-06 2.772777159390488938e-12 3.046993871040785517e-03 6.718680670785241846e-05 2.699840843139603531e-13 8.479237177283161582e-12 1.473184695205198525e-03 8.523145382523514746e-05 nan nan
nan nan nan nan nan nan nan nan nan nan nan nan nan nan nan nan nan 4.692979516299237153e-01 1.332364942489920291e-06 5.193312425727609984e-25 1.508201624502662789e-07 1.143467380754174950e-01 7.044829835405813645e-02 1.438798432242994509e-02 2.706060415579665636e-13 7.177355904256232275e-13 4.424693571826679266e-03 nan
nan nan nan nan nan nan nan nan nan nan nan nan nan nan nan nan nan nan nan nan 8.295976685450631716e-02 nan nan 1.116657063548563559e-04 3.854027790131475673e-02 1.862418522060874784e-11 nan nan
