nan nan nan -3.139215657534732279e-02 -2.926654505192082065e-03 nan nan nan nan nan nan nan nan nan nan nan nan nan nan nan nan nan nan nan nan nan nan nan
nan nan nan -1.859968588081904392e-02 -5.296725623619847126e-03 -2.958722876141602759e-02 -9.791498146953375725e-02 nan nan nan nan nan nan nan nan nan nan nan nan nan nan nan nan nan nan nan nan nan
nan nan 6.699370421164052916e-03 -3.556226030879254540e-02 -2.133981412787032059e-02 -2.816999142016585189e-02 -2.942793875045266686e-03 -1.414947399925200189e-01 nan nan nan nan nan nan nan nan nan nan nan nan nan nan nan nan nan nan nan nan
nan 9.452204044955354878e-02 -5.076281263848199388e-02 5.753547983054554948e-02 6.345296345917325609e-02 -3.064723139302698990e-02 -3.161496617878342685e-02 -1.226307143332595016e-02 -7.297120967561993021e-02 nan nan nan nan nan nan nan nan nan nan nan nan nan nan nan nan nan nan nan
nan 7.202259815303281576e-02 -9.421149546271266606e-02 9.337023876425523672e-02 4.861549909270457270e-02 1.988021562354288022e-02 -2.314680889626261756e-02 -1.159387506897835429e-01 -9.448762717625150409e-02 -2.060424588217762976e-01 nan nan nan nan nan nan nan nan nan nan nan nan nan nan nan nan nan nan
1.254802051122480833e-01 3.479189316193614240e-02 3.345302858068330970e-02 5.552213725235784908e-02 3.884127300109402325e-02 5.437938330799013675e-02 -5.252829798852208520e-02 -4.857200010290283615e-02 8.671578967606076091e-03 nan nan nan nan nan nan nan nan nan nan nan nan nan nan nan nan nan nan nan
4.725537397628138542e-02 9.360342103152834159e-02 9.569072021004550177e-02 5.429885409929668255e-02 -5.133440779570974666e-02 1.007799131319152795e-02 2.926098445965852595e-04 -1.001144133294664951e-01 -1.805256016809754227e-01 nan nan nan nan nan nan nan nan nan nan nan nan nan nan nan nan nan nan nan
-2.392624421058657871e-03 7.791689118116731927e-02 6.550688638834145650e-02 -1.369415548708509400e-02 -1.197490533922733330e-01 1.126197823166062290e-01 4.636951023231554968e-03 -1.013516412279416024e-01 -8.755625485545655284e-02 nan nan nan nan nan nan nan nan nan nan nan nan nan nan nan nan nan nan nan
nan 1.580845945768717328e-02 3.116891089548790798e-03 5.428313252040748577e-02 6.864718617879916884e-02 1.164915375721793378e-01 3.067275379320434300e-02 -1.322092673982409134e-03 -1.402799715925963017e-02 -1.302348415538388537e-01 nan nan nan nan nan nan nan nan nan nan nan nan nan nan nan nan nan nan
nan 2.996413190439457808e-02 9.169436540927423940e-03 1.218046407381798146e-01 1.687966985053858671e-01 1.103765798293848549e-01 5.050215490674040547e-02 1.010950397407963525e-01 -1.518732675097552998e-01 -1.105994215446544082e-01 nan nan nan nan nan nan nan nan nan nan nan nan nan nan nan nan nan nan
nan 4.995062176690950873e-02 -9.063211659359462699e-03 -9.827975293754209838e-04 9.894857302203399416e-03 3.994855112435620470e-02 6.163845446041320980e-02 5.059371654040001332e-02 8.305055181831519362e-02 -2.077525443200584770e-02 nan nan nan nan nan nan nan nan nan nan nan nan nan nan nan nan nan nan
nan nan 3.531946993373641808e-03 6.227751992251779473e-02 -1.548324875878208211e-02 4.610664492460223030e-02 -1.412308097720324160e-03 -1.316240002713666146e-01 -2.229074532355510702e-02 6.379176825952298513e-02 nan nan nan nan nan nan nan nan nan nan nan nan nan nan nan nan nan nan
nan nan 5.551069637387841781e-03 -3.450058421779007845e-02 -3.644946596438956854e-02 nan 3.795591573786806505e-02 -8.266006424030135358e-02 3.089547196355537512e-02 -1.455949694572674369e-01 nan nan nan nan nan nan nan nan nan nan nan nan nan nan nan nan nan nan
nan nan nan nan nan nan 1.823952328546396551e-02 -5.192020317717079697e-02 -8.297469292119263873e-02 3.698000506905114310e-02 nan nan 1.326271890302457845e-01 nan nan nan nan nan nan nan nan nan nan nan nan nan nan nan
nan nan nan nan nan 3.224218277247842268e-02 -4.714472206375923402e-02 5.031001324680618725e-02 -1.239834494389850383e-01 -1.174381782050774176e-01 nan nan nan nan nan nan nan nan nan nan nan nan nan nan nan nan nan nan
nan nan nan nan nan -1.352237677733832133e-02 -1.038392517658129864e-03 -8.765408520971511297e-03 -1.859415513887496471e-02 -6.326253968992059940e-02 -4.394990774763370828e-02 nan nan nan nan nan nan nan nan nan nan nan nan nan nan nan nan nan
nan nan nan nan nan 4.794468382360794756e-02 3.937537008405223200e-03 3.962140518773830944e-02 -1.998770820302683479e-02 -3.761652709121200006e-02 -2.057078047917513218e-03 2.939427426251346037e-02 nan -1.615153633019383861e-02 nan nan nan nan nan nan nan nan nan nan nan nan nan nan
nan nan nan nan nan 2.133801548631163864e-02 2.568595335097320978e-02 -3.160144125515076952e-02 -1.766969521571607263e-02 -3.237976327607076932e-02 -1.160205393860517381e-01 -2.143278270009524866e-01 -2.484614447545648031e-02 1.611321484627437073e-02 -1.503075817794423050e-02 nan nan nan nan nan nan nan nan nan nan nan nan nan
nan nan nan nan nan -9.192720355774562646e-02 -6.655642609040451907e-02 -2.508300342501809665e-02 -7.807686718488626547e-03 2.494226506585940292e-03 5.223553912862740614e-04 2.159187913756828794e-02 -1.704594506194935521e-01 -1.390688782121863865e-01 4.783837878719582977e-04 -1.522211666660430729e-03 -4.453623416188810281e-03 nan nan nan nan nan nan nan nan nan nan nan
nan nan nan nan nan nan -1.177677026157564416e-03 -1.023426040542671674e-02 -3.073119449590933430e-02 -2.775430743458959931e-02 -1.192406186472756181e-02 5.590107014947033603e-03 2.588726608781456370e-02 -2.183676626051425998e-02 -4.733853573167949580e-02 1.607921815120164771e-02 -1.521483175381545955e-02 -2.208295600413100190e-02 nan nan nan nan nan nan nan nan nan nan
nan nan nan nan nan nan nan 3.715484061862508840e-03 1.658259875823712287e-02 -2.309511277033293036e-02 -2.666859173148656767e-02 -3.649346432146408775e-02 -1.139255672866927582e-02 -2.525729775661401597e-02 -1.290006729364037985e-01 -1.223109995248167214e-01 5.015703175601408242e-03 5.771318072471023214e-03 -2.697247014799029202e-02 nan nan nan nan nan nan nan nan nan
nan nan nan nan nan nan nan -1.467531594529934008e-02 1.588822924442348516e-02 -9.872700905209122815e-03 1.686635961963136665e-03 -4.957322232915917920e-02 -8.220228398096400546e-02 -7.635114627623437733e-03 3.117961343671648081e-02 -8.970317605348908374e-02 -1.333369184306534561e-01 -1.415473846063105834e-01 -3.121002079214004257e-02 -3.161867895987705707e-02 nan nan nan nan nan nan nan nan
nan nan nan nan nan nan nan nan -3.446003761476556376e-02 1.256117892335493688e-02 -2.372695729190057046e-03 8.984986964741569979e-03 -1.321722196696287384e-02 -4.217737314355711475e-02 -3.439884037052124560e-02 -1.306706771272808567e-03 -7.119435332863052746e-02 4.699422305935653521e-02 -8.736311539976296392e-03 -6.225057338263243617e-02 -2.821586227420029222e-02 nan nan nan nan nan nan nan
nan nan nan nan nan nan nan nan nan -6.125050364651424446e-03 -2.296284959483383542e-02 3.090818515343501244e-02 3.579932696279942202e-03 2.346888029519670141e-02 -1.145148752517284770e-02 -1.993163404519786991e-02 -8.403457182453938357e-02 -1.408188860589835723e-01 1.712318597807373569e-02 -2.195859239238140068e-02 -5.444240789796600533e-02 -5.917942312607699096e-02 -3.234015420064210999e-02 nan nan nan nan nan
nan nan nan nan nan nan nan nan nan nan 1.767589278098328359e-02 -1.049855234233291155e-02 6.678260873449645392e-04 -1.658318191213178222e-02 -2.642350841006487969e-02 -2.109545684928154988e-02 -2.234279979923572013e-03 -7.841447308492156820e-03 -1.194416871073415987e-01 -1.565078539385294509e-01 -8.911024310388857006e-02 -1.263918628012210797e-02 -6.947374294060310040e-02 -5.104645355965743703e-02 -4.355930040057973129e-02 nan nan nan
nan nan nan nan nan nan nan nan nan nan nan nan 1.843130256892155927e-02 1.190444919798204840e-02 -9.668794587566306026e-03 -4.360083185941733552e-02 -8.518523284859151959e-03 2.282985470459449572e-03 -5.828175609306634336e-02 5.534158684155940366e-02 -4.690464392170009406e-02 -4.106540387842205937e-03 -1.208416839337965801e-02 -2.786275127693502423e-03 -7.496489329135974829e-03 2.297558192251239126e-02 nan nan
nan nan nan nan nan nan nan nan nan nan nan nan nan -4.349811458947170500e-03 9.416025786586906463e-03 7.038114736207995437e-02 6.635398395703097710e-03 -6.092069229281660975e-02 -1.559259724632274489e-02 6.972283722935473937e-02 -1.366165214175383558e-01 -4.810300242320209724e-02 -4.547066468406009421e-02 -3.125735828719830578e-02 1.433609079809581958e-02 6.603641131918564118e-03 nan nan
nan nan nan nan nan nan nan nan nan nan nan nan nan nan nan 7.334072110656507382e-02 -2.876811123749527938e-03 1.189247146345484563e-02 2.665990032918571367e-02 4.562684916499470250e-02 1.698034035956380236e-02 8.397579362735412001e-02 1.439544143974179069e-01 -2.901074576766220908e-02 -1.539634500112294600e-02 1.557378501702827954e-02 nan nan
nan nan nan nan nan nan nan nan nan nan nan nan nan nan nan nan nan 1.370445893834704998e-01 4.645051528779637479e-02 1.099487094511289731e-01 2.061549116260008585e-01 -3.805419623108952099e-02 5.365852647069304510e-02 4.876101997910432806e-02 1.356727006640538399e-02 1.450270276457729483e-02 -4.452834492984959411e-03 nan
nan nan nan nan nan nan nan nan nan nan nan nan nan nan nan nan nan nan nan nan -1.641992754159678561e-02 nan nan -9.186401340770319890e-02 7.566050601835691558e-02 -1.000442361511583861e-02 nan nan
