nan nan nan -1.223175224838818527e-02 2.156654895723821019e-02 nan nan nan nan nan nan nan nan nan nan nan nan nan nan nan nan nan nan nan nan nan nan nan
nan nan nan -3.233676823589382021e-03 -4.842726664011099899e-03 -5.397671002474947050e-02 -1.323075185804648002e-01 nan nan nan nan nan nan nan nan nan nan nan nan nan nan nan nan nan nan nan nan nan
nan nan 5.138595537519233258e-02 3.740411000873070796e-02 -8.566699682016357120e-03 -1.567903222868784890e-02 -1.649993446772007530e-02 -1.349076370738294950e-01 nan nan nan nan nan nan nan nan nan nan nan nan nan nan nan nan nan nan nan nan
nan -4.229804340941045737e-02 -1.490050280665215082e-02 1.131552318328902240e-01 -1.325237099250336885e-02 5.912572677249229407e-03 -4.867203750837204024e-02 1.812915206498416296e-02 -1.697279285058472809e-01 nan nan nan nan nan nan nan nan nan nan nan nan nan nan nan nan nan nan nan
nan -4.080006159725125398e-02 -2.574603169043325826e-02 7.068919441316212637e-02 9.815845952901443294e-02 -1.336825822303126104e-02 -1.082783994382817937e-02 -7.329483236688960623e-02 -1.039794617694542178e-01 -1.807781817318856732e-01 nan nan nan nan nan nan nan nan nan nan nan nan nan nan nan nan nan nan
1.103562765948709751e-01 1.372933837568520721e-01 -3.082520461928008396e-02 7.507481231766496843e-02 -1.019399991161858282e-01 -3.060632245813061855e-02 -2.678721814017656633e-02 -2.853729506438476907e-02 -2.920155974214488567e-02 nan nan nan nan nan nan nan nan nan nan nan nan nan nan nan nan nan nan nan
2.245826770092311866e-02 6.691312328188181967e-03 2.947068225233967845e-02 -4.394097565168666314e-02 1.853910025699849126e-02 4.473144758155437467e-02 -2.592016116060977260e-02 -1.098299781183466467e-01 -1.336752340611845613e-01 nan nan nan nan nan nan nan nan nan nan nan nan nan nan nan nan nan nan nan
3.980161754430865811e-02 8.771103770214722095e-02 1.382911894869231217e-01 4.704451081826308001e-02 4.011203703878476329e-02 -2.928682172064537778e-02 3.422348797441154833e-02 -9.509871896074266473e-02 -1.348949706289157835e-01 nan nan nan nan nan nan nan nan nan nan nan nan nan nan nan nan nan nan nan
nan 6.673517605292432486e-02 9.097606039609094919e-02 1.038113056589742150e-01 -2.822073018304956105e-03 -1.592104104342913912e-02 3.553420853469127505e-02 -5.614155889903684610e-03 -7.246573760010997789e-03 -1.449394666959338551e-01 nan nan nan nan nan nan nan nan nan nan nan nan nan nan nan nan nan nan
nan -1.706015164997424713e-02 8.224646919420984525e-02 7.122678811670236920e-02 1.414641032141995269e-01 9.540475713405506542e-02 7.705302265449726247e-03 6.979451771390977888e-02 -1.408432591907176901e-01 -1.467814565609540656e-01 nan nan nan nan nan nan nan nan nan nan nan nan nan nan nan nan nan nan
nan 3.266334614179428053e-02 1.132453355659990800e-02 -3.292147456203833172e-02 6.430742257866675637e-03 6.476101921371177350e-02 4.529334224383418928e-02 -5.394944818993199255e-03 1.113464915655262323e-02 -5.237565760644109086e-02 nan nan nan nan nan nan nan nan nan nan nan nan nan nan nan nan nan nan
nan nan -1.422143583613913985e-02 5.066281535872509817e-02 1.332175861876504219e-02 5.269144773992601172e-02 5.235028479148385455e-02 -5.055818333338644131e-03 9.652819719416097857e-03 1.015671430451925289e-01 nan nan nan nan nan nan nan nan nan nan nan nan nan nan nan nan nan nan
nan nan 9.552845354483887469e-03 3.668586803806619251e-02 -2.041249878538116749e-02 nan 4.811001618975838112e-03 -4.362463505266726133e-02 -1.488681875548524512e-02 -9.087244572128620745e-02 nan nan nan nan nan nan nan nan nan nan nan nan nan nan nan nan nan nan
nan nan nan nan nan nan 1.420050894366579365e-02 1.278021314067908460e-03 -9.070424089040048099e-02 -6.062501474202976887e-02 nan nan 9.967218107313806363e-02 nan nan nan nan nan nan nan nan nan nan nan nan nan nan nan
nan nan nan nan nan 4.143818076792696314e-02 -1.550729688100340765e-02 3.700975777300524738e-02 -8.521370773715171432e-02 -3.694724555800565219e-02 nan nan nan nan nan nan nan nan nan nan nan nan nan nan nan nan nan nan
nan nan nan nan nan -4.793260787348744938e-03 1.242763138228450415e-02 1.730122612120346334e-02 -5.359211859854716951e-03 -8.942450786199106216e-02 -4.419949683017660932e-03 nan nan nan nan nan nan nan nan nan nan nan nan nan nan nan nan nan
nan nan nan nan nan 2.797135718149164688e-02 -4.521354643364151188e-02 1.974304844805460993e-02 -3.145550754535874488e-02 -1.069279084001443225e-01 -1.402446952022169159e-02 1.678612295545623898e-02 nan -2.086506133955471146e-02 nan nan nan nan nan nan nan nan nan nan nan nan nan nan
nan nan nan nan nan 4.069464987242356509e-03 -1.266561587429197201e-02 -6.560397135388368328e-02 -4.576482560485204548e-02 -6.810764224581368487e-02 -1.270975343374333433e-01 -2.032745540828462261e-01 -1.320561785295780270e-02 2.797676392811085724e-02 -1.418119699043882131e-02 nan nan nan nan nan nan nan nan nan nan nan nan nan
nan nan nan nan nan -9.305337836398271112e-02 -6.265837088461793936e-02 -3.853706377057719568e-02 -3.102339065303230670e-02 -1.577993281174946277e-02 -4.091586216028405415e-02 8.103608500562598307e-03 -1.381356219781105510e-01 -1.107656577637036871e-01 1.087612465184562179e-02 1.154584564367957698e-03 1.960677126909597320e-02 nan nan nan nan nan nan nan nan nan nan nan
nan nan nan nan nan nan -6.525031429016500857e-03 1.014827658589208779e-02 -1.265201271484286266e-02 -2.154719282240516454e-02 -1.573559811479474310e-02 -1.321343381196972422e-02 6.077490671192890609e-04 -5.281134519212671297e-02 -5.360232680671780242e-02 2.433384504082071118e-02 -1.174590351545114035e-02 -2.215992313287916751e-02 nan nan nan nan nan nan nan nan nan nan
nan nan nan nan nan nan nan -1.319164120322445207e-03 1.849061748551688797e-02 3.204176352925184722e-03 2.103982972176861863e-04 -2.245103827353482975e-02 -3.250981422274043520e-02 -1.712998218223021202e-02 -9.088423611631833710e-02 -1.171235590218266537e-01 1.940044658602663868e-03 1.199224057387147067e-02 -3.170820351768967316e-02 nan nan nan nan nan nan nan nan nan
nan nan nan nan nan nan nan -5.693653590291655742e-03 1.522117885371198492e-02 -8.850009105564778100e-03 -7.562629130341569535e-03 -3.253844905253545916e-02 -6.225719946820307965e-02 -9.088769812772378928e-03 -3.178210507247306721e-02 -1.140374143071307272e-01 -1.404584610212095130e-01 -1.441388058941609207e-01 -3.893158118851485633e-02 -2.384182424330173744e-02 nan nan nan nan nan nan nan nan
nan nan nan nan nan nan nan nan -4.485043783618444628e-03 1.864324660331418554e-03 -1.030503808199882514e-02 -1.931303013756942646e-02 -2.569888030658327993e-02 -3.654512995410161280e-02 -3.607287967987043986e-02 -1.666669334699105373e-02 -9.710010551893387409e-02 3.849010769750760980e-02 -1.315497665018476765e-02 -5.233597256834406769e-02 -2.180224484807450833e-02 nan nan nan nan nan nan nan
nan nan nan nan nan nan nan nan nan 1.670223649154148685e-02 7.112869989170184093e-03 1.478229469378985333e-02 -1.290991473327044760e-02 -1.756388529902120146e-02 -1.651298171099486317e-02 -2.953628218539261843e-02 -5.344003759611370974e-02 -1.404607678104964341e-01 6.917432654310728263e-04 -2.263083697848187678e-02 -5.790077304833789879e-02 -9.797797544737418818e-03 nan nan nan nan nan nan
nan nan nan nan nan nan nan nan nan nan 6.442119985443540975e-02 4.817041269552805628e-03 -6.295372977816237302e-03 -1.792748521907860937e-02 -3.504669743878494059e-02 -2.352970723982808141e-02 -4.612131529123679116e-03 -1.013351242798679781e-02 -1.214025334537571360e-01 -1.665583310896137925e-01 -8.947556667494327431e-02 -8.923148479338040284e-03 -3.429763432525761296e-02 nan nan nan nan nan
nan nan nan nan nan nan nan nan nan nan nan nan 1.683784127418390744e-02 1.230904179007941135e-02 -2.841026327903371524e-03 -2.366798030863031047e-02 1.053477888026474983e-03 -1.215679430818586426e-04 -5.719392586862372813e-02 3.578595962939143393e-02 -8.086386285336451263e-02 -5.866611985350245889e-02 -1.921101593108150499e-02 -1.605175619999923628e-02 -1.170532105784500600e-02 nan nan nan
nan nan nan nan nan nan nan nan nan nan nan nan nan 1.306654539455448516e-02 -1.514431199179125560e-03 4.764031011989196956e-02 2.046913701363124293e-03 -7.307691450771450214e-02 -9.010701609450192870e-03 -7.206445204046302115e-03 6.191715601370116444e-03 -2.990988968039709137e-02 -1.947530742405004581e-02 -2.272527319732343953e-02 4.289323984860269126e-03 2.509505982826305132e-03 nan nan
nan nan nan nan nan nan nan nan nan nan nan nan nan nan nan 4.525443255037404217e-02 7.392313849169418992e-03 -7.386718070385540728e-03 2.184418144996280384e-02 6.945242670025943144e-02 5.054590403373562107e-02 9.012250296962535934e-02 4.322867056882095244e-02 -1.420483725612952698e-02 -4.277386203804810910e-03 1.666040299696433177e-02 nan nan
nan nan nan nan nan nan nan nan nan nan nan nan nan nan nan nan nan 1.521226101000024977e-01 1.341279226193731189e-01 1.270849241787943840e-01 2.060695472834865039e-01 -7.785830699614415540e-03 7.684399844071915231e-02 6.414140532779777359e-02 1.997706856012525581e-02 5.917108379371171546e-03 -2.038331056371447438e-03 nan
nan nan nan nan nan nan nan nan nan nan nan nan nan nan nan nan nan nan nan nan 1.260801098341635638e-02 nan nan -2.143327364301310031e-02 2.260016781308801445e-02 1.850213462618244134e-03 nan nan
