nan nan nan 5.635782709384711681e-02 -4.409885684058472560e-02 nan nan nan nan nan nan nan nan nan nan nan nan nan nan nan nan nan nan nan nan nan nan nan
nan nan nan -1.220006899776799117e-02 1.312847366374666688e-02 -6.521511256904553855e-02 -1.289341418308176945e-01 nan nan nan nan nan nan nan nan nan nan nan nan nan nan nan nan nan nan nan nan nan
nan nan 6.052370861883236280e-03 -4.407941215117532063e-02 4.684626117938311962e-02 -4.886165842622533506e-02 -2.274358320234012507e-02 -1.226950130912130843e-01 nan nan nan nan nan nan nan nan nan nan nan nan nan nan nan nan nan nan nan nan
nan 1.922416567436716073e-02 -1.359774999090486262e-02 4.546647746357744546e-02 3.610654386329233828e-03 -7.054054808795469540e-03 -7.600478744882410709e-02 -6.468390550434817594e-03 -9.947594085187580482e-02 nan nan nan nan nan nan nan nan nan nan nan nan nan nan nan nan nan nan nan
nan 2.420083338397219230e-02 7.003667373662580964e-02 7.538734463400431629e-02 7.427656196742851713e-02 4.945803020773349018e-02 -3.798984783665733389e-02 -6.177817626987897742e-02 -9.342936604763515951e-02 -1.223557620523507972e-01 nan nan nan nan nan nan nan nan nan nan nan nan nan nan nan nan nan nan
1.357102592409353825e-01 5.809400615079543528e-02 -5.724056868205251725e-02 2.604318833336330408e-02 -5.050288584681021653e-02 4.492297518003871698e-02 -2.755382618305441539e-02 -5.872537805805249506e-02 4.326129800458856922e-03 nan nan nan nan nan nan nan nan nan nan nan nan nan nan nan nan nan nan nan
5.251841383681686570e-02 9.478667281143687839e-03 7.766763091328923729e-02 2.546484938550413329e-02 -5.909546951509402068e-02 -5.430779633348641056e-02 1.359043863638363311e-02 -1.374709005882028823e-01 -7.533148722415472509e-02 nan nan nan nan nan nan nan nan nan nan nan nan nan nan nan nan nan nan nan
1.503920054506681890e-02 8.325601349700764708e-02 9.779392937055346458e-02 7.790442565120817009e-02 4.417513962007484085e-02 6.225304061785526255e-02 -1.303916366415900849e-02 -1.194815642499178349e-01 -5.047249052122352447e-02 nan nan nan nan nan nan nan nan nan nan nan nan nan nan nan nan nan nan nan
nan 4.476301353894182600e-02 1.260054303096167783e-01 2.346914445787907921e-02 6.500672879828170436e-02 -1.450859779248987042e-02 9.177941630757951302e-03 -5.774202186605721654e-02 -8.513987981795031329e-04 -1.294291350325073031e-01 nan nan nan nan nan nan nan nan nan nan nan nan nan nan nan nan nan nan
nan -1.074329699931795418e-02 4.503956493148028595e-02 4.498414215523972859e-02 7.781742241256704717e-02 8.955648642523177105e-02 6.110034522730611699e-03 8.568863501115892012e-02 -1.547154860638282059e-01 -1.421336367292777569e-01 nan nan nan nan nan nan nan nan nan nan nan nan nan nan nan nan nan nan
nan -1.686653011131234586e-02 1.755501552330128445e-02 -2.779443654812297632e-03 -1.460676404005015368e-02 2.501365304770055559e-02 4.286638368031785162e-02 1.212151924987313854e-02 6.433097210228994056e-02 -4.967684999385844208e-02 nan nan nan nan nan nan nan nan nan nan nan nan nan nan nan nan nan nan
nan nan 2.233129426794018893e-03 6.979360625441279053e-02 6.059773404402769154e-03 7.942463976524294367e-02 5.817767632927126238e-03 -1.276608204078370501e-01 6.790601442448285230e-02 9.324072675231151464e-02 nan nan nan nan nan nan nan nan nan nan nan nan nan nan nan nan nan nan
nan nan 1.169654841332251963e-02 3.005618517438409312e-02 2.221372389536360736e-02 nan 2.617586846740779100e-02 -1.011582066180440609e-01 -4.105945061943679086e-02 -1.169890176137185489e-01 nan nan nan nan nan nan nan nan nan nan nan nan nan nan nan nan nan nan
nan nan nan nan nan nan 2.672900455946779913e-02 -2.275889506694603499e-03 -7.694691241656724523e-02 -4.268091254521742123e-02 nan nan 4.240034293309374175e-02 nan nan nan nan nan nan nan nan nan nan nan nan nan nan nan
nan nan nan nan nan 5.185600794794133217e-02 -1.318936296252025409e-02 1.988696597455550871e-02 -1.013617058134895776e-01 -8.445143339992747938e-03 nan nan nan nan nan nan nan nan nan nan nan nan nan nan nan nan nan nan
nan nan nan nan nan 7.000209774524710502e-04 1.371282230254239169e-02 1.966852012525738963e-02 -2.621205091753870710e-03 -4.677749611413370423e-02 -1.997231267710175215e-02 nan nan nan nan nan nan nan nan nan nan nan nan nan nan nan nan nan
nan nan nan nan nan 9.024194383505068986e-03 -4.281593798153593422e-02 4.167968046994181830e-02 -2.772932547699248629e-02 -1.031437512080491115e-01 1.864523185980414971e-03 1.900949688602013299e-02 nan -3.224668946888264304e-02 nan nan nan nan nan nan nan nan nan nan nan nan nan nan
nan nan nan nan nan 1.147432020551564236e-02 4.751934754705395593e-03 -6.055765778912821501e-02 -4.590063220171597402e-02 -7.585823452090662000e-02 -1.098013210441013965e-01 -2.169381785773654980e-01 -1.338563145368494058e-02 4.134777743833743802e-02 -1.927359673828663716e-02 nan nan nan nan nan nan nan nan nan nan nan nan nan
nan nan nan nan nan -6.638669176395445293e-02 -5.470843542776511470e-02 -3.510853458064217003e-02 -3.378113790811426709e-02 -2.306795910187825482e-02 -3.254218554291599813e-02 8.545544073165827967e-03 -1.726430638911755910e-01 -1.247799399682139876e-01 2.241675375517371629e-02 2.815249869635854784e-03 -3.037244867592020503e-02 nan nan nan nan nan nan nan nan nan nan nan
nan nan nan nan nan nan -7.585074981776119413e-03 5.607516517833160789e-03 -4.173021990854178936e-04 -2.777389293467989392e-02 -2.823373666752142935e-02 7.626985086787281543e-03 7.751678318222182673e-03 -8.121168112615265167e-02 -8.488912426149788915e-02 2.039718183261154602e-02 -3.640154415340477595e-02 -2.922403546177308395e-02 nan nan nan nan nan nan nan nan nan nan
nan nan nan nan nan nan nan -1.404948417321959936e-02 5.858262527303016720e-03 -1.416170777270049641e-02 -5.776057910514237163e-03 -2.519539275076111001e-02 -8.298539069147627470e-03 7.186085570551744781e-03 -1.008528030140203591e-01 -1.344126031185962356e-01 -1.110973863791217889e-02 -8.937415740539999751e-03 -3.417966356778212589e-02 nan nan nan nan nan nan nan nan nan
nan nan nan nan nan nan nan -1.403623109850946418e-02 1.061382886492422475e-02 -1.267619051596819736e-02 -2.278064100028034250e-02 -5.148694143549438496e-02 -8.016280735872136076e-02 -1.562235417435058407e-02 -4.819396843099118394e-02 -1.127599710508178088e-01 -1.342791247777529728e-01 -1.507358660042110721e-01 -5.498155867441861799e-02 -2.931026762005759650e-02 nan nan nan nan nan nan nan nan
nan nan nan nan nan nan nan nan -1.884762860005390409e-02 1.745496495965203482e-02 -5.223518943605880843e-02 -2.080286321692467744e-02 -4.478894822298593731e-02 -6.617625749052719053e-02 -3.442438610518337022e-02 -3.036053336546317566e-02 -1.028364151104644297e-01 3.310670470377777286e-02 -2.607765038358942277e-04 -6.866323596801165996e-02 -2.935098285243122052e-02 nan nan nan nan nan nan nan
nan nan nan nan nan nan nan nan nan 2.671807782381773605e-02 1.229608574831161233e-02 2.033771488217427093e-02 -1.087942553030364461e-02 -1.544806052430314734e-02 -3.289943173038591129e-02 -3.671109470309708023e-02 -4.650594434042599340e-02 -1.344465751824833744e-01 1.125550993467476155e-03 -2.848827094213851607e-02 -6.118541880542517630e-02 -4.927200841250969909e-02 -3.646594699152146818e-02 nan nan nan nan nan
nan nan nan nan nan nan nan nan nan nan 8.335701662417703550e-02 1.443814648804818065e-02 -1.068050758993267964e-02 -1.599447716648653983e-02 -2.796187066866659063e-02 -1.633624688809440575e-02 -2.118187630485786344e-02 -2.214279994582568287e-02 -1.274065221263904757e-01 -1.522721128504591626e-01 -7.820597077908369998e-02 4.483542748339453855e-03 -6.039302608546739254e-02 -5.202439618409273464e-02 -3.774741538410437969e-02 nan nan nan
nan nan nan nan nan nan nan nan nan nan nan nan 1.827747700470470221e-02 9.490765689633902033e-03 -7.681888132100319830e-03 6.534921102520786090e-03 6.643776992712926294e-03 2.596904743119894318e-02 -1.982749281404070502e-02 1.592259093219147020e-02 -8.683299292197935171e-02 -6.634442974956995809e-02 -2.853446719412286448e-02 -1.973681635636042458e-02 -1.543428841864875195e-02 -3.196057247218989181e-03 nan nan
nan nan nan nan nan nan nan nan nan nan nan nan nan 1.081479805514259582e-02 8.821446409210575296e-03 3.603024927556537638e-02 5.943107428237760781e-03 -6.135923559772360480e-02 -3.977949164631386370e-02 4.979443363502587816e-02 -2.086060061269409075e-03 -3.784239823049787010e-02 -2.420320769641231412e-02 -2.958688499094768234e-02 4.902316091071128382e-03 -1.326114576928097400e-04 nan nan
nan nan nan nan nan nan nan nan nan nan nan nan nan nan nan 5.556206974329811615e-02 -9.228136189405416329e-03 5.739891462655187168e-03 3.139702022077731774e-02 8.007985321001220846e-02 -1.041003053645291575e-02 9.440944271089540818e-02 5.133527292451029594e-02 -5.457685860843669232e-03 -4.834438562229518947e-03 1.984118714815269469e-02 nan nan
nan nan nan nan nan nan nan nan nan nan nan nan nan nan nan nan nan 1.088618242974442041e-01 1.222015466686009189e-01 1.046950461874953664e-01 2.334354479101790336e-01 8.202681623179153975e-03 7.729861675988888847e-02 4.431562203709608905e-02 1.981365373924563744e-02 1.058126578134113011e-02 3.494279763003679644e-03 nan
nan nan nan nan nan nan nan nan nan nan nan nan nan nan nan nan nan nan nan nan 5.450114045523522799e-02 nan nan -3.619963680915033732e-02 3.515640132377531677e-03 4.194966174376116687e-04 nan nan
