nan nan nan -1.808256509171896065e-02 2.057760291297747526e-02 nan nan nan nan nan nan nan nan nan nan nan nan nan nan nan nan nan nan nan nan nan nan nan
nan nan nan 2.329700194509373712e-02 -2.941685056458184788e-02 -2.397346566800349910e-02 -1.297084030192591497e-01 nan nan nan nan nan nan nan nan nan nan nan nan nan nan nan nan nan nan nan nan nan
nan nan -2.439777858676635183e-03 5.161020237987801185e-02 -5.973289028610266616e-03 -5.422730677590237996e-02 -1.339999359106532929e-02 -1.654991729357208341e-01 nan nan nan nan nan nan nan nan nan nan nan nan nan nan nan nan nan nan nan nan
nan 3.415189261150696626e-02 6.039512101817468004e-03 1.112903096681507886e-01 2.864598825402769888e-03 -6.329439154838171870e-03 -2.862185235503504274e-02 1.061780374485327139e-02 -9.859309493275342229e-02 nan nan nan nan nan nan nan nan nan nan nan nan nan nan nan nan nan nan nan
nan -6.970271343554131083e-02 5.331867031907323168e-02 -5.167620810741443277e-02 1.671256823100522246e-02 5.742253645690211655e-02 -2.058749845776700407e-02 -1.099895589847586924e-01 -1.057043965121893109e-01 -1.899139139064462689e-01 nan nan nan nan nan nan nan nan nan nan nan nan nan nan nan nan nan nan
1.192781156620400518e-01 7.258607408326252231e-02 -1.481986562767350323e-02 6.928376673466719871e-02 1.175701127867697336e-02 -1.592083044147824715e-03 -6.159140020144000631e-03 -3.415937356673127284e-02 -6.244042975744486940e-03 nan nan nan nan nan nan nan nan nan nan nan nan nan nan nan nan nan nan nan
7.113320736213130102e-02 4.401090918778246402e-02 1.030044276124714164e-01 4.258302584909553351e-02 -7.389659869961269500e-03 5.820009245822795746e-02 -1.090916249402698428e-02 -1.012228998150764142e-01 -1.361136837900366880e-01 nan nan nan nan nan nan nan nan nan nan nan nan nan nan nan nan nan nan nan
-3.180045361172974955e-02 1.656501338830277115e-01 7.774378883639061766e-02 -1.207442101638750986e-01 -3.482197584924476980e-02 -2.330127443697595571e-02 2.925878956610220016e-02 -1.014638690876389776e-01 -9.529052624822977047e-02 nan nan nan nan nan nan nan nan nan nan nan nan nan nan nan nan nan nan nan
nan 3.669294236919887209e-02 -6.258490072745093169e-03 1.937319979117010649e-01 9.940545562595977380e-02 6.211721004420815012e-02 1.125905252048937932e-02 -4.608713446414649390e-02 -2.997472707083744577e-03 -1.290951525310236325e-01 nan nan nan nan nan nan nan nan nan nan nan nan nan nan nan nan nan nan
nan -8.781955081585808565e-03 5.402230056867810687e-02 7.920720472037584559e-02 9.166632092739281090e-02 9.575209487500258021e-02 4.093136836888587593e-02 1.357759906344026546e-01 -1.340089550465652368e-01 -1.287854824159595790e-01 nan nan nan nan nan nan nan nan nan nan nan nan nan nan nan nan nan nan
nan 1.370122133544287267e-02 1.997035953762197127e-02 -1.539056480760131636e-02 1.700149290257144466e-02 8.571062040186543107e-02 3.490436459927086232e-02 -1.054798436623641394e-01 3.162011347684982182e-02 -5.133957643032909662e-02 nan nan nan nan nan nan nan nan nan nan nan nan nan nan nan nan nan nan
nan nan 2.188011634240668787e-02 5.486495314502070481e-02 -1.863879712353061491e-02 5.192060775312803966e-02 2.852675830698088791e-02 -1.802942592929424048e-02 3.168106622862931765e-02 9.336232477165744281e-02 nan nan nan nan nan nan nan nan nan nan nan nan nan nan nan nan nan nan
nan nan 1.131712661709790430e-02 5.101914158052443110e-02 7.045660163092783666e-03 nan -2.951897979370441891e-02 -6.660359211504253418e-02 -2.835233578276133426e-02 -1.089780126479416161e-01 nan nan nan nan nan nan nan nan nan nan nan nan nan nan nan nan nan nan
nan nan nan nan nan nan 2.750067631960457712e-02 -1.634763222823258991e-02 -1.065271637809206556e-01 -5.781009143814384160e-02 nan nan 3.906947624251962646e-03 nan nan nan nan nan nan nan nan nan nan nan nan nan nan nan
nan nan nan nan nan 3.489790983849982986e-02 -1.256822961854550669e-02 5.936935756960549232e-02 -7.651649896176232479e-02 -2.695720680420798585e-02 nan nan nan nan nan nan nan nan nan nan nan nan nan nan nan nan nan nan
nan nan nan nan nan 1.311101689413538517e-02 1.097890520021353213e-02 2.650838630911830918e-02 8.192642753189179408e-06 -8.145918769228599476e-02 -3.006495810778512731e-02 nan nan nan nan nan nan nan nan nan nan nan nan nan nan nan nan nan
nan nan nan nan nan 2.877973204900839341e-02 -3.121667205695267955e-02 3.386714407231175561e-02 -1.623832443792251959e-02 -8.847810225821499397e-02 -5.377334337290313841e-03 1.166222099588875606e-02 nan 8.636908893657117489e-03 nan nan nan nan nan nan nan nan nan nan nan nan nan nan
nan nan nan nan nan 4.932463542682282570e-03 1.360479362913076529e-02 -3.594908710829267801e-02 -2.096061646834421546e-02 -5.138454541965251782e-02 -1.164740682143116796e-01 -2.056488993972377666e-01 -1.781105736611423088e-02 2.114724383444988379e-02 -2.203201637315624004e-02 nan nan nan nan nan nan nan nan nan nan nan nan nan
nan nan nan nan nan -6.389117146492330479e-02 -3.822119267028895734e-02 -1.545925060059469454e-02 -2.865530642518372955e-03 1.258554831502221166e-02 -2.335321660600532881e-02 8.432985290461504288e-03 -1.461779194254152203e-01 -1.029298580935153334e-01 1.488157194622034309e-02 -2.235640713473636271e-02 -2.915472963589141320e-02 nan nan nan nan nan nan nan nan nan nan nan
nan nan nan nan nan nan -1.605337908708258030e-02 5.528030924120314743e-03 -8.961412499475698845e-03 -9.966168866021257386e-03 -6.431838854489176083e-03 5.181486746863662833e-03 3.968549469298290368e-03 -5.126665336240976423e-02 -4.773389043841454876e-02 2.745427030030012094e-02 -2.275402200182774157e-02 -2.604668149007799416e-02 nan nan nan nan nan nan nan nan nan nan
nan nan nan nan nan nan nan -9.997528615945674990e-03 1.017426134908203843e-03 -7.348170816775530245e-03 3.239877830086900640e-03 -2.540936205982423021e-02 -3.048059208684964980e-02 -2.357298773182656473e-02 -8.778130540733826426e-02 -1.031819329906423083e-01 9.606597315496546996e-03 -1.424046786580638983e-02 -2.091282998242118690e-02 nan nan nan nan nan nan nan nan nan
nan nan nan nan nan nan nan -8.242833726850124984e-03 9.861620093807095533e-03 -1.156912987439340755e-02 -1.802696881443996630e-04 -2.605204397950047768e-02 -5.492707898458896315e-02 -1.911809241018101388e-02 -3.709475024635391222e-02 -1.102262559157469041e-01 -1.255594834573207363e-01 -9.119877222522204674e-02 -5.486003277274434896e-03 -1.647577125543036800e-02 nan nan nan nan nan nan nan nan
nan nan nan nan nan nan nan nan -7.338741488392890554e-03 1.870895141861932467e-02 -5.212947790468058784e-02 3.447048531310885344e-03 -1.906709202120172517e-03 -2.419210414383931793e-02 -3.605573108680572986e-02 -2.279898410255482011e-02 -9.868542464911489454e-02 4.545059807188550627e-02 -4.576462742287264879e-02 -1.158971431598430635e-01 -7.936229765394200650e-03 -1.765584118235685729e-02 nan nan nan nan nan nan
nan nan nan nan nan nan nan nan nan 3.990644377473057808e-02 7.610129430829375846e-03 1.663795143523995670e-02 -7.983706723471215363e-03 -1.434962998253221968e-02 -2.564675845692864289e-02 -2.581118014296761645e-02 -4.885940792989557774e-02 -1.265216948688884235e-01 3.630799448722294657e-03 -2.972373675707535787e-02 -2.931511147796575512e-02 -5.648658167572352673e-02 -5.807867745381568511e-03 nan nan nan nan nan
nan nan nan nan nan nan nan nan nan nan 3.573560662721327053e-02 -1.195526380310763491e-02 -2.927870355797378057e-03 -1.584085120877314718e-03 -3.003408923026990029e-02 -1.913164737505273008e-02 3.004609002336865609e-03 -1.623511083739096958e-02 -1.206904304447863896e-01 -1.492545941394138043e-01 -7.784028883244781261e-02 -3.731142666409344860e-02 -4.259720138359308211e-02 -3.602467966542704375e-02 -3.593648909751366582e-02 -9.138077648856081370e-03 nan nan
nan nan nan nan nan nan nan nan nan nan nan nan 1.420292724748607738e-02 8.160544750192387856e-03 3.590854643731866084e-03 -2.198692589883841780e-03 -1.783441975702940944e-04 1.534233155604853606e-02 -4.918776797307019416e-02 1.445934758605531278e-02 -6.895152475325334873e-02 -4.924978925062858254e-02 -1.542273330898163465e-02 -6.756304635697940597e-02 -6.603637838706153014e-03 -1.294141540843234996e-02 nan nan
nan nan nan nan nan nan nan nan nan nan nan nan nan 3.838796079559721880e-04 2.564033629680667267e-02 4.233393609141003489e-02 -1.074881965040100362e-02 -7.675412195453799880e-02 -3.384949196638445401e-02 2.824718217280255614e-02 1.165090726621385679e-02 -2.442708069301710583e-02 -1.865892861196993477e-02 -3.087610011048302558e-02 -3.328433168461204512e-04 -1.020117902324694376e-02 nan nan
nan nan nan nan nan nan nan nan nan nan nan nan nan nan nan 5.424731287593270723e-02 1.131551435282469745e-03 3.247033925973594887e-02 1.826532030480000277e-02 8.781056998315923956e-02 2.651351142068513952e-02 6.154922723822688763e-02 1.721464904597517012e-02 -1.705307919473950454e-02 -1.236962196146204791e-02 1.411999547246777821e-02 nan nan
nan nan nan nan nan nan nan nan nan nan nan nan nan nan nan nan nan 9.472847345530110985e-02 1.353648172716373776e-01 8.010702210781610322e-02 1.606686874416825284e-01 4.750954333137541452e-02 6.569391288550673058e-02 3.983469585542483149e-02 1.252831830744232343e-02 1.203069946294264836e-02 -6.225728532907614556e-03 nan
nan nan nan nan nan nan nan nan nan nan nan nan nan nan nan nan nan nan nan nan 4.986034764966704169e-02 nan nan -6.003363997818818992e-02 1.502998945011430228e-02 -1.901010460576284212e-03 nan nan
