nan nan nan -1.581980001547217407e-02 1.254589496390651378e-02 nan nan nan nan nan nan nan nan nan nan nan nan nan nan nan nan nan nan nan nan nan nan nan
nan nan nan 1.037117242253383399e-02 -5.632251183765770407e-03 -6.238300869776316343e-02 -1.092089511417180248e-01 nan nan nan nan nan nan nan nan nan nan nan nan nan nan nan nan nan nan nan nan nan
nan nan 6.313777902877663883e-02 8.583197623033364532e-02 -1.348800841264999328e-02 -5.814117946691864380e-03 -3.147713644942123912e-02 -1.474747335276045401e-01 nan nan nan nan nan nan nan nan nan nan nan nan nan nan nan nan nan nan nan nan
nan 3.280438915743393719e-02 9.213104412247821728e-02 -4.577160128681068141e-02 6.977499909116832016e-03 -9.234277201972808206e-04 -5.734741225313830237e-02 1.990782212143316424e-02 -1.177288641167466704e-01 nan nan nan nan nan nan nan nan nan nan nan nan nan nan nan nan nan nan nan
nan 6.459365559554927638e-02 1.000947306483342403e-01 7.741222702948032108e-03 1.400341285417381343e-01 9.894952869076142909e-03 -2.812683211255313440e-02 -5.272584436736668656e-02 -1.052164116520977327e-01 -2.060951084001893530e-01 nan nan nan nan nan nan nan nan nan nan nan nan nan nan nan nan nan nan
1.124324270523321956e-01 1.291203650940219716e-01 -6.735248744328886650e-02 4.295804311915306373e-02 5.068149959192892740e-04 7.070354261736519486e-02 1.451423696211080749e-02 -3.468653073443517254e-02 -1.771345263419955157e-02 nan nan nan nan nan nan nan nan nan nan nan nan nan nan nan nan nan nan nan
1.960269187219715326e-02 3.204891905658328877e-02 5.793402548064758434e-02 -1.289309600987233462e-01 1.601106724750239046e-02 7.987301969567907334e-02 -4.920686963792623297e-02 -1.376359003499839917e-01 -6.832023336273482239e-02 nan nan nan nan nan nan nan nan nan nan nan nan nan nan nan nan nan nan nan
-1.217795035229410350e-02 9.796994210169007733e-02 8.429831323197441162e-02 3.768438215507585037e-02 8.544180854173881456e-02 -9.143345621239784560e-02 5.935482111117704185e-02 -7.994640304486508309e-02 -1.030499426341575098e-01 nan nan nan nan nan nan nan nan nan nan nan nan nan nan nan nan nan nan nan
nan 2.802658085945439193e-02 1.174420269073991330e-01 3.794319793939034818e-02 6.534932902532364363e-02 8.265770998759307264e-02 3.767553450037101903e-02 -1.094891135274851136e-02 4.066220919704179038e-02 -1.182441603984535072e-01 nan nan nan nan nan nan nan nan nan nan nan nan nan nan nan nan nan nan
nan 2.230945345049592174e-02 1.233367711307345460e-02 6.925117050997839363e-02 5.000630889639053056e-02 1.161034960069457916e-01 -4.405793882789121180e-02 1.082949028737170694e-01 -1.512049854570747809e-01 -1.364770335518641631e-01 nan nan nan nan nan nan nan nan nan nan nan nan nan nan nan nan nan nan
nan 3.481913180234158522e-02 -5.057804706702379721e-03 -2.138828405374423175e-02 2.681259592860908356e-02 -6.558970641779538271e-03 6.650428801158472791e-02 -5.168242698302037003e-02 -3.169183618157703913e-02 6.844184338991268768e-03 nan nan nan nan nan nan nan nan nan nan nan nan nan nan nan nan nan nan
nan nan 1.013979558436156267e-02 3.379386239112046331e-02 -2.177973241881832854e-03 8.024570974578877636e-02 -3.758395960571538075e-02 2.186485514807030156e-02 1.336655784929164925e-01 8.368546705960776960e-03 nan nan nan nan nan nan nan nan nan nan nan nan nan nan nan nan nan nan
nan nan 2.041529005393590002e-02 3.898949319278065956e-02 3.142943527732088016e-02 nan -1.941613418636549925e-03 -1.314235375896512514e-01 -6.137259850057333321e-02 -1.002756357118446545e-01 nan nan nan nan nan nan nan nan nan nan nan nan nan nan nan nan nan nan
nan nan nan nan nan nan 4.544023081541322118e-02 8.327318365443701562e-03 -1.577104966209602610e-01 -4.918236865895424248e-02 nan nan 7.865522307359289200e-02 nan nan nan nan nan nan nan nan nan nan nan nan nan nan nan
nan nan nan nan nan 4.687575263315749141e-02 -3.483639918219187670e-02 2.481583421229316758e-02 -7.120328841726684954e-02 8.266963463316671923e-03 nan nan nan nan nan nan nan nan nan nan nan nan nan nan nan nan nan nan
nan nan nan nan nan 3.180806314937348334e-02 3.255322709411901522e-02 3.549706844359860891e-02 3.693302932421373488e-03 -1.890563582644032015e-01 -1.010345884999020866e-01 nan nan nan nan nan nan nan nan nan nan nan nan nan nan nan nan nan
nan nan nan nan nan 1.980773570678201478e-02 -6.132224125460435105e-02 3.746804779427473364e-02 -3.717447656371717507e-02 -8.997172013747684050e-02 -1.695044704439290645e-02 -3.126282863181135269e-02 nan 2.017547975044292966e-02 nan nan nan nan nan nan nan nan nan nan nan nan nan nan
nan nan nan nan nan 6.179478464251111913e-05 3.609160318332099108e-03 -6.041742789302055605e-02 -4.748688584171602278e-02 -8.523154753571179909e-02 -1.225464225840884325e-01 -2.387136611334942926e-01 -1.144378391213528301e-03 2.670688638288062217e-02 2.342749183819282585e-03 nan nan nan nan nan nan nan nan nan nan nan nan nan
nan nan nan nan nan -7.021752191698521495e-02 -4.067407216218790755e-02 -9.487946351504140605e-03 -4.055254071418984765e-03 -3.713957735014333621e-03 -7.608521872534627483e-04 4.613734649244178448e-02 -1.715353393693659356e-01 -1.813661196506379802e-01 -4.680046157076873936e-02 3.206063200447277495e-02 6.502625383887637722e-02 nan nan nan nan nan nan nan nan nan nan nan
nan nan nan nan nan nan -8.922997204566586113e-03 8.424203052580861439e-04 -1.113336604094831463e-02 -2.222221813690870851e-02 -3.232627825553138767e-02 -7.069746420078192733e-03 7.395707166482991951e-03 -7.044234759414864933e-02 -1.172783622220416322e-01 2.876153071215673332e-02 5.612676135000266645e-03 7.356354159902728056e-03 nan nan nan nan nan nan nan nan nan nan
nan nan nan nan nan nan nan -5.651566118796988968e-03 1.042831316080152643e-02 3.255732295517174430e-03 6.495993131952333861e-03 -2.646418231804428811e-02 -1.732222136367492921e-02 1.714906759628504612e-02 -7.282505184371254603e-02 -2.200786320743515212e-01 -7.877581905838811072e-02 -5.150367376887865500e-02 -3.981191447459093979e-02 nan nan -9.256021945144021768e-03 nan nan nan nan nan nan
nan nan nan nan nan nan nan -1.413067440762260686e-02 6.671387332102634432e-03 -2.076120420982602299e-02 -2.722040574146682851e-02 -4.236690871099645095e-02 -6.292784826972147583e-02 -4.296613084036252084e-02 -2.806005490850543849e-02 -9.292128571850624685e-02 -1.356369869124589012e-01 -1.469370181210846726e-01 -1.803611767785006856e-02 -3.324683815976099688e-02 -3.708973895843053342e-02 -2.567830631212940015e-02 -1.110180349093038352e-02 nan nan nan nan nan
nan nan nan nan nan nan nan nan -3.077623713766526603e-03 3.327836343049303536e-02 -2.064236863464791183e-02 -1.005148725751984010e-02 -2.875950024944804589e-02 -3.383146508290918453e-02 -6.293748516314379149e-02 -5.264631692183983913e-02 -1.000510475761322154e-01 7.269209096393983160e-02 8.401565303147787850e-03 -9.184609275403124440e-02 -4.860429232450699799e-02 -5.106926157137077482e-02 -3.430065008124251469e-02 -2.308739684497082209e-02 nan nan nan nan
nan nan nan nan nan nan nan nan nan 1.434024438916046973e-02 -4.820616574386955323e-03 6.833761851282439334e-03 -1.562251195940837778e-02 1.368282994973417030e-02 5.939845412635384216e-03 -1.166633589126202068e-02 -4.809940264100801000e-02 -1.936148616932041322e-01 -2.227090713264343741e-02 -2.675675262417540057e-02 -6.454669650642760881e-02 -5.834534332234497800e-02 -5.324933048882644904e-02 -4.047031126361474301e-02 nan -3.037791039494478623e-02 nan nan
nan nan nan nan nan nan nan nan nan nan 3.753962388777287718e-02 3.324870904914560988e-03 -7.784080700398738652e-03 -1.428131600119903616e-02 -4.383813803355567085e-02 -3.472008335993611444e-02 1.044836578065770800e-02 -2.173258750679777501e-02 -1.341776267084456575e-01 -1.579734531466928382e-01 -1.132372133021495031e-01 -2.250713381772222882e-02 -7.146862806567028104e-02 -5.186806196000688651e-02 -4.046989387262939220e-02 -1.781739298094751553e-02 nan nan
nan nan nan nan nan nan nan nan nan nan nan nan 2.102422348355978063e-02 -5.699951914552484934e-03 5.194493905998639506e-03 2.088207906796060720e-02 -1.536555128045893545e-02 1.007967871150595475e-02 -2.005853004764462932e-02 2.152472175950041408e-02 -7.841797762436025776e-02 -3.633564005236629424e-02 -5.786302174985706592e-03 -8.222883500715465893e-03 -9.055143904796645465e-03 -2.391150186373383613e-03 nan nan
nan nan nan nan nan nan nan nan nan nan nan nan nan 1.029743482171257760e-02 4.338187980340422849e-03 3.521634565327948913e-02 9.687354725072391468e-03 -7.904966404579760741e-02 -5.389639107313420885e-02 5.036433554163191606e-02 7.492967315362059066e-02 -2.101935279788268857e-02 -6.368710021216353323e-02 -3.303043151298615254e-02 1.512236629497971767e-02 2.640916929191074874e-03 nan nan
nan nan nan nan nan nan nan nan nan nan nan nan nan nan nan 4.063668736700661033e-02 -3.765064778862087236e-02 -3.546342143101720648e-03 3.451631490207577452e-02 8.117848550082536196e-02 4.161730393695137198e-02 9.854054006301632418e-02 6.585550030435174951e-02 -3.442074038272412845e-02 -8.824543476741636416e-03 1.224538639264261680e-02 nan nan
nan nan nan nan nan nan nan nan nan nan nan nan nan nan nan nan nan 1.983263799403483518e-01 8.815816760090669502e-02 8.697745386750166396e-02 2.477612726995905568e-01 -1.912010673241944236e-02 8.164403241699060704e-04 5.700497832971632151e-02 -1.135713261959680337e-02 9.663091784714319954e-03 -8.999868241778780434e-03 nan
nan nan nan nan nan nan nan nan nan nan nan nan nan nan nan nan nan nan nan nan 3.337637271950037038e-02 nan nan -3.053221959523483298e-02 1.949105288989203683e-02 -8.153855860520886970e-03 nan nan
