nan nan nan 1.400395895676116997e-01 -2.952637075299668554e-02 nan nan nan nan nan nan nan nan nan nan nan nan nan nan nan nan nan nan nan nan nan nan nan
nan nan nan 3.651683596790673836e-02 -2.925730948331135145e-02 -6.904897969201007069e-02 -1.065428281408734024e-01 nan nan nan nan nan nan nan nan nan nan nan nan nan nan nan nan nan nan nan nan nan
nan nan -1.237717231091037956e-02 6.169551883655927105e-02 -1.264400903285891123e-02 -4.594048317010909765e-02 -2.492655180786649757e-02 -1.227491162554353449e-01 nan nan nan nan nan nan nan nan nan nan nan nan nan nan nan nan nan nan nan nan
nan 1.242508114177623135e-01 -7.258838496585224426e-03 5.066890817709146511e-02 8.001588681260901614e-02 -5.263488242625405378e-02 -6.981402640922707015e-02 2.691206752456623552e-02 -6.481286628440087461e-02 nan nan nan nan nan nan nan nan nan nan nan nan nan nan nan nan nan nan nan
nan 1.076140046860896704e-01 -8.560178616797781137e-02 2.209076223006337797e-02 4.322684868496042693e-02 3.701813170967002686e-02 -2.721141142666243587e-02 -7.570212856783786748e-02 -7.716699415214736679e-02 -1.769304318635843976e-01 nan nan nan nan nan nan nan nan nan nan nan nan nan nan nan nan nan nan
9.671952187125826272e-02 -7.053449399568240130e-02 1.206704473047559845e-01 8.553419023585694114e-02 -4.800831804517648183e-02 -2.171702301844120539e-02 1.077284356278739898e-02 -4.825497118020655174e-02 -7.321263824856237730e-03 nan nan nan nan nan nan nan nan nan nan nan nan nan nan nan nan nan nan nan
1.031157563945759859e-01 9.026054543473968628e-02 4.926049984282202671e-02 -4.863130184525025351e-02 3.575534729599333383e-02 1.206938199939630030e-01 -1.676178543064390722e-02 -9.474159688047245620e-02 -2.036152017489150159e-02 nan nan nan nan nan nan nan nan nan nan nan nan nan nan nan nan nan nan nan
3.050812496672994367e-05 1.152849091740772436e-01 5.602228459674014893e-02 1.228893946476877601e-02 -7.067248557277025500e-02 -6.824826870216148256e-02 -1.155986877955145035e-02 -5.194598681659878814e-02 -6.231245573158478157e-02 nan nan nan nan nan nan nan nan nan nan nan nan nan nan nan nan nan nan nan
nan 1.859456103050948850e-03 4.791085882147121805e-02 1.163835925481183781e-01 7.829553590408526442e-02 1.145062972051597849e-01 7.222280519500987039e-02 3.563430041347434574e-02 -5.079376876311179206e-02 -1.800152515072407922e-01 nan nan nan nan nan nan nan nan nan nan nan nan nan nan nan nan nan nan
nan 1.021553791125062553e-02 8.532130462602655063e-02 4.894124203880417801e-02 7.866440655294276718e-02 4.936301205911013124e-02 -2.553577666896885215e-02 1.057139366044776152e-01 -1.342219383606715888e-01 -1.207228762277045009e-01 nan nan nan nan nan nan nan nan nan nan nan nan nan nan nan nan nan nan
nan 1.668271513121740920e-02 1.831464548590650693e-02 -9.709868464488281142e-03 9.933257168760225436e-03 3.463407520129797856e-02 7.721338651337657233e-02 -7.387464053227815741e-02 -9.190142130783732904e-03 -8.956420744982060422e-02 nan nan nan nan nan nan nan nan nan nan nan nan nan nan nan nan nan nan
nan nan 2.699727914665377843e-02 7.032560783104062352e-02 1.712390715799737284e-02 3.112603188685175021e-02 9.760478821537299510e-02 1.631858385669218703e-02 6.105601282710323985e-02 7.919235973086488634e-02 nan nan nan nan nan nan nan nan nan nan nan nan nan nan nan nan nan nan
nan nan 5.513554056188411934e-03 1.536437372356602021e-02 -4.400902019396028125e-02 nan -2.662754657913383310e-03 1.198249916991169645e-02 -2.442730493818715334e-02 -8.249777681549257113e-02 nan nan nan nan nan nan nan nan nan nan nan nan nan nan nan nan nan nan
nan nan nan nan nan nan 5.112845468322085862e-02 2.767444140733850769e-02 -7.472456905154024887e-02 -4.792450342786710310e-02 nan nan 6.263371044689820810e-02 nan nan nan nan nan nan nan nan nan nan nan nan nan nan nan
nan nan nan nan nan 2.877899670548725308e-02 -4.471723870115763833e-02 6.448027299491312925e-02 -1.246435199482607004e-01 9.872196640693720049e-03 nan nan nan nan nan nan nan nan nan nan nan nan nan nan nan nan nan nan
nan nan nan nan nan 4.363610668893400275e-03 1.937628902051697147e-02 3.022068582973107265e-02 -2.651139143342039900e-03 -4.398597829162301937e-03 -4.721350778932772996e-02 nan nan nan nan nan nan nan nan nan nan nan nan nan nan nan nan nan
nan nan nan nan nan 3.111033836929226470e-02 -2.324517457627470890e-02 3.546200418839063478e-02 -1.330573531137484167e-02 -8.391579265417954681e-02 3.539931823040327191e-02 4.838362850434288487e-02 nan -2.948806808411029434e-02 nan nan nan nan nan nan nan nan nan nan nan nan nan nan
nan nan nan nan nan 1.333998221210963217e-02 3.288793228863572116e-02 -3.935813757343746555e-02 -2.037437510377312216e-02 -5.377330529972443318e-02 -1.374468270472344877e-01 -2.194933048559960520e-01 4.719360487852506357e-03 3.281991926472921373e-02 -9.839115409264246465e-03 nan nan nan nan nan nan nan nan nan nan nan nan nan
nan nan nan nan nan -6.986489172759197119e-02 -5.273829087258706527e-02 -1.431413480386996978e-02 -9.121664493002806795e-03 5.849656512395415980e-03 -2.517025894551531973e-02 -1.341389687652135183e-02 -1.842020604963814923e-01 -9.689077416625110906e-02 1.095287455397484996e-02 2.903881537808982588e-02 -8.612648433591445218e-02 nan nan nan nan nan nan nan nan nan nan nan
nan nan nan nan nan nan -6.204921462627933752e-03 8.078535568067941181e-03 -8.787192141159552022e-03 -8.963169565482136808e-03 -1.132508005476142235e-02 -1.483182732894243114e-02 -1.071020888091938662e-02 -6.154921222269441050e-02 -4.513333150476935007e-02 1.218053837046702628e-02 -3.850151101433847700e-02 -1.043089685879001853e-02 nan nan nan nan nan nan nan nan nan nan
nan nan nan nan nan nan nan -1.583114022482844108e-02 7.011615042694221978e-03 -1.157857157864086717e-02 -6.274653572398376788e-03 -2.286660893606577011e-02 -2.930602735124968050e-02 -1.801821763104743956e-02 -6.978245491024087643e-02 -1.030602398241524942e-01 3.098463056997196111e-03 -7.475462163985922490e-03 -3.328611886129256153e-02 nan nan -1.653242877724795876e-02 nan nan nan nan nan nan
nan nan nan nan nan nan nan -1.208392680721418790e-02 8.538948225998989686e-03 -1.809658868305182022e-02 -5.868709437613419191e-03 -3.592077599608042154e-02 -5.235767096096279050e-02 -1.682772926164666227e-02 -5.084234557894914269e-02 -8.825343498159531064e-02 -1.377573116766989403e-01 -1.483326745827588944e-01 -3.872353234048975246e-02 -2.231326922607489854e-02 -2.209516034338952079e-02 -1.532570044676059666e-02 -2.052955537270186384e-02 nan nan nan nan nan
nan nan nan nan nan nan nan nan 1.879422996950391028e-02 3.722408890182960645e-02 -2.640159439856097981e-02 -1.259364582573691774e-03 -2.731797347865476400e-02 -5.837281119879347835e-02 -6.539440775369445569e-02 -3.455671108065268282e-02 -9.708480522069005969e-02 2.357702504422587095e-02 -2.305978763351522118e-02 -6.902438555900999861e-02 -3.666600641446869646e-02 -3.278898508636519243e-02 -1.982954199898171246e-02 -2.141956979649706910e-02 nan nan nan nan
nan nan nan nan nan nan nan nan nan -2.173863344989510060e-02 6.294170142052877247e-03 9.111135366921001635e-03 6.929326198443694178e-03 -1.673361353691805607e-03 7.595373832322786095e-04 -3.290354019676125508e-02 -4.538196903993764464e-02 -1.342138739161362615e-01 -4.171419736573931183e-03 -2.617567298137125908e-02 -5.813132761818157190e-02 -3.429781446588857363e-02 -2.568646048592854864e-02 -3.449198644378546896e-02 nan nan nan nan
nan nan nan nan nan nan nan nan nan nan 2.044256752376236164e-02 -9.387573082172749259e-03 -1.952707040002811534e-02 -2.686523014670762557e-03 -3.708969177913402915e-02 -3.561575141921180521e-02 -1.381244708528282968e-02 -1.184101929257574005e-03 -1.224195046863357644e-01 -1.563261962772716229e-01 -7.618030212490109476e-02 8.050138720996585437e-03 -6.779053104156984588e-02 -4.105856773471772830e-02 -5.634402603923416297e-02 -2.048055566985318432e-02 nan nan
nan nan nan nan nan nan nan nan nan nan nan nan 2.013232562128096023e-02 -1.086562283405797212e-02 -2.079870709914683272e-02 -1.711760483071920677e-02 -3.840816611905638334e-02 1.971144413247912994e-02 -7.229179401535033855e-02 2.260935116211065452e-02 -7.072459497978678122e-02 -5.659984607201540285e-02 -3.766201042668569643e-02 -4.274092663470172027e-02 -3.523227622417098720e-02 -1.554971284907282272e-02 nan nan
nan nan nan nan nan nan nan nan nan nan nan nan nan 7.179500322873021839e-03 -1.138652555674911013e-04 2.268080748051938197e-02 4.264226612949760693e-03 -7.512996531587486093e-02 4.091533280975725821e-03 -1.165752723764013586e-02 4.691796944722525717e-03 -3.679726807951397977e-02 -1.493503109162162140e-02 -2.496458771225295442e-02 9.691436373917478031e-03 1.516683239154076757e-03 nan nan
nan nan nan nan nan nan nan nan nan nan nan nan nan nan nan 5.249679448177076158e-02 1.138161458830964229e-02 2.070425718157628547e-02 9.523256002521360633e-03 6.932820123559944869e-02 2.939536847916937590e-03 2.572221007398965004e-02 2.624814417512921078e-02 -1.638344265619556817e-02 -4.370683847511358175e-03 1.389675114206705836e-02 nan nan
nan nan nan nan nan nan nan nan nan nan nan nan nan nan nan nan nan 1.427067443622917486e-01 8.888736693151932933e-02 2.871898461521420892e-02 1.333600286468979990e-01 -2.593417295571773598e-02 3.924799275388392295e-02 5.077193490751206323e-02 2.100247367740266935e-02 1.404993424047752855e-02 -6.691242123389617123e-03 nan
nan nan nan nan nan nan nan nan nan nan nan nan nan nan nan nan nan nan nan nan 5.967724543009648996e-02 nan nan -3.097939210721289277e-02 1.348449469837236653e-02 1.239580117028037543e-03 nan nan
