nan nan nan 7.109592214503933361e-04 2.244566537768346443e-02 nan nan nan nan nan nan nan nan nan nan nan nan nan nan nan nan nan nan nan nan nan nan nan
nan nan nan 1.015793660993832143e-02 4.388543105330513366e-03 -4.255132389887943123e-02 -1.233115674385286409e-01 nan nan nan nan nan nan nan nan nan nan nan nan nan nan nan nan nan nan nan nan nan
nan nan 1.207030106682330239e-01 1.984232663631779747e-02 4.009293091521036467e-02 -1.057315462378781087e-02 -3.831152932990800758e-02 -1.879216601907849338e-01 nan nan nan nan nan nan nan nan nan nan nan nan nan nan nan nan nan nan nan nan
nan 4.594878884571682726e-02 -3.052645717329749084e-02 3.853069329857289338e-02 3.724266023880080240e-02 -2.138098652832793461e-02 -3.946513159824432265e-02 1.740750912685123247e-02 -1.139665676105542924e-01 nan nan nan nan nan nan nan nan nan nan nan nan nan nan nan nan nan nan nan
nan 1.033883362779753831e-02 -5.663234322942491128e-02 -6.732155152246573071e-02 1.362261120330742203e-01 -2.391361395793156763e-03 3.356935277207562587e-03 -1.655611766521234984e-01 -1.094226940699840611e-01 -2.441846395477385856e-01 nan nan nan nan nan nan nan nan nan nan nan nan nan nan nan nan nan nan
1.517162847134662096e-01 5.058435995059859525e-02 1.545495572485383329e-01 1.017507088338892862e-01 6.890692040924691932e-03 -4.995291185746231211e-02 3.032021435511364146e-03 -5.194181862158486068e-02 1.189271054960658672e-02 nan nan nan nan nan nan nan nan nan nan nan nan nan nan nan nan nan nan nan
6.944795126498491677e-02 4.513240344955500583e-02 1.295953543699270294e-01 -2.840531076569087834e-02 -3.563400281624039267e-02 7.153163702227208209e-02 -7.942449307077402432e-03 -1.375113946827790090e-01 -1.578282939380403760e-01 nan nan nan nan nan nan nan nan nan nan nan nan nan nan nan nan nan nan nan
1.334658545469309676e-02 1.388017746571490740e-01 6.219131766789985638e-02 5.588976618184941791e-02 5.247801951348739224e-02 -4.008320153676692837e-02 -9.253519826745488022e-03 -1.235405946649569542e-01 -6.464589068294993024e-02 nan nan nan nan nan nan nan nan nan nan nan nan nan nan nan nan nan nan nan
nan 9.483465678385721853e-02 -3.126597988146988943e-02 2.945840293932650011e-02 1.061818792271177619e-01 7.724355733376227218e-02 5.998190301995368068e-02 -3.294927125422758563e-02 2.313470060894589481e-02 -1.098043436566531750e-01 nan nan nan nan nan nan nan nan nan nan nan nan nan nan nan nan nan nan
nan -4.641199169031222545e-03 4.555820078045654670e-02 1.486462329888235123e-01 1.580621890553714493e-01 1.403570903665925518e-01 -2.940290982646897450e-02 1.463801313234977530e-01 -1.598515254097809257e-01 -8.776979505938119208e-02 nan nan nan nan nan nan nan nan nan nan nan nan nan nan nan nan nan nan
nan 1.887358496683548895e-03 2.630277922736601326e-02 -1.388773389936158106e-02 -4.778860610767659764e-03 8.216274340034916690e-02 5.159535057617527232e-02 -5.146746190206790555e-02 7.814138825403804667e-02 -2.432501035088405553e-02 nan nan nan nan nan nan nan nan nan nan nan nan nan nan nan nan nan nan
nan nan 7.706596405948994491e-03 5.668875436727368461e-02 1.598727471057972624e-02 3.020481142716068684e-02 7.366271086583098260e-02 -2.262170651436728186e-01 -3.528099297235995357e-02 9.526798280942094799e-02 nan nan nan nan nan nan nan nan nan nan nan nan nan nan nan nan nan nan
nan nan -8.924788201034762961e-03 2.230135654734008432e-02 9.324342630441049412e-03 nan 3.366416166246435915e-02 -1.042499966699698619e-02 -5.529607969963414721e-02 -1.028616961806298191e-01 nan nan nan nan nan nan nan nan nan nan nan nan nan nan nan nan nan nan
nan nan nan nan nan nan 1.180995889394205640e-03 6.031423059722326729e-02 -1.463245884290587107e-01 -6.884294036838267683e-02 nan nan 1.659729454260840120e-01 nan nan nan nan nan nan nan nan nan nan nan nan nan nan nan
nan nan nan nan nan 5.875908217642548947e-02 -2.265985355569132692e-02 4.347803045348624940e-02 -6.301903620592065602e-02 -5.538336341970089005e-02 nan nan nan nan nan nan nan nan nan nan nan nan nan nan nan nan nan nan
nan nan nan nan nan -1.076121698241145480e-02 -3.828553195641317547e-03 1.142882701707948964e-02 1.044502341472623372e-02 -8.410844766655836691e-02 -5.832017090021648920e-02 nan nan nan nan nan nan nan nan nan nan nan nan nan nan nan nan nan
nan nan nan nan nan 6.999222840014859837e-02 -3.798475793147558857e-03 4.665591404262618008e-02 -1.986595114211785196e-02 -6.848239433917921448e-02 4.801414944939757026e-03 1.251697303276809101e-02 nan -1.164951670751281088e-02 nan nan nan nan nan nan nan nan nan nan nan nan nan nan
nan nan nan nan nan 8.541144065484004150e-04 8.025615106841552798e-03 -3.168990949112168720e-02 -7.612878268640985331e-03 -3.977069581143757165e-02 -1.020445608075239152e-01 -2.409798713557571581e-01 -1.826370432217059789e-02 2.937677150837551127e-02 -1.016676980269451760e-02 nan nan nan nan nan nan nan nan nan nan nan nan nan
nan nan nan nan nan -5.902489011490419379e-02 -6.125780579810692628e-02 -1.696770759165556336e-02 -6.497799718174492381e-03 1.179544497554474609e-02 5.647536253682056140e-03 2.272985492848381833e-02 -1.501907833363246292e-01 -1.016317600044477909e-01 1.897633917348413510e-02 -9.295889929570201951e-03 -1.034798159201881680e-03 nan nan nan nan nan nan nan nan nan nan nan
nan nan nan nan nan nan -5.447437062602861549e-03 -3.114667139835556112e-03 -2.278889234187497781e-02 -2.723399272526760492e-02 -4.139239692506208046e-03 1.286590266859470935e-02 -8.154112661094611164e-03 -9.564846569916742036e-02 -6.974132378919417619e-02 3.239483535603449038e-02 -2.079548515685137461e-02 -5.577207995749688257e-03 nan nan nan nan nan nan nan nan nan nan
nan nan nan nan nan nan nan -9.024468746243897305e-03 1.969733108573339456e-02 -7.169178318908962615e-03 -1.310652851988913445e-02 -3.669276725138864714e-02 -8.850924565814117378e-03 -2.695494013755618534e-02 -1.105799755572962062e-01 -9.706873156405113057e-02 5.862861440432239751e-03 -1.632251216522003813e-03 -2.286745384516190513e-02 nan nan nan nan nan nan nan nan nan
nan nan nan nan nan nan nan -2.214283081264463958e-03 8.136957217081325355e-03 -6.868937916516595563e-03 5.310155550190370473e-04 -3.602769245682280186e-02 -4.018327392681050880e-02 -1.867244051812590871e-02 -3.754566476077153547e-02 -1.197050868510664973e-01 -9.424665581734534281e-02 -1.291370870748450583e-01 -4.258743831637586130e-02 -2.812154005003986851e-02 -2.559545119175608840e-02 -2.688061277022598880e-02 nan nan nan nan nan nan
nan nan nan nan nan nan nan nan 9.515667842865255244e-05 4.018941458460591198e-02 -3.098311349976579261e-03 -1.755288057203217497e-02 -4.294219578189915898e-02 -2.154507085964952121e-02 -4.095339638454845860e-02 -2.650807068436867101e-02 -1.314437824432937163e-01 4.640376888591188353e-02 -1.251904394523353434e-02 -6.210476694345407056e-02 -3.312674855052723938e-02 -3.344971214583558616e-02 -1.722984801247779557e-02 nan nan nan nan nan
nan nan nan nan nan nan nan nan nan 2.396309617246684606e-02 5.512105480958805551e-03 7.766759596410084329e-03 -1.803201024934591307e-02 -5.059027183531078151e-03 -2.349246584598310705e-02 -4.283492976533431751e-02 -6.059503382646436176e-02 -1.212303109645131993e-01 6.673700033141553162e-03 -3.362560947672456335e-02 -7.231760087962756101e-02 -7.379349836297409426e-02 -4.850562100096469931e-02 -3.126317990528414831e-02 nan nan nan nan
nan nan nan nan nan nan nan nan nan nan 7.776161849811072391e-03 1.845955931838263314e-02 -6.695169291975534842e-03 1.820148074895723035e-03 -9.657726904022043146e-03 -1.993273776246640497e-02 -7.747371590407836628e-03 -5.720418449924239042e-03 -7.985307537075317375e-02 -1.365470205892822808e-01 -7.822441260180884592e-02 -6.288516200206278710e-03 -6.656757443883834502e-02 -5.218391726716264251e-02 -2.256215793811489762e-02 -2.098702182759935864e-02 nan nan
nan nan nan nan nan nan nan nan nan nan nan nan 3.007924274031317791e-02 1.401643615853521985e-02 8.623778420637304848e-03 -8.367015217895701698e-03 -1.553710330960925666e-02 -2.491144166064842430e-02 -8.670560484087613817e-02 3.869356020649633576e-02 -2.733447513456805505e-02 -2.991944659037179891e-02 3.142367750429907181e-02 -4.831955903911102843e-03 -4.355940595214257208e-03 -4.819236489414990485e-05 nan nan
nan nan nan nan nan nan nan nan nan nan nan nan nan 2.769378880756352690e-02 3.604613843392993032e-03 5.610143524699006540e-02 1.687777913775649272e-02 -1.050839456457326321e-01 -4.475711157393157807e-02 6.097199902340744160e-02 -4.128712131226824206e-03 9.401731493977463772e-02 7.889766795376736142e-03 1.076504639725421944e-02 1.089931152299404744e-02 7.535525046349934690e-03 nan nan
nan nan nan nan nan nan nan nan nan nan nan nan nan nan nan 1.025819349515579154e-01 1.884659667421093032e-02 3.640000671137511024e-02 4.928100778507532587e-02 5.224306799272832730e-02 4.073565724174533359e-02 1.793576254026645611e-01 1.540582482981122103e-01 -3.679836809995176705e-02 -1.633176666977063582e-02 1.371081635232064902e-02 nan nan
nan nan nan nan nan nan nan nan nan nan nan nan nan nan nan nan nan 7.401980972268856762e-02 1.636040732483718951e-01 1.708516165865305303e-01 2.313835369204405579e-01 -4.688149343938212421e-02 9.347690230996309399e-03 5.027757355639122377e-02 6.154672399510183536e-03 3.497383118206697644e-03 -3.957572710300822846e-03 nan
nan nan nan nan nan nan nan nan nan nan nan nan nan nan nan nan nan nan nan nan -6.843027719691899269e-02 nan nan -5.083097173562731164e-02 8.352275507603407201e-02 -2.719708417641677253e-03 nan nan
