nan nan nan 5.116753787403346271e-02 -2.769170728564832040e-02 nan nan nan nan nan nan nan nan nan nan nan nan nan nan nan nan nan nan nan nan nan nan nan
nan nan nan -1.431500500834602917e-02 -1.855864498191933318e-02 -2.890841442078114984e-02 -1.164423274350965126e-01 nan nan nan nan nan nan nan nan nan nan nan nan nan nan nan nan nan nan nan nan nan
nan nan 5.553541376220810788e-02 2.464079177297741341e-02 -1.841136082475173380e-02 1.008750678708999343e-02 -3.750579423443062971e-02 -1.361130888786030724e-01 nan nan nan nan nan nan nan nan nan nan nan nan nan nan nan nan nan nan nan nan
nan -2.127488681355941061e-02 2.892570743785035856e-02 -2.745484647664611644e-02 -4.637962916327187553e-03 -3.177379360832460059e-02 -1.786242646388925756e-02 4.687812117085185699e-03 -8.271181830004331603e-02 nan nan nan nan nan nan nan nan nan nan nan nan nan nan nan nan nan nan nan
nan 1.359198916441393401e-01 7.528227211805844921e-02 3.713506393492563284e-02 -1.537059416735415095e-02 1.861669643022156526e-02 -1.327882092134618185e-02 -7.983052803790828544e-02 -6.285068124945493440e-02 -1.759947019579596594e-01 nan nan nan nan nan nan nan nan nan nan nan nan nan nan nan nan nan nan
1.098455213788634560e-01 8.930757272512407363e-02 7.112759132658676153e-02 6.157255260155563431e-02 2.374722590317442095e-02 1.319777820951450152e-02 -1.354077169655441143e-02 -2.891037123513462773e-02 1.921008315761011179e-02 nan nan nan nan nan nan nan nan nan nan nan nan nan nan nan nan nan nan nan
9.676923363673643752e-02 9.296533084064806385e-02 3.717594773658234458e-02 -5.147525270149377191e-02 -6.552203525109236149e-02 6.098220925392769387e-02 -3.671977775713980430e-02 -8.673096664111508425e-02 -6.095326538591236409e-02 nan nan nan nan nan nan nan nan nan nan nan nan nan nan nan nan nan nan nan
-5.389404225143651535e-03 1.520236893234539199e-01 8.221512687161770458e-03 2.299198992325181615e-02 7.369651340654544136e-02 1.228388590708658773e-01 1.774850815959005956e-02 -6.264067507803829093e-02 -4.814496323702135983e-02 nan nan nan nan nan nan nan nan nan nan nan nan nan nan nan nan nan nan nan
nan 1.888729346858488908e-02 8.941940232117832899e-02 5.637230660606717958e-02 8.698120189362190668e-02 6.264967128363783770e-03 2.913040423298048423e-02 1.689972506381162351e-02 5.502554440744891057e-02 -1.661461717035443153e-01 nan nan nan nan nan nan nan nan nan nan nan nan nan nan nan nan nan nan
nan 6.114929166024946246e-03 5.139437078548646926e-02 7.097484791387315139e-02 7.356950019290753318e-02 5.611649350252362334e-02 3.754807263250029004e-02 6.407476778669578266e-02 -1.189525515603440248e-01 -1.003794889702456089e-01 nan nan nan nan nan nan nan nan nan nan nan nan nan nan nan nan nan nan
nan 3.870400294927001106e-02 6.692236055908912760e-03 -1.896709008654706707e-02 5.928829199781601028e-03 5.599564184335466960e-02 6.352703033443736491e-02 -1.822556845814360046e-02 1.333349996427632411e-04 -6.352479153291064329e-02 nan nan nan nan nan nan nan nan nan nan nan nan nan nan nan nan nan nan
nan nan 1.936015993175937977e-02 1.926273503394359057e-02 -3.121841426265611197e-05 5.283595073727531677e-02 1.715959339344940576e-03 -2.161709469873910119e-02 6.104938292052203980e-02 8.767433418919583221e-02 nan nan nan nan nan nan nan nan nan nan nan nan nan nan nan nan nan nan
nan nan 1.132113590605810481e-02 2.441286016098494563e-02 -2.068231582570484656e-04 nan 2.447572537484339270e-02 -4.845240156566919115e-02 1.993541536785266299e-02 -1.003995668802684094e-01 nan nan nan nan nan nan nan nan nan nan nan nan nan nan nan nan nan nan
nan nan nan nan nan nan 2.727666353036023450e-02 -2.435203835691649929e-02 -7.415494304630933231e-02 -4.249944401907198438e-02 nan nan 1.373632945768292757e-01 nan nan nan nan nan nan nan nan nan nan nan nan nan nan nan
nan nan nan nan nan 1.634908101367903502e-02 -2.777485660042349966e-02 3.541470687654662414e-02 -7.266236222356681207e-02 -8.676925574663795979e-03 nan nan nan nan nan nan nan nan nan nan nan nan nan nan nan nan nan nan
nan nan nan nan nan 1.877195133252725426e-02 1.714555333575371390e-02 7.335642264583969174e-03 -2.430827764886178688e-02 -8.790347731778795637e-02 -9.410130784640861890e-02 nan nan nan nan nan nan nan nan nan nan nan nan nan nan nan nan nan
nan nan nan nan nan 2.504124718355368873e-02 -2.254696161123971587e-02 3.602845965775538367e-02 -1.562000838931881276e-02 -5.722053777251898815e-02 2.778061428332879654e-02 1.069439133120273465e-02 nan -1.605718869499318455e-02 nan nan nan nan nan nan nan nan nan nan nan nan nan nan
nan nan nan nan nan -5.140661531368386286e-03 5.014530897532312043e-03 -3.453086773903347312e-02 -1.755756573920465302e-02 -4.507064857496054233e-02 -1.013230163951147206e-01 -2.034881900429666990e-01 -9.189510125617807515e-03 2.478860478604557119e-02 -1.940872475047259946e-02 nan nan nan nan nan nan nan nan nan nan nan nan nan
nan nan nan nan nan -4.655876413128570007e-02 -2.813082748391293464e-02 -1.175986642233023231e-02 -1.259423813337775394e-02 6.854278027752559038e-03 -1.459008277770889629e-02 -7.358242688262136601e-03 -1.665838880095831254e-01 -1.061755955687011671e-01 8.518948709896218344e-03 -4.955973610729062610e-03 -1.607342506080560937e-02 nan nan nan nan nan nan nan nan nan nan nan
nan nan nan nan nan nan -1.124355509988460289e-02 2.307561331364989341e-03 -1.780098794976831033e-03 -1.057445382303221805e-02 -8.970217591463677462e-03 -5.499151025065577951e-03 -1.160713134331640105e-02 -6.479999180656091651e-02 -4.518366144936925011e-02 1.915533803743938931e-02 -2.787542479299520704e-02 -1.836942773295281370e-02 nan nan nan nan nan nan nan nan nan nan
nan nan nan nan nan nan nan -1.161664837366246927e-02 5.138256633069534195e-03 -4.431586723449468246e-03 -4.029127970240984312e-03 -3.638416724709586658e-02 -2.552756076437538713e-02 -3.367166292373313663e-02 -9.469223991588372746e-02 -1.084692091899381178e-01 -3.410293903296948096e-03 2.821345454644657701e-03 -2.931690400370853822e-02 nan nan nan nan nan nan nan nan nan
nan nan nan nan nan nan nan -2.187062253618289945e-02 -6.175872418699232405e-04 -1.749328881518536979e-02 -4.769092349991983261e-03 -1.907703452500108393e-02 -7.259645929804663111e-02 4.155672968313337511e-03 -3.962564432597112662e-02 -1.025559756554443730e-01 -1.167178279817333159e-01 -1.359261381843826777e-01 -5.043105790194152976e-02 -3.189590958021586847e-02 -3.146570661574418781e-02 -2.072408259120363597e-02 nan nan nan nan nan nan
nan nan nan nan nan nan nan nan -3.553363940239253477e-02 4.483441267842569640e-03 -3.768426655625637528e-02 -1.411689954077248628e-02 -1.177823651981075269e-02 -4.854609854301803612e-02 -6.868051235662799014e-02 -3.964783717791156570e-02 -1.123891189628626885e-01 4.265756926323747283e-02 -8.803579710443295084e-03 -6.709406140930064544e-02 -2.322553276079399390e-02 7.885494747186315434e-02 5.036412961437884694e-02 3.825019482619099187e-02 nan nan nan nan
nan nan nan nan nan nan nan nan nan 4.196901947175782355e-02 2.845947933091231771e-02 2.796553837764222117e-02 -1.161384344323778545e-02 -5.377996129509653341e-03 -9.700108512390868271e-03 2.418386144938970781e-03 -4.955279405408013343e-02 -1.399344716324185389e-01 -7.379971237966949892e-03 -3.311514264455075324e-02 -6.635080437387792796e-02 -5.154574937883121821e-02 -4.359985008842833659e-02 1.070917406943420157e-02 nan nan nan nan
nan nan nan nan nan nan nan nan nan nan 6.867269843285288278e-02 -5.627263463030949923e-03 -6.016692857553675991e-04 -3.333218528617637715e-03 -3.077827024251357860e-02 -2.805928121187570290e-02 3.537531268488750685e-02 6.801949806261544350e-03 -8.219833228460665664e-02 -1.378104283200573821e-01 -7.587172324166030490e-02 -2.880259251497318661e-03 -6.559639637935153755e-02 -5.219280741911638127e-02 -4.490927320188380784e-02 -2.297069980171716555e-02 nan nan
nan nan nan nan nan nan nan nan nan nan nan nan 3.358495416900982716e-02 1.143667930620951428e-02 -5.570365128491905349e-03 -4.587417079284517312e-04 -1.969905467266467453e-02 -1.131087315527963153e-03 -6.842002702409182013e-02 -1.041792015528973832e-02 -4.390384829908174774e-02 -5.255108934816057203e-02 -3.941570888378111148e-02 -4.039733985745727618e-02 -2.842478696148530506e-02 -2.551740823129128310e-02 nan nan
nan nan nan nan nan nan nan nan nan nan nan nan nan 1.602194851499256015e-02 8.356517847414137931e-03 2.661495074138924347e-02 -1.271491227997405271e-02 -6.456348748253103176e-02 -3.837816977694275683e-02 9.964927721112402936e-02 1.198554539980668625e-02 -2.168429618972041954e-03 -8.420084744614602388e-04 -2.603470429457735436e-02 -8.014078486773190332e-03 -1.032070497471474814e-02 nan nan
nan nan nan nan nan nan nan nan nan nan nan nan nan nan nan 4.635813326288611841e-02 3.228126473574121497e-02 5.500544191406051692e-02 5.084206785464645550e-02 8.635435886371441161e-02 -3.057978563360477797e-02 1.323661678991258361e-01 -9.624508410006274092e-03 -6.228990040511815478e-03 1.576401621561729664e-03 2.707642674664805914e-03 nan nan
nan nan nan nan nan nan nan nan nan nan nan nan nan nan nan nan nan 2.556713322775487907e-01 2.183088744347681798e-01 1.038788597545045461e-01 1.357217546217187321e-01 -6.776730122369349629e-02 3.151309078161769472e-02 3.241262046406507419e-02 1.017098144252810178e-02 1.373115578136797042e-02 -3.697369570807888198e-03 nan
nan nan nan nan nan nan nan nan nan nan nan nan nan nan nan nan nan nan nan nan 5.077069199439623176e-02 nan nan -6.895056409427537114e-02 -4.681399405870137476e-02 -2.158449062085784215e-04 nan nan
