nan nan nan 6.962048091585414794e-03 -3.686889284651845289e-02 nan nan nan nan nan nan nan nan nan nan nan nan nan nan nan nan nan nan nan nan nan nan nan
nan nan nan 3.657319222019318056e-02 -3.291059984928604992e-02 -3.754047148516977822e-02 -1.328597809355182013e-01 nan nan nan nan nan nan nan nan nan nan nan nan nan nan nan nan nan nan nan nan nan
nan nan 3.039705774794131815e-02 3.141366043966232341e-02 1.887120616911106344e-03 1.203995946112798240e-02 -6.520456344891865930e-02 -1.622260045367055203e-01 nan nan nan nan nan nan nan nan nan nan nan nan nan nan nan nan nan nan nan nan
nan 9.567020328028656706e-02 4.103436839151090171e-02 1.493532258438899814e-02 -2.393330412208176036e-02 -9.889320614055953709e-03 -6.750576597530558165e-02 3.139064325216243262e-02 -1.531709240155588181e-01 nan nan nan nan nan nan nan nan nan nan nan nan nan nan nan nan nan nan nan
nan -5.234422837113073684e-02 -4.843454047763929605e-03 1.064371673848622801e-01 1.490814692120166485e-01 2.770668045431697035e-02 -7.254582392371135280e-02 -7.607212163669715976e-02 -1.426598833303573954e-01 -2.115861109696650089e-01 nan nan nan nan nan nan nan nan nan nan nan nan nan nan nan nan nan nan
6.595774684244028185e-02 6.289659059233759786e-02 -1.884346439437939794e-02 5.184382081310705270e-02 1.685855616541463708e-02 4.567685917354383229e-02 -3.418297479875825884e-02 -3.447375162659827713e-02 -1.616456372498143237e-02 nan nan nan nan nan nan nan nan nan nan nan nan nan nan nan nan nan nan nan
7.706102173454520976e-02 7.144255994263876142e-02 -5.716044802029782157e-02 1.680827055113692237e-01 4.396270024445288194e-02 8.224662339578396597e-02 -3.801630277678462455e-02 -7.187473839281012522e-02 -1.917461486340434063e-01 nan nan nan nan nan nan nan nan nan nan nan nan nan nan nan nan nan nan nan
-2.498814729003800278e-02 1.365139549215480530e-01 6.312793850625672554e-02 1.095620934766038806e-01 4.602503251211167989e-02 1.171435384160896161e-02 4.641030704985342481e-02 -9.690731435342175848e-02 -2.229418792875167421e-01 nan nan nan nan nan nan nan nan nan nan nan nan nan nan nan nan nan nan nan
nan 7.719337330283120024e-02 2.091953726995672558e-02 1.674958042030155747e-01 1.455732173008061348e-01 1.860020133552213462e-02 -1.079597177863540931e-02 -1.950609209649862424e-02 2.571107020828802131e-02 -7.303534978945927514e-02 nan nan nan nan nan nan nan nan nan nan nan nan nan nan nan nan nan nan
nan 1.426828896191808561e-02 -1.624736771095849908e-02 7.463743038382844586e-02 1.669533985455875502e-01 1.030027903384665017e-01 -5.486396435092910639e-02 1.118247956746787342e-01 -1.778746712880040215e-01 -2.044298267669210634e-01 nan nan nan nan nan nan nan nan nan nan nan nan nan nan nan nan nan nan
nan 3.313910085489163437e-02 3.046744380497548588e-02 -1.153513534788195259e-02 1.493092554871404583e-02 4.771304480737341425e-02 4.226435308677807534e-02 -3.191851715459072952e-02 6.762099535893206781e-02 -4.407632136699018988e-02 nan nan nan nan nan nan nan nan nan nan nan nan nan nan nan nan nan nan
nan nan 1.730191679567725724e-02 1.918917531621877962e-02 4.308046443261369374e-02 6.039491732027158638e-02 5.683257113767409274e-02 -1.384188217729223624e-01 1.513231921569485085e-03 1.261004167477138560e-01 nan nan nan nan nan nan nan nan nan nan nan nan nan nan nan nan nan nan
nan nan 7.788509764428626185e-03 -1.891431532727634243e-02 9.464361484507545540e-04 nan 6.907950039382085294e-02 -6.747213408838464987e-02 -9.645775275301368690e-02 -1.514217229476919613e-01 nan nan nan nan nan nan nan nan nan nan nan nan nan nan nan nan nan nan
nan nan nan nan nan nan 3.322941723221021354e-02 8.256755509393115533e-02 -4.923991508125316607e-02 -4.290475347906663045e-02 nan nan 8.533503811875219058e-02 nan nan nan nan nan nan nan nan nan nan nan nan nan nan nan
nan nan nan nan nan 3.161549265095255079e-02 -4.177718012622423649e-02 2.761037058065340943e-02 -1.044619747693174006e-01 -3.400366103853952326e-02 nan nan nan nan nan nan nan nan nan nan nan nan nan nan nan nan nan nan
nan nan nan nan nan 5.761726584838060272e-02 3.063207353803949762e-02 1.240087478535430339e-02 -1.678474265013947184e-02 -9.378658361190156389e-02 -7.197114867452548276e-04 nan nan nan nan nan nan nan nan nan nan nan nan nan nan nan nan nan
nan nan nan nan nan 4.469346889148201329e-02 -3.229853875776079325e-02 5.709661334849239211e-02 -1.250200746489805483e-02 -9.645775794399191749e-02 -2.375620005958179945e-02 3.610810952576683219e-02 nan -2.495761292584837421e-02 nan nan nan nan nan nan nan nan nan nan nan nan nan nan
nan nan nan nan nan 5.094821403781085202e-03 -4.301081931300611283e-03 -4.907067544997582159e-02 -6.457672386001425506e-03 -3.330523169139372464e-02 -1.235799808741178535e-01 -2.432041918936180269e-01 -1.863596622645113249e-02 2.996982365375907773e-02 -1.853347012141721289e-02 nan nan nan nan nan nan nan nan nan nan nan nan nan
nan nan nan nan nan -1.041266027366095637e-01 -5.436793175214266888e-02 -2.336455103612136361e-02 -1.903820618143308580e-02 -3.989217790102889995e-05 -1.557392676992299697e-02 2.453261215873992970e-02 -1.864424838141483520e-01 -9.159474681853180256e-02 1.402979575507989560e-02 -5.384191759145232764e-03 -1.121341674809286752e-02 nan nan nan nan nan nan nan nan nan nan nan
nan nan nan nan nan nan -1.968851883719683130e-03 9.952772538030247446e-03 -1.629674631395544148e-03 -7.974715653244068489e-03 -1.117229045760300202e-02 -7.093146594482372877e-03 7.621419432243969720e-03 -6.533198614778837343e-02 -1.156967759285828026e-02 3.223576359673699376e-02 -1.855784587971467600e-02 -1.066201479612465322e-02 nan nan nan nan nan nan nan nan nan nan
nan nan nan nan nan nan nan -9.588410528182041842e-03 -7.362750189094766258e-04 -2.249836683339561435e-03 6.317680634030970951e-03 -1.768031248047597509e-02 -1.715552653212341558e-02 -5.178951331805613928e-02 -1.179637823866530322e-01 -9.531793885692396717e-02 5.121784475403901027e-03 4.474541045747901409e-03 -2.480404912448867794e-02 nan nan nan nan nan nan nan nan nan
nan nan nan nan nan nan nan 1.979965620019626116e-02 2.083885367055737098e-02 2.169725141167242778e-03 3.001974341751499197e-03 -2.480393483331298082e-02 -4.646361666755153413e-02 8.141404947188851313e-03 -7.118647495321621388e-02 -1.253470336109246963e-01 -1.159540282273837652e-01 -1.394769649132596157e-01 -4.533664083739605277e-02 -2.055656359900139701e-02 -2.570587245368323101e-02 nan nan nan nan nan nan nan
nan nan nan nan nan nan nan nan -1.300588291919442877e-02 -1.513887928337874673e-03 2.397821497726315958e-03 -2.497948515397000607e-02 -2.053767224386722490e-02 -3.237413011342955838e-02 -2.491882071781120062e-02 -2.649793869826906276e-02 -9.209908675282274526e-02 4.150782411532556726e-02 -1.605650629285954728e-02 -6.881406251929664264e-02 -3.375311396034973849e-02 -2.370466521859285886e-02 -3.301870628296223187e-02 nan nan nan nan nan
nan nan nan nan nan nan nan nan nan -3.726474595963061992e-02 -3.428546631498072348e-03 1.847452509290679196e-02 -1.049164963637799763e-02 6.284768841305715670e-03 -2.493910637074531200e-02 -9.883027105970861384e-03 -6.013264928105091500e-02 -1.016021301194750259e-01 1.885564780786308601e-03 -3.092329441170930254e-02 -5.779037409859921759e-02 -6.356205902864456303e-02 -3.597827105676285053e-02 -2.600051336431739163e-02 nan nan nan nan
nan nan nan nan nan nan nan nan nan nan 7.246898912369001411e-02 1.379208494477001702e-02 -3.048140955488626985e-03 -1.006892232685443860e-02 -2.867242753800398197e-02 -1.522171525480744449e-02 -6.678215094155757342e-03 -2.133133318666701611e-02 -1.049438716608366573e-01 -1.431282042522896703e-01 -9.394231579027531587e-02 -1.824441912857230341e-03 -7.084767630440595709e-02 -5.218155279379812356e-02 -2.384515717890509437e-03 -3.726494524471459652e-03 nan nan
nan nan nan nan nan nan nan nan nan nan nan nan 2.206127746551189706e-02 9.315657742601873847e-03 -1.215907288383540411e-02 -1.874271269620972347e-02 6.515093388212137362e-03 2.553081206203667436e-02 -8.820546200638271217e-02 4.042062718382543468e-02 -7.776449523332176761e-02 -6.218214723473530769e-02 1.922328614877615244e-03 4.746962338660627723e-03 -6.516047213485184030e-03 -6.594873370122844927e-03 nan nan
nan nan nan nan nan nan nan nan nan nan nan nan nan -5.850518009310385660e-03 2.255059158270339773e-02 6.022757684970766329e-02 1.388558756724445412e-02 -7.313149635349422417e-02 -8.109263517125961385e-02 1.919182091477248872e-02 -5.237407551253929483e-02 -3.590788796686357476e-02 -3.707883571189111993e-03 -5.527525983031992760e-03 1.514114948388167910e-04 3.341552759436312251e-03 nan nan
nan nan nan nan nan nan nan nan nan nan nan nan nan nan nan 7.984268766136942697e-02 2.176142575402112422e-02 2.132996335082717120e-04 2.596576171558553914e-02 4.491111692591415877e-02 1.313088464000181782e-02 1.674655801597894067e-01 1.064882365094461658e-01 1.199000535225441116e-02 -1.488945374495474760e-02 1.571089711289281807e-02 nan nan
nan nan nan nan nan nan nan nan nan nan nan nan nan nan nan nan nan 1.499153560178485001e-01 5.136136628634045687e-02 1.625304475796069403e-01 2.673031861056330283e-01 7.084592304893045506e-03 6.692934743627274030e-02 7.609021006182442592e-02 1.018836814960122003e-02 1.807711834110486450e-03 -8.587516559657969173e-03 nan
nan nan nan nan nan nan nan nan nan nan nan nan nan nan nan nan nan nan nan nan -2.686727819305640211e-02 nan nan -4.326038588986130112e-02 1.215835223771609547e-01 -1.551901531061543153e-02 nan nan
