nan nan nan -5.448881708267985791e-02 -3.829378788065784800e-02 nan nan nan nan nan nan nan nan nan nan nan nan nan nan nan nan nan nan nan nan nan nan nan
nan nan nan 3.363123544109657831e-02 -1.049990557378296507e-03 -5.528319668478744175e-02 -1.318330289744974737e-01 nan nan nan nan nan nan nan nan nan nan nan nan nan nan nan nan nan nan nan nan nan
nan nan 1.752973975131734974e-01 -4.846561000226352021e-03 2.376474235612684519e-02 -9.137204516618461017e-03 -4.210663800126185352e-02 -1.934608160493480333e-01 nan nan nan nan nan nan nan nan nan nan nan nan nan nan nan nan nan nan nan nan
nan 4.569891207684722428e-02 1.196247489434093536e-01 -1.167937425357634951e-01 1.389141719119482976e-01 -5.413590248761478846e-02 -6.446668115887341233e-02 -7.086711480126836604e-03 -6.761798073560409961e-02 nan nan nan nan nan nan nan nan nan nan nan nan nan nan nan nan nan nan nan
nan -1.110677773251630140e-01 -7.398310562666808067e-03 1.007647019447355796e-01 -2.429515874232662104e-02 9.773785814623570101e-02 -5.715440056414163028e-02 -9.632686857340917730e-02 -6.973513799879026143e-02 -1.626637627947923881e-01 nan nan nan nan nan nan nan nan nan nan nan nan nan nan nan nan nan nan
1.257373499740306322e-01 5.854721537247867258e-02 1.842930068104564334e-01 1.706485440418693544e-01 -5.820814739980423314e-02 -6.007553132259446128e-03 3.264095831847050287e-03 -2.746710671521152697e-02 -2.050542520171511410e-02 nan nan nan nan nan nan nan nan nan nan nan nan nan nan nan nan nan nan nan
8.466015264781144578e-02 1.365894069638101671e-01 7.311858502238775814e-02 -1.124965332912819804e-01 1.807300179372489934e-01 1.948644133788890800e-02 -5.494692165016012292e-02 -1.425386913515257203e-01 -8.990424888538119108e-02 nan nan nan nan nan nan nan nan nan nan nan nan nan nan nan nan nan nan nan
-3.053552911353811516e-02 1.802290045627581716e-02 1.839299786548163548e-02 1.536454766168505459e-01 2.557145907487681086e-02 -4.586397871182434222e-02 5.371822326723939278e-02 -7.261449162017186154e-02 -1.093713890759038798e-01 nan nan nan nan nan nan nan nan nan nan nan nan nan nan nan nan nan nan nan
nan -6.018052427689453838e-05 1.541336552943244065e-01 1.038566124559694853e-01 8.777791198411981355e-02 1.741087247462338450e-01 5.673927176360313296e-02 -6.398845104144100515e-02 1.454377156357968826e-01 -8.347241699657204084e-02 nan nan nan nan nan nan nan nan nan nan nan nan nan nan nan nan nan nan
nan -6.111623195593364477e-02 3.388309029534196382e-02 2.731697382492974391e-02 1.034141272741960910e-01 1.074194386372414323e-01 -5.528726194624470486e-02 1.084946901297188515e-01 -2.361924730695977581e-01 -1.215890645323853825e-01 nan nan nan nan nan nan nan nan nan nan nan nan nan nan nan nan nan nan
nan 3.103135200054437520e-02 3.556300905064601475e-02 -1.668720096710165496e-02 -9.629951594368168707e-03 7.795309685460893867e-02 6.171797746602393497e-02 -2.693006249515162917e-02 5.199880112906556801e-02 -3.237908733848182674e-02 nan nan nan nan nan nan nan nan nan nan nan nan nan nan nan nan nan nan
nan nan -1.018855368041735911e-02 5.369881430079655182e-02 3.123574869600555248e-02 4.202529596301885634e-02 4.908744965185449921e-02 -8.044169654516403201e-02 -3.944207222256351786e-02 1.091847375043130258e-01 nan nan nan nan nan nan nan nan nan nan nan nan nan nan nan nan nan nan
nan nan -5.587051374438044803e-03 9.754844679590158815e-03 2.104160547151668476e-02 nan 9.323742752383705479e-02 3.862777429521981054e-02 -1.988658062895490297e-02 -1.031800584120379782e-01 nan nan nan nan nan nan nan nan nan nan nan nan nan nan nan nan nan nan
nan nan nan nan nan nan 4.240597860217943348e-03 -6.396906837647417521e-03 -1.391649096662067597e-01 -6.565119462506387171e-02 nan nan 1.604806136431178587e-01 nan nan nan nan nan nan nan nan nan nan nan nan nan nan nan
nan nan nan nan nan 3.702445472767014467e-02 -4.261442625124946260e-02 6.272609082770243261e-02 -6.258168799350150024e-02 -7.209057329061074881e-02 nan nan nan nan nan nan nan nan nan nan nan nan nan nan nan nan nan nan
nan nan nan nan nan -6.317992424105060671e-03 2.370459128451717773e-02 -7.339556149461964191e-03 -8.699383491909759222e-03 -6.405580185899036050e-02 -4.695926032255752502e-02 nan nan nan nan nan nan nan nan nan nan nan nan nan nan nan nan nan
nan nan nan nan nan 3.849095735638619759e-02 -2.904072491069198056e-02 5.683277494609384473e-02 3.484614395877289744e-03 -8.467572427353700637e-02 -1.894978223314737822e-02 8.986896139811685960e-03 nan -1.565123227798349836e-02 nan nan nan nan nan nan nan nan nan nan nan nan nan nan
nan nan nan nan nan 6.978585787504424341e-03 -1.558012505981472978e-03 -3.300071308862129876e-02 -1.087150482972157849e-02 -2.734793928542601435e-02 -8.899786056851305416e-02 -2.109826951361640779e-01 5.222930436020623013e-03 3.645233724421897276e-02 -1.796258291016103806e-02 nan nan nan nan nan nan nan nan nan nan nan nan nan
nan nan nan nan nan -6.301967285426698928e-02 -4.295284628829468959e-02 -1.841149113847376576e-02 -7.847120340486138379e-03 1.176025182329615629e-02 -1.525866219205601008e-04 8.124381609032624643e-03 -1.890472642155917593e-01 -1.135759567314006957e-01 2.350557140223621597e-02 7.157500700853389013e-03 -1.586527236774193383e-02 nan nan nan nan nan nan nan nan nan nan nan
nan nan nan nan nan nan -1.258902405082834575e-02 4.842177653680224125e-03 -9.686991908722731226e-04 -1.080906968674446265e-02 -1.288828933371584384e-02 -7.596587668942079378e-04 -5.767433470609698107e-04 -4.971748844683828578e-02 -4.382890292491334328e-02 2.714714703713992996e-02 -2.277484881164711095e-02 9.089320945646767180e-03 nan nan nan nan nan nan nan nan nan nan
nan nan nan nan nan nan nan -2.045052052679774413e-02 8.384828639038749420e-03 -4.991771003741699757e-04 5.798976191407222494e-03 -4.284819147742064543e-02 -9.843209496393725069e-03 -3.860409776330245291e-02 -1.235310440266587512e-01 -1.058370046085021637e-01 4.715177624491282554e-03 -3.579732149160955688e-03 -2.405346039730298438e-02 nan nan nan nan nan nan nan nan nan
nan nan nan nan nan nan nan 1.454843760886199901e-03 -4.934438295915896146e-03 -6.303076698890296668e-03 -6.174836255836182487e-03 -2.868362058591830341e-02 -5.830719776494532741e-02 1.311099796422297988e-04 -1.930423126080892463e-02 -1.094430331901640185e-01 -1.148983806681236897e-01 -1.331485934235712154e-01 -4.259197729971893331e-02 -2.172631796681947017e-02 nan nan nan nan nan nan nan nan
nan nan nan nan nan nan nan nan 5.978116109580137831e-03 -1.205294884706144959e-02 3.949422502706248332e-03 -1.644655868129074952e-02 -1.131853879478600042e-02 -4.614628249378807667e-02 -5.225568925637578271e-02 1.525274500632643705e-03 -8.105200698556755401e-02 4.038353051390674436e-02 -1.307232450640838893e-02 -6.904476706128476193e-02 -2.695987994249742989e-02 nan nan nan nan nan nan nan
nan nan nan nan nan nan nan nan nan 4.358178945229560647e-02 -1.969509067277842168e-02 2.005009635674323207e-02 9.593035385669780590e-03 -6.651972077565404540e-04 -1.962210762548400114e-02 -1.717561535293192151e-02 -5.988022855987591708e-02 -1.355477840745122897e-01 -8.838634448909388555e-03 -3.149805277509520884e-02 -4.526076669591951041e-02 -4.285822951071967257e-02 -3.327275989373314896e-02 nan nan nan nan nan
nan nan nan nan nan nan nan nan nan nan 6.062227057287357390e-02 4.897351308494854102e-03 -2.241780794488076878e-02 -7.206155274561400204e-03 -4.645711139095799747e-02 7.958361157932478461e-03 -9.533400839103926133e-03 -2.632565917484876519e-02 -9.067767590332553862e-02 -1.663264212155262933e-01 -9.521163966027523795e-02 -1.613339360228601901e-02 -9.322025129035918511e-02 -6.035907563541408061e-02 -2.828087059418019078e-02 nan nan nan
nan nan nan nan nan nan nan nan nan nan nan nan 2.944446071475329690e-02 1.725977086344318220e-02 1.240327831508090950e-03 -6.006711345937415514e-02 -8.717077306520343294e-02 -1.438165920082976057e-02 4.643494358683877832e-02 7.085488568811769416e-02 -9.209388670889766260e-02 -7.957450017254427688e-02 -4.172123114820146250e-02 -3.751970648734385266e-02 -2.218437420751149386e-02 -2.223984798000007077e-02 nan nan
nan nan nan nan nan nan nan nan nan nan nan nan nan -3.079628745508119266e-03 4.080870427768238697e-03 2.383358342003401645e-02 -3.877527674992446889e-03 -6.375568305644327416e-02 -5.674353818232981406e-02 -3.144241008987040675e-02 -7.714668802744560627e-02 2.082006539418621016e-02 -3.022228764263762760e-02 -2.438512478139984868e-02 -4.846925199919812667e-03 -2.580121572766523770e-03 nan nan
nan nan nan nan nan nan nan nan nan nan nan nan nan nan nan 3.856063022338426100e-02 2.503229088785801498e-02 3.482754616165111700e-02 2.523992473459045136e-02 5.640417488715543382e-02 9.562860574434503547e-02 1.243862288299315416e-01 -1.123011753245060744e-02 1.943740793422529117e-02 -2.227126335700231347e-03 1.161582620770077942e-02 nan nan
nan nan nan nan nan nan nan nan nan nan nan nan nan nan nan nan nan 8.334270912814946419e-02 2.290896005700087112e-01 1.097906990545940292e-01 1.542843037256389493e-01 -2.564196876882707948e-02 6.379607118537543309e-02 4.346797471512832411e-02 2.926576727503045136e-02 9.004760938617394420e-03 -3.415924560981539737e-03 nan
nan nan nan nan nan nan nan nan nan nan nan nan nan nan nan nan nan nan nan nan 2.530235537068908219e-02 nan nan -5.479189887784425422e-02 -1.418391631318096941e-03 1.018106895426104663e-02 nan nan
