nan nan nan 2.659216674847508344e+00 1.249225432757715248e+00 2.070084171986690258e-01 nan nan nan nan nan nan nan nan nan nan nan nan nan nan nan nan nan nan nan nan nan nan
nan nan 3.369330712655587146e+00 2.258856468627730152e+00 1.147894899224783716e+00 3.127897171908557428e-01 1.616220767416609583e-02 nan nan nan nan nan nan nan nan nan nan nan nan nan nan nan nan nan nan nan nan nan
nan nan 2.880604411471875625e+00 1.898554289985058929e+00 1.052637113389920165e+00 3.692007462479152125e-01 -9.621635325705405264e-03 4.137452088336162070e-01 nan nan nan nan nan nan nan nan nan nan nan nan nan nan nan nan nan nan nan nan
nan 3.315616509464202721e+00 2.474691098170170633e+00 1.675076931332312169e+00 9.026606829554307820e-01 4.981566618711238265e-02 -5.410790209429588993e-01 -4.315062989360534673e-01 1.059874932563086958e+00 nan nan nan nan nan nan nan nan nan nan nan nan nan nan nan nan nan nan nan
3.772830167097271925e+00 3.081289687506005404e+00 2.322531575698151496e+00 1.526170458809321451e+00 5.783500687821564457e-01 -4.491013477277623900e-01 -1.503858782094193769e+00 -2.146277643054247619e+00 -2.246056333742890931e+00 -1.445716181410271473e-01 nan nan nan nan nan nan nan nan nan nan nan nan nan nan nan nan nan nan
3.623785892882904758e+00 2.888702167085784200e+00 2.133138435803421551e+00 1.259207109275265468e+00 1.714516595330710658e-01 -1.148369296196890543e+00 -2.514592506380578740e+00 -3.731993912909862932e+00 -4.162049269365795112e+00 nan nan nan nan nan nan nan nan nan nan nan nan nan nan nan nan nan nan nan
3.569299435939693677e+00 2.833149846247826176e+00 1.940525677337649801e+00 8.686739156703838782e-01 -3.777437804008543232e-01 -1.836347095087675685e+00 -3.400409904643550529e+00 -4.521230884440387676e+00 -4.821883197270916632e+00 nan nan nan nan nan nan nan nan nan nan nan nan nan nan nan nan nan nan nan
3.368501701349118083e+00 2.643609111270553313e+00 1.660707954909165451e+00 3.150459908103300233e-01 -1.208601367660362191e+00 -2.667598197386544800e+00 -4.161236037835134738e+00 -5.083785445947117232e+00 -4.655183519911999745e+00 nan nan nan nan nan nan nan nan nan nan nan nan nan nan nan nan nan nan nan
nan 2.083355470796383724e+00 8.725051116025438480e-01 -6.488853556788850563e-01 -2.191875200726970618e+00 -3.601037519504480144e+00 -4.920033639264013381e+00 -5.524481915000596821e+00 -4.521818158119417674e+00 -1.579139405192830248e+00 nan nan nan nan nan nan nan nan nan nan nan nan nan nan nan nan nan nan
nan 1.210921747378626234e+00 -6.989169159178088009e-02 -1.557531488701160427e+00 -3.038438109701651513e+00 -4.411123628588572210e+00 -5.599550361481096417e+00 -6.245768816939802015e+00 -5.451093589603583034e+00 -2.933507504330794546e+00 nan nan nan nan nan nan nan nan nan nan nan nan nan nan nan nan nan nan
nan 4.992766039055922533e-01 -9.093344139517592906e-01 -2.434620557349906900e+00 -3.763245427255049069e+00 -4.894900572415846973e+00 -6.196321656679800505e+00 -6.644556498628991115e+00 -6.146632974426926133e+00 -3.599280293692572297e+00 nan nan nan nan nan nan nan nan nan nan nan nan nan nan nan nan nan nan
nan nan -1.801258988533295913e+00 -3.224143382860597651e+00 -3.875933882627502935e+00 -5.036429793797076115e+00 -6.617300854042134972e+00 -7.226182404561785511e+00 -6.971948685207117080e+00 -3.967483923713719829e+00 nan nan nan nan nan nan nan nan nan nan nan nan nan nan nan nan nan nan
nan nan -2.074547469784250975e+00 -3.043401603623151264e+00 -3.942320661605437593e+00 nan -6.690192710670582521e+00 -7.237175920228774650e+00 -7.683272270115073077e+00 -4.599007658734559634e+00 nan nan nan nan nan nan nan nan nan nan nan nan nan nan nan nan nan nan
nan nan nan nan nan nan -5.987814852302889790e+00 -6.632816472464760693e+00 -7.298529855757659668e+00 -4.953897434531487676e+00 nan nan -2.066208355038437361e+00 nan nan nan nan nan nan nan nan nan nan nan nan nan nan nan
nan nan nan nan nan -3.511763350047095056e+00 -4.641741081947952985e+00 -5.354249691872578154e+00 -5.882981098303655898e+00 -5.150420470699216935e+00 nan nan nan nan nan nan nan nan nan nan nan nan nan nan nan nan nan nan
nan nan nan nan nan -3.078698102975199635e+00 -3.551704836859791659e+00 -3.814706122382484299e+00 -3.794423473886707310e+00 -2.669613687684566639e+00 4.112239393940316234e-01 nan nan nan nan nan nan nan nan nan nan nan nan nan nan nan nan nan
nan nan nan nan nan -2.668263181435619913e+00 -2.987100253934038108e+00 -2.969872945219084404e+00 -2.669713347030521433e+00 -1.601137679465297614e+00 -1.683759099117004554e-01 8.868319776278456024e-01 nan 1.103638408589501685e+00 nan nan nan nan nan nan nan nan nan nan nan nan nan nan
nan nan nan nan nan -2.194654807403178864e+00 -2.546416545389032393e+00 -2.672337395370000479e+00 -2.930197872461644426e+00 -2.775716255877265670e+00 -2.047501414393796626e+00 -1.144416178153401242e+00 -6.011790968007513225e-01 -6.646681126415425744e-01 2.445767806933236699e-01 nan nan nan nan nan nan nan nan nan nan nan nan nan
nan nan nan nan nan -1.625429169280405484e+00 -2.206037728397671760e+00 -2.635842249146497451e+00 -3.086621355873523598e+00 -3.308206106595605434e+00 -3.328314587404076708e+00 -2.938999902260671870e+00 -2.395368962130163037e+00 -1.591216351094141279e+00 -1.316251081158888336e+00 2.836475136453643353e-01 5.507093967280686231e-01 nan nan nan nan nan nan nan nan nan nan nan
nan nan nan nan nan nan -2.036408711362879931e+00 -2.643970894556316065e+00 -3.036120748833841532e+00 -3.402290397946375666e+00 -3.717318286724278664e+00 -3.393828857610433403e+00 -2.965951234838404726e+00 -2.116739847697803878e+00 -7.524915058708160354e-01 7.602238099192150378e-02 5.840163804010437554e-01 1.331151850718248930e+00 nan nan nan nan nan nan nan nan nan nan
nan nan nan nan nan nan nan -2.358808683221056857e+00 -2.747581891328993553e+00 -3.154144077992842909e+00 -3.687504382281269866e+00 -3.428300452528854070e+00 -2.947017941612691150e+00 -2.317688296298850315e+00 -1.195898683323514344e+00 2.035630525076215225e-01 8.978939911251201389e-01 1.858397159118495123e+00 2.569133826381086561e+00 nan nan 2.957781595641768124e+00 nan nan nan nan nan nan
nan nan nan nan nan nan nan -1.896060656161707714e+00 -2.276959022255996334e+00 -2.862988986869163366e+00 -3.507741017698786212e+00 -3.327094472693309601e+00 -2.943621564035755256e+00 -2.525245972695906893e+00 -1.957263732621676633e+00 -7.338599794886101479e-01 5.104573918741711624e-01 9.970701307837233074e-01 1.400534023635493952e+00 1.389278407937995397e+00 1.029102227421689664e+00 5.532401731005921475e-01 1.577685885246857822e+00 nan nan nan nan nan
nan nan nan nan nan nan nan nan -1.810261737277789607e+00 -2.401811592688510633e+00 -3.086321891169561127e+00 -3.132433393189125059e+00 -3.004151693054263106e+00 -2.596382742706584867e+00 -2.126455470295496752e+00 -1.403652132409531683e+00 -4.982172625244190578e-01 2.029705287624003207e-01 3.345254484402438444e-01 1.811557828269281245e-01 -1.340955389372048001e-01 -1.845234706554403914e-01 3.977851550794939822e-02 1.298842866767516924e+00 nan 2.226745399988796503e+00 2.336502609925970031e+00 nan
nan nan nan nan nan nan nan nan nan -1.917528869250632484e+00 -2.773895234100562046e+00 -3.043430608987005570e+00 -2.970871319132481148e+00 -2.561929758440273375e+00 -2.065233429210719063e+00 -1.546510624924021471e+00 -9.734605181677947749e-01 -4.691532852660253994e-01 -2.438723393976340859e-01 -5.641244915478108579e-01 -7.830239267455123553e-01 -5.719826249935214824e-01 -1.605764441981594182e-02 6.837788094488991275e-01 nan 3.316755364925837668e+00 2.631572352302193885e+00 nan
nan nan nan nan nan nan nan nan nan nan -2.530979612216935681e+00 -2.933124032937991732e+00 -2.942284060594630546e+00 -2.498581894683439941e+00 -1.942259380555559689e+00 -1.477380762880155629e+00 -1.047546862241703458e+00 -7.789331137581556597e-01 -6.312093360771239281e-01 -6.000772995030663193e-01 -7.102761558416678112e-01 -7.046216934538941379e-01 -1.558424166950154455e-01 8.607977165120844765e-01 2.292677550628089200e+00 2.441606811644607689e+00 2.032088073732767786e+00 nan
nan nan nan nan nan nan nan nan nan nan nan nan -2.831081331034286830e+00 -2.455514772801752343e+00 -1.846991865086640594e+00 -1.334411912213436580e+00 -9.726647784197292035e-01 -8.478032073348694686e-01 -9.870197563982432420e-01 -1.002088251004671138e+00 -8.891436593071336825e-01 -5.669262452002630237e-01 -2.980407219788465678e-01 2.667475855743888791e-01 9.154934771051905784e-01 1.136133332378041594e+00 1.190596123897761593e+00 nan
nan nan nan nan nan nan nan nan nan nan nan nan nan -2.249847766044376751e+00 -1.692972690574355177e+00 -1.143861718547858342e+00 -8.140741608609919355e-01 -7.224232758844224556e-01 -9.406430049026649476e-01 -1.070708077420292836e+00 -1.155590016254478547e+00 -1.161232681958400237e+00 -1.064980975289246956e+00 -4.095422546423843069e-01 1.461016935792195104e-01 3.594687160485521837e-01 4.725631771068905529e-01 nan
nan nan nan nan nan nan nan nan nan nan nan nan nan nan nan -9.842450895989064419e-01 -6.053310299650666026e-01 -5.144402876769310629e-01 -8.161024683634492405e-01 -1.071246454199923592e+00 -1.395607851913148734e+00 -1.608769663311240272e+00 -1.992629613299960134e+00 -1.435276875976373434e+00 -5.387390915960542648e-01 -5.331626543856934214e-02 5.940414904615698433e-02 nan
nan nan nan nan nan nan nan nan nan nan nan nan nan nan nan nan nan -4.945656359788310197e-01 -8.713754384045335755e-01 -1.413140896461015039e+00 -2.027257841413147244e+00 -1.984434874998267651e+00 -2.101341634249603185e+00 -1.588241485223268468e+00 -9.965336444386303505e-01 -4.434067189235237905e-01 -2.197331185910522677e-01 nan
nan nan nan nan nan nan nan nan nan nan nan nan nan nan nan nan nan nan nan nan -2.216512499354277299e+00 nan nan -1.415624460114334182e+00 -9.961016369498009171e-01 -5.565747659421925730e-01 nan nan
