nan nan nan 5.057181855106889223e+00 3.806969137576576845e+00 2.056511946002967495e+00 nan nan nan nan nan nan nan nan nan nan nan nan nan nan nan nan nan nan nan nan nan nan
nan nan 5.707256327850598332e+00 4.912301326256231171e+00 3.627069928394096809e+00 1.805301617330969277e+00 6.892042269788935249e-02 nan nan nan nan nan nan nan nan nan nan nan nan nan nan nan nan nan nan nan nan nan
nan nan 5.750063699658181982e+00 4.911807380860108374e+00 3.452402787494858405e+00 1.805339924527783468e+00 2.015576932301051116e-01 -2.659603359156506031e-01 nan nan nan nan nan nan nan nan nan nan nan nan nan nan nan nan nan nan nan nan
nan 6.158063680723212308e+00 5.635083890760829384e+00 4.662098366170350339e+00 3.236605720914805584e+00 1.710478183990087997e+00 1.335436989486689374e-01 -7.389648397059350726e-01 -5.920398437484383214e-01 nan nan nan nan nan nan nan nan nan nan nan nan nan nan nan nan nan nan nan
6.461475827745657874e+00 6.056758119573479426e+00 5.418071271089096363e+00 4.337777714028898224e+00 3.043507756859829438e+00 1.452340836608781105e+00 -2.467204533579659964e-01 -1.520920483019329472e+00 -3.255835944647002211e+00 -2.729609509481006224e+00 nan nan nan nan nan nan nan nan nan nan nan nan nan nan nan nan nan nan
6.272636900144380689e+00 5.880122025815675890e+00 5.141042866906198050e+00 4.059915493996035352e+00 2.725786213075392705e+00 1.108539316169667943e+00 -8.674256471203077856e-01 -2.219005170758990175e+00 -4.615207716143106431e+00 nan nan nan nan nan nan nan nan nan nan nan nan nan nan nan nan nan nan nan
6.130244247351837039e+00 5.599325923518885695e+00 4.748481783906370879e+00 3.666600066785447254e+00 2.276065239153614250e+00 6.241274056855010688e-01 -1.169213114201162140e+00 -2.502974463755398116e+00 -4.297741049799251201e+00 nan nan nan nan nan nan nan nan nan nan nan nan nan nan nan nan nan nan nan
5.948164521729246701e+00 5.289000650894685407e+00 4.343563828235656565e+00 3.286436853867549246e+00 2.012078263763170671e+00 4.249560491257913242e-01 -1.289276356100258925e+00 -2.440674529985990659e+00 -3.165732163203261340e+00 nan nan nan nan nan nan nan nan nan nan nan nan nan nan nan nan nan nan nan
nan 4.938670403119382435e+00 3.834529903806556117e+00 2.713384682425623140e+00 1.481148924342019280e+00 1.027482303104360478e-01 -1.484378081248161729e+00 -2.503504221895210602e+00 -2.264233783055931148e+00 -7.960212902365495502e-01 nan nan nan nan nan nan nan nan nan nan nan nan nan nan nan nan nan nan
nan 4.539931483567101189e+00 3.307212019237650846e+00 2.123496861373044720e+00 1.068669482940465709e+00 -1.735834099155089960e-01 -1.680392353879192724e+00 -2.816830916073596924e+00 -3.084432450695313577e+00 -2.493763369664188989e+00 nan nan nan nan nan nan nan nan nan nan nan nan nan nan nan nan nan nan
nan 4.050357144677702692e+00 2.703716810396752823e+00 1.626137335619192603e+00 6.455323378633944786e-01 -6.436348532763053187e-01 -2.014754224212305544e+00 -2.681866556772153132e+00 -3.224936824096489740e+00 -2.918145366402842722e+00 nan nan nan nan nan nan nan nan nan nan nan nan nan nan nan nan nan nan
nan nan 2.122991213426879131e+00 9.281163395030619379e-01 -1.073526987093963020e-01 -1.400646353869650307e+00 -2.197850686023786526e+00 -2.653594100233180431e+00 -3.052514498403443799e+00 -2.934215413543776574e+00 nan nan nan nan nan nan nan nan nan nan nan nan nan nan nan nan nan nan
nan nan 7.872529648177405415e-01 -4.106292641115556474e-01 -9.717069599326281226e-01 nan -2.141409389964970433e+00 -2.236762558888012453e+00 -2.670446279850237747e+00 -2.868975832418322991e+00 nan nan nan nan nan nan nan nan nan nan nan nan nan nan nan nan nan nan
nan nan nan nan nan nan -1.660929557104179333e+00 -1.742177292363831898e+00 -2.191101647304252165e+00 -2.419816500679429438e+00 nan nan -1.181791301454097054e+00 nan nan nan nan nan nan nan nan nan nan nan nan nan nan nan
nan nan nan nan nan -9.682592081595386979e-01 -1.060302940424421747e+00 -1.249187413960278326e+00 -1.658870790140517748e+00 -2.544940679197027489e+00 nan nan nan nan nan nan nan nan nan nan nan nan nan nan nan nan nan nan
nan nan nan nan nan -5.550723156232410110e-02 -2.186888421878028232e-01 -3.911914252386801683e-01 -7.749492072742535376e-01 -1.018415735776585951e+00 4.429482073330588965e-01 nan nan nan nan nan nan nan nan nan nan nan nan nan nan nan nan nan
nan nan nan nan nan 7.196459762707766439e-01 4.904678944976347821e-01 3.424130257126065668e-01 4.412061488969798440e-02 2.185424669462827929e-01 8.627122065808962015e-01 1.164643529093297269e+00 nan 1.720696566243962389e+00 nan nan nan nan nan nan nan nan nan nan nan nan nan nan
nan nan nan nan nan 9.658553437943876441e-01 8.679807802020373941e-01 5.858113558588471381e-01 2.441882087385101874e-01 6.448778887581015085e-02 2.317367770914988689e-01 4.719228991354744163e-01 1.700153748665005349e-01 -2.343162044526475862e-01 8.495009631910983572e-01 nan nan nan nan nan nan nan nan nan nan nan nan nan
nan nan nan nan nan 1.119511774231750412e+00 8.433356758476920900e-01 4.676728123651783253e-01 9.425392020197438658e-02 -2.632672516352767000e-01 -4.499059877077562497e-01 -3.191579864392067312e-01 -3.084433394673796180e-01 -5.268043406886674385e-01 -7.406090533864322367e-01 1.079541210998167022e+00 1.060613444510930536e+00 nan nan nan nan nan nan nan nan nan nan nan
nan nan nan nan nan nan 8.598537054725464701e-01 4.604556928293133122e-01 -6.493737203309442318e-02 -4.683096591708885703e-01 -7.966839756363482961e-01 -7.369596283709007878e-01 -6.525292775374157417e-01 -4.434243751170574566e-01 -1.455979139018653556e-01 2.420630718500955403e-01 5.906582332046145245e-01 1.508387311050640500e+00 nan nan nan nan nan nan nan nan nan nan
nan nan nan nan nan nan nan 4.619060946490691211e-01 -8.726252724367149216e-02 -6.602743854148747094e-01 -1.044235768364349060e+00 -1.109099416984947295e+00 -1.065573156622024564e+00 -8.309534982987781815e-01 -3.496115494143124391e-01 3.146704406042907798e-01 7.149381502454744686e-01 1.604018436873903442e+00 2.239884859019589225e+00 nan nan 2.898614204162236252e+00 nan nan nan nan nan nan
nan nan nan nan nan nan nan 4.699949656302783718e-01 -1.701598934799797291e-02 -6.527892097540224370e-01 -1.131606957859037310e+00 -1.320242835971629392e+00 -1.399267403316511782e+00 -1.391420876075841306e+00 -1.343300139470603227e+00 -7.802743752196503735e-01 -1.360434752049215490e-01 2.736018852184848860e-01 7.606013947046683654e-01 9.268985185356796164e-01 4.065761390743316550e-01 7.379826973356040654e-04 1.287042678786973982e+00 nan nan nan nan nan
nan nan nan nan nan nan nan nan 1.633745957652476266e-01 -4.177949538821690290e-01 -9.961032794126372103e-01 -1.410330741715077663e+00 -1.577805761117894834e+00 -1.585426644461759516e+00 -1.683093123578695893e+00 -1.370119347056694581e+00 -9.709213869597409508e-01 -5.179952664416350716e-01 -2.463120365005902757e-01 -3.169106541551218736e-01 -8.035717075772560447e-01 -1.018654999928518157e+00 -7.383008337622363193e-01 5.909073864521389163e-01 nan 1.757992942446708895e+00 1.573562271807223523e+00 nan
nan nan nan nan nan nan nan nan nan -2.730353228546495425e-01 -9.730667327982808201e-01 -1.402139019350333582e+00 -1.573481800527900765e+00 -1.599311053522010306e+00 -1.626997774118625673e+00 -1.558487750116067438e+00 -1.415236586669583296e+00 -1.016180146127896755e+00 -7.489883022030178195e-01 -7.838028057013857186e-01 -9.587619989158779887e-01 -1.014632833803035261e+00 -9.410914013584670279e-01 -3.467869051871828034e-01 nan 2.492807863983527827e+00 1.744491655001791486e+00 nan
nan nan nan nan nan nan nan nan nan nan -7.241240268101060140e-01 -1.262273890073947857e+00 -1.509291883351741914e+00 -1.554974478570049001e+00 -1.536655269912327038e+00 -1.585279532529787039e+00 -1.520689183723823446e+00 -1.220593880329936320e+00 -7.894728614972684744e-01 -7.694093193164759370e-01 -7.676444580946474305e-01 -8.260276806880245681e-01 -7.559098092019622683e-01 1.504402617567057732e-02 1.528372874424285932e+00 1.526698636810937648e+00 9.775118602788785971e-01 nan
nan nan nan nan nan nan nan nan nan nan nan nan -1.289694537287721099e+00 -1.448775146134166691e+00 -1.512333848411962833e+00 -1.436509318687459791e+00 -1.282482022502933861e+00 -1.095059788296397496e+00 -9.336483215866300256e-01 -7.130897521283633411e-01 -5.250674544258108201e-01 -5.547139584800220291e-01 -4.676568210783468849e-01 -3.216593810918015883e-01 5.051676585200789299e-02 2.123822019327000279e-02 6.353351295163382761e-02 nan
nan nan nan nan nan nan nan nan nan nan nan nan nan -1.230018116631607095e+00 -1.379510307684191917e+00 -1.272229191056378994e+00 -1.031158799976641838e+00 -7.541460393941689100e-01 -6.762167180695093371e-01 -6.032971041213522900e-01 -3.687744668598589293e-01 -1.717494141112088923e-01 -2.458167203254328081e-01 -3.800666155865702334e-01 -5.665111388505725820e-01 -6.652321414226337604e-01 -5.401180570069076259e-01 nan
nan nan nan nan nan nan nan nan nan nan nan nan nan nan nan -1.116315416873978839e+00 -7.731521508725617275e-01 -4.350495399951010422e-01 -2.864783740485863928e-01 -3.823582411125630576e-01 -4.373558437334779114e-01 -7.204653897090269876e-02 1.197232571774412974e-01 -2.816250650268548594e-01 -7.752246664353418248e-01 -9.237340963269135008e-01 -7.964889321800395772e-01 nan
nan nan nan nan nan nan nan nan nan nan nan nan nan nan nan nan nan -1.419342190030400130e-01 2.387765123572815895e-02 -2.915585907360898621e-01 -1.120064037892341657e+00 -1.334786156916836886e+00 -1.710187231376550654e-01 -1.257755889451447617e-01 -6.083002696026441614e-01 -8.860500827823279968e-01 -8.123900110816117959e-01 nan
nan nan nan nan nan nan nan nan nan nan nan nan nan nan nan nan nan nan nan nan -1.878379568427730684e+00 nan nan -7.455305271543469781e-01 -9.474732490450972489e-02 -3.770170252195141347e-01 nan nan
