nan nan nan 6.226271296329816130e-01 1.574626837537524970e-01 -1.516363242512420439e-01 nan nan nan nan nan nan nan nan nan nan nan nan nan nan nan nan nan nan nan nan nan nan
nan nan 7.672844369756675054e-01 4.644421068074304770e-01 1.397052329281605887e-01 -2.917545581974245739e-01 -4.599901938911734045e-01 nan nan nan nan nan nan nan nan nan nan nan nan nan nan nan nan nan nan nan nan nan
nan nan 6.889639333326936788e-01 4.675398957068749861e-01 1.272909118726047450e-01 -9.637306295100625531e-02 -2.794932612353479562e-01 2.862071023241122281e-02 nan nan nan nan nan nan nan nan nan nan nan nan nan nan nan nan nan nan nan nan
nan 8.429999291709266984e-01 6.235578881274734808e-01 4.556745095815546431e-01 2.066124210409714945e-01 1.255851177232248650e-01 -2.955734559239275860e-02 -7.796526164773920353e-02 2.579882009311275093e-01 nan nan nan nan nan nan nan nan nan nan nan nan nan nan nan nan nan nan nan
1.005347903418381650e+00 7.780044051888284073e-01 5.520267158296708887e-01 4.127679332986240457e-01 3.251635801981107576e-01 1.478521901293139984e-01 -7.762810196655373085e-02 -4.634809505916533956e-01 -5.685835085042491022e-01 3.793014077586451815e-01 nan nan nan nan nan nan nan nan nan nan nan nan nan nan nan nan nan nan
9.742915328767693950e-01 7.502505234199400297e-01 5.732171217212985725e-01 5.093018274070758578e-01 3.917419975141523403e-01 9.111928005764419192e-02 -1.726174310556480851e-01 -6.527148768206118001e-01 -7.507423788329680159e-01 nan nan nan nan nan nan nan nan nan nan nan nan nan nan nan nan nan nan nan
9.705238696978188973e-01 7.426811030499864685e-01 6.433941712791145795e-01 6.116163402317231768e-01 2.834132551928360000e-01 -3.397947037296539241e-02 -1.404210999379573444e-01 -4.470419919039978485e-01 -5.002977402486126213e-01 nan nan nan nan nan nan nan nan nan nan nan nan nan nan nan nan nan nan nan
9.636856187848301669e-01 6.462488050773198545e-01 5.130623639670603975e-01 5.010184382142998105e-01 1.703543601283846465e-01 4.136661295816745909e-02 -5.724432361251474699e-02 -1.113073573623045154e-01 4.320135072420693695e-02 nan nan nan nan nan nan nan nan nan nan nan nan nan nan nan nan nan nan nan
nan 6.444246635275028279e-01 5.368060527232794144e-01 4.496975992955162260e-01 2.561403839507224167e-01 1.575462766318508345e-01 7.273285264280959783e-02 -1.151371770994357724e-01 2.879504445328726625e-01 -3.542943999757791618e-01 nan nan nan nan nan nan nan nan nan nan nan nan nan nan nan nan nan nan
nan 5.783624639208042595e-01 4.303829781352347950e-01 3.252040638333293376e-01 1.715878852602906735e-01 1.273609983678370972e-01 3.445400226805411803e-02 -1.830544490371916466e-01 -2.106226269649717486e-01 -4.514200995406935646e-01 nan nan nan nan nan nan nan nan nan nan nan nan nan nan nan nan nan nan
nan 3.832831647723324853e-01 1.331556674826638031e-01 6.294890825187535177e-02 9.345392000001884192e-02 -1.429724053065565270e-01 -4.043562272884810294e-01 -3.409578235298314497e-01 -4.022968375428301879e-01 -3.478052659085567044e-01 nan nan nan nan nan nan nan nan nan nan nan nan nan nan nan nan nan nan
nan nan 1.766230873652158140e-02 8.401248271906242016e-02 -3.908179870541395040e-02 -3.815870992787634974e-01 -6.927768483838807612e-01 -6.243977471657125022e-01 -4.871303456326628312e-01 1.449533167299771885e-01 nan nan nan nan nan nan nan nan nan nan nan nan nan nan nan nan nan nan
nan nan 3.445523456931810502e-01 4.392861088064387021e-01 -5.403882192165250231e-01 nan -1.140231420011352803e+00 -6.887816600972096470e-01 -3.176761642193000612e-01 3.421877185669818244e-01 nan nan nan nan nan nan nan nan nan nan nan nan nan nan nan nan nan nan
nan nan nan nan nan nan -8.205992825010893776e-01 -1.492707500165577628e-01 2.309316882778208457e-01 4.474070881660648369e-01 nan nan 3.788105009351324659e-01 nan nan nan nan nan nan nan nan nan nan nan nan nan nan nan
nan nan nan nan nan -1.407332142828785937e+00 -9.793338728791565195e-01 -1.447775195132305903e-02 6.980381236062236372e-01 8.336416381967748368e-01 nan nan nan nan nan nan nan nan nan nan nan nan nan nan nan nan nan nan
nan nan nan nan nan -1.427599993497102204e+00 -1.129215946109649149e+00 -6.594137599597116317e-02 8.159557400673475014e-01 1.389404366777342359e+00 2.910629993101823687e-01 nan nan nan nan nan nan nan nan nan nan nan nan nan nan nan nan nan
nan nan nan nan nan -1.984878755996364319e+00 -1.079481550847988469e+00 -5.631194313938692186e-02 7.871195038606088046e-01 1.290332260326217062e+00 1.051058303264931881e+00 1.601822023697045405e-01 nan 1.216947466291286695e+00 nan nan nan nan nan nan nan nan nan nan nan nan nan nan
nan nan nan nan nan -2.051592560437459856e+00 -9.545739503143846338e-01 -8.057641495617939853e-04 7.249408971711117644e-01 1.047554905003668768e+00 8.388972235788885179e-01 2.980749713431581904e-01 -5.018840520043969800e-02 1.408362925256562981e-01 5.185602912087065031e-01 nan nan nan nan nan nan nan nan nan nan nan nan nan
nan nan nan nan nan -1.432331101458941047e+00 -7.217381963871036810e-01 1.890317324165013968e-02 6.342962731215990857e-01 9.287882425202620418e-01 8.755542045961870468e-01 4.898874220154721959e-01 1.025362202546611923e-01 1.513500924971815653e-01 4.989326823796647048e-01 1.416661506249945912e+00 8.050150543330572006e-01 nan nan nan nan nan nan nan nan nan nan nan
nan nan nan nan nan nan -4.846193402453958243e-01 3.584903485924206823e-02 4.706189937403975065e-01 7.838690757822804889e-01 8.657981314664103811e-01 6.175099227688751746e-01 4.843926395331207835e-01 4.915087882746913550e-01 5.040409163507190149e-01 7.587251383071418331e-01 1.735695387579411775e-01 5.286632557222061823e-01 nan nan nan nan nan nan nan nan nan nan
nan nan nan nan nan nan nan 1.126142409328073635e-01 4.471377165282912625e-01 6.821585788648322213e-01 6.917098052408100495e-01 7.067379866395328003e-01 7.457785293371884672e-01 9.447071079083292355e-01 9.514864541273280185e-01 8.651504387502700899e-01 5.887359599519375042e-01 4.255922744965351945e-01 6.203340504957736146e-01 nan nan 7.133910751105089210e-01 nan nan nan nan nan nan
nan nan nan nan nan nan nan 1.533135833456442665e-01 4.150752206249472831e-01 5.949265102898630975e-01 7.105156547416656698e-01 7.840127341531772931e-01 9.394736107147569903e-01 1.125372557486893355e+00 1.184613666527978060e+00 1.078621899134084794e+00 8.930102882208159620e-01 8.361393085223212118e-01 7.007612019657019076e-01 4.954231537552890030e-01 1.321356270226492768e-01 4.445010254631008573e-02 4.857046632321317947e-01 nan nan nan nan nan
nan nan nan nan nan nan nan nan 3.657528653164864862e-01 6.491029070218866659e-01 1.110839559709809299e+00 1.109985804260359421e+00 1.149281700801303874e+00 1.238079620819844129e+00 1.377373607864518235e+00 1.394701083775700123e+00 1.260563382828896462e+00 1.032409066312005130e+00 8.536213106176593346e-01 7.350079486630433090e-01 5.261879099900711454e-01 5.114971646498136515e-01 6.295010601470425460e-01 2.409412466387679252e-01 nan 7.514797580411033406e-01 9.961839250855302197e-01 nan
nan nan nan nan nan nan nan nan nan 7.415010498491665381e-01 1.015488127473441082e+00 1.143037051275387128e+00 1.206708988748395051e+00 1.278923902259765155e+00 1.396952923979245309e+00 1.522048710269525262e+00 1.476441712093718994e+00 1.349368245283533607e+00 1.192364065091913616e+00 1.132122052486356001e+00 1.028665657050803928e+00 9.532922769570675303e-01 1.040145307963293853e+00 1.059698720784781667e+00 nan 1.104086350726134036e+00 8.238815021575695008e-01 nan
nan nan nan nan nan nan nan nan nan nan 1.056766736556085329e+00 1.227542462114081800e+00 1.210194304981022206e+00 1.200896853649707108e+00 1.439568285293673533e+00 1.580667939997788540e+00 1.670050189722301237e+00 1.764348602452485482e+00 1.755739360433829610e+00 1.657988859842385976e+00 1.431309322112596094e+00 1.254753931805492995e+00 1.282027225861802622e+00 1.610048600842815425e+00 1.925796281176692659e+00 1.207467497720217997e+00 8.557852982621927396e-01 nan
nan nan nan nan nan nan nan nan nan nan nan nan 1.178839317950523213e+00 1.216305017126701582e+00 1.522681142679030319e+00 1.782374851666694848e+00 1.933864517832483365e+00 2.062413841045823037e+00 2.130412929423438406e+00 2.053658749270085959e+00 1.834229966136954326e+00 1.380494544080923536e+00 1.285633984772942995e+00 1.423525541900083402e+00 1.564873465372254469e+00 1.294065814610528609e+00 9.945972009052594931e-01 nan
nan nan nan nan nan nan nan nan nan nan nan nan nan 1.298679632279105434e+00 1.689233741732381500e+00 1.966885212266826999e+00 2.115900644064988789e+00 2.192758542628856056e+00 2.216131772358249208e+00 2.067326967912953339e+00 1.782400813859174038e+00 1.439498210290982350e+00 1.061508452762481625e+00 1.074713203723948851e+00 1.220331342471019598e+00 1.148542824949272623e+00 8.902798257794897197e-01 nan
nan nan nan nan nan nan nan nan nan nan nan nan nan nan nan 2.152195323823356432e+00 2.330655987202543855e+00 2.431307445035104209e+00 2.384158218607217883e+00 2.142574940852076892e+00 1.703556198726781545e+00 1.139827453338742025e+00 7.810962848943405756e-01 8.225205975198893737e-01 9.606508618730782434e-01 9.666357646525779446e-01 7.496766784378434689e-01 nan
nan nan nan nan nan nan nan nan nan nan nan nan nan nan nan nan nan 2.491323018778451193e+00 2.386629833516809018e+00 2.055995561514934344e+00 1.152333186643007767e+00 4.570897547955005691e-01 3.069849666985438041e-01 9.461911251534913525e-01 8.066406595424178150e-01 7.361469961546793783e-01 6.411266772721626594e-01 nan
nan nan nan nan nan nan nan nan nan nan nan nan nan nan nan nan nan nan nan nan 1.046236133198139129e+00 nan nan 8.414632446363374818e-01 7.235306561584602392e-01 5.673008666737602290e-01 nan nan
