nan nan nan -9.771676306170993254e-01 -1.275504921001207270e+00 -1.641134731853291617e+00 nan nan nan nan nan nan nan nan nan nan nan nan nan nan nan nan nan nan nan nan nan nan
nan nan -1.052171156549188691e+00 -1.247239361775531963e+00 -1.324125079427032059e+00 -1.756367844312914706e+00 -1.665702114484994167e+00 nan nan nan nan nan nan nan nan nan nan nan nan nan nan nan nan nan nan nan nan nan
nan nan -1.172434034322581198e+00 -1.244774892749397788e+00 -1.413532952295624145e+00 -1.827254711003396981e+00 -1.487956212990847904e+00 -7.721274719070525538e-01 nan nan nan nan nan nan nan nan nan nan nan nan nan nan nan nan nan nan nan nan
nan -1.134304354537108317e+00 -1.229463578744893093e+00 -1.239574690535047541e+00 -1.673966121514078420e+00 -1.674490595267312809e+00 -1.448641483219385684e+00 -1.040103237254157431e+00 1.492128743067190344e-01 nan nan nan nan nan nan nan nan nan nan nan nan nan nan nan nan nan nan nan
-1.070182076304766250e+00 -1.154273607969311000e+00 -1.211616684782581332e+00 -1.375112673168427779e+00 -1.781051768104977784e+00 -1.960291820235323446e+00 -1.857153474170032403e+00 -1.679102067723281744e+00 -1.441234272529760885e+00 -1.034905337438375289e-01 nan nan nan nan nan nan nan nan nan nan nan nan nan nan nan nan nan nan
-9.986191820695373700e-01 -1.156191532782453679e+00 -1.463813904907733665e+00 -1.659769936786240407e+00 -2.033188476356965424e+00 -2.241748205501129299e+00 -2.262821383352450866e+00 -2.068306687748890038e+00 -1.921319313559122222e+00 nan nan nan nan nan nan nan nan nan nan nan nan nan nan nan nan nan nan nan
-1.043562711318737790e+00 -1.337246018370257028e+00 -1.730667640483653180e+00 -1.815393106243653909e+00 -2.170361336577589562e+00 -2.382528726411108355e+00 -2.381444847450636892e+00 -2.300562749277540675e+00 -1.724498963077903735e+00 nan nan nan nan nan nan nan nan nan nan nan nan nan nan nan nan nan nan nan
-1.180225517837318439e+00 -1.447943216933071486e+00 -1.806710500114479645e+00 -1.865779993829488781e+00 -2.058094874275400610e+00 -2.195718304377654029e+00 -2.260760259120243365e+00 -2.246487148531158162e+00 -1.303312615466448054e+00 nan nan nan nan nan nan nan nan nan nan nan nan nan nan nan nan nan nan nan
nan -1.170628598264614517e+00 -1.612693070965609765e+00 -1.744972649644895846e+00 -1.981792558187330355e+00 -2.234518693900999331e+00 -2.298557066711640839e+00 -2.287638886658346582e+00 -5.983151777196812349e-01 3.541155867823850278e-02 nan nan nan nan nan nan nan nan nan nan nan nan nan nan nan nan nan nan
nan -9.511852876910447119e-01 -1.337283372960713868e+00 -1.526836955301709375e+00 -2.016959987945913912e+00 -2.521436934705699962e+00 -2.572632423436152393e+00 -2.302228828075105760e+00 -6.741700554284072444e-01 4.880135938123735251e-01 nan nan nan nan nan nan nan nan nan nan nan nan nan nan nan nan nan nan
nan -8.957130397774133446e-01 -1.131207490777198510e+00 -1.288853312980202004e+00 -2.006225471508263691e+00 -2.502004485872089123e+00 -2.827144545998980796e+00 -2.214300189370602023e+00 -6.880579881128557895e-01 6.202000655402568619e-01 nan nan nan nan nan nan nan nan nan nan nan nan nan nan nan nan nan nan
nan nan -8.748906297268204124e-01 -1.083747550888875200e+00 -2.211899027434512721e+00 -2.671471880861850057e+00 -2.924893797538279383e+00 -2.383484444048109996e+00 -4.812509885071029059e-01 8.043109521017414165e-01 nan nan nan nan nan nan nan nan nan nan nan nan nan nan nan nan nan nan
nan nan -3.748438603212407849e-01 -1.324924579680309522e+00 -2.467771588800705906e+00 nan -3.428241616038388617e+00 -2.155485963806373917e+00 -5.590835308662351899e-01 8.814903659590633822e-01 nan nan nan nan nan nan nan nan nan nan nan nan nan nan nan nan nan nan
nan nan nan nan nan nan -2.973583682736224088e+00 -1.893187729699338684e+00 -7.203959551130001415e-01 5.644800978480387643e-01 nan nan 1.090767051505127094e+00 nan nan nan nan nan nan nan nan nan nan nan nan nan nan nan
nan nan nan nan nan -1.759799244659648876e+00 -1.700481577245179565e+00 -1.193537713069741990e+00 -2.983990713457165822e-01 1.815112359665535247e-01 nan nan nan nan nan nan nan nan nan nan nan nan nan nan nan nan nan nan
nan nan nan nan nan -8.322337166187711022e-01 -8.187945280079036436e-01 -2.688803716785237996e-01 3.371855391312459371e-01 7.024948309991537743e-01 1.371916688665672623e+00 nan nan nan nan nan nan nan nan nan nan nan nan nan nan nan nan nan
nan nan nan nan nan 1.134637312496875605e-01 -2.222072071160602624e-01 2.557850467241168380e-01 7.551022091900696509e-01 1.460886295848967009e+00 1.887409085146987353e+00 1.455082389174794821e+00 nan 1.989515553591150843e+00 nan nan nan nan nan nan nan nan nan nan nan nan nan nan
nan nan nan nan nan 3.124872237017317644e-01 3.347496251973626491e-02 4.314998089617836929e-01 7.529634029381468974e-01 1.126235926014625521e+00 1.321805706197231034e+00 1.195210391982678422e+00 8.192971947697234025e-01 6.930791927522207407e-01 1.427289922159408198e+00 nan nan nan nan nan nan nan nan nan nan nan nan nan
nan nan nan nan nan 2.948423664479636330e-01 1.096440361723493712e-01 3.275429619801450976e-01 5.229248716005624464e-01 6.478066143057974458e-01 7.148200343598550832e-01 4.984301076131434360e-01 1.879147752770575219e-01 -2.955566150949790472e-01 -7.904957697681164186e-01 6.084034671756726187e-01 1.246353091331370289e+00 nan nan nan nan nan nan nan nan nan nan nan
nan nan nan nan nan nan 5.219448928708076557e-02 1.497718402454582265e-01 1.515225967788647321e-01 1.546604190345551855e-01 1.139388014622845502e-01 -2.116268833785125425e-01 -4.689161145513743856e-01 -6.423492028502417739e-01 -7.780766477836142947e-01 -4.437233560778879315e-01 1.320697178179230102e-01 1.447731769581382277e+00 nan nan nan nan nan nan nan nan nan nan
nan nan nan nan nan nan nan -1.900536968953202011e-01 -5.881492279702138504e-01 -9.754728196833952758e-01 -1.106509093113013931e+00 -1.289134166921555247e+00 -1.321083314024008804e+00 -1.332434996772470681e+00 -1.448112250290987557e+00 -1.574780246053665733e+00 -1.670412572345442381e+00 -1.065057758259638998e+00 -9.260499790755460925e-01 nan nan 1.496320331017148675e+00 nan nan nan nan nan nan
nan nan nan nan nan nan nan -1.043891647834377601e+00 -1.554782655647990008e+00 -1.927926441511621736e+00 -1.986861720990796609e+00 -2.121780958274874784e+00 -2.241378894744296968e+00 -2.444352886334493657e+00 -2.692862607518307971e+00 -3.124763768421812582e+00 -3.549068204327638476e+00 -3.524052696822816966e+00 -3.204111490514887972e+00 -2.564074797034177955e+00 -2.031872591910674153e+00 -1.537723822695019171e+00 -5.448526343095420055e-01 nan nan nan nan nan
nan nan nan nan nan nan nan nan -2.297200168030905765e+00 -2.400295670088242073e+00 -2.519818269402064992e+00 -2.804446999020042686e+00 -3.212628530325225107e+00 -3.573960118290652854e+00 -4.122021196727970072e+00 -4.589470939325050125e+00 -4.974368939843667015e+00 -4.931884634487358809e+00 -4.590609569432503534e+00 -4.016396747614292551e+00 -3.098995996506417328e+00 -2.671629579971097179e+00 -1.991783528014452909e+00 -7.119194339103288582e-01 nan 1.523306741062390834e+00 1.576917440740555065e+00 nan
nan nan nan nan nan nan nan nan nan -3.083084860362657498e+00 -3.504723456219019262e+00 -3.759436330665673509e+00 -4.142450579582159342e+00 -4.669731148329743675e+00 -5.113028617174477652e+00 -5.314007631967358591e+00 -5.475119441502450002e+00 -5.469082395811972752e+00 -5.014788125537274155e+00 -4.535884468644132639e+00 -3.780615350387275253e+00 -3.166016197925853426e+00 -2.965672982369847333e+00 -2.035854065699705728e+00 nan 2.966655928600109293e-01 2.162791044462271106e-01 nan
nan nan nan nan nan nan nan nan nan nan -3.696051702819222573e+00 -4.056956721687255296e+00 -4.675652654758271964e+00 -5.284431283310778049e+00 -5.451338790746603991e+00 -5.490671752691039131e+00 -5.502113076752227272e+00 -5.384315829284588517e+00 -5.020935710206808622e+00 -4.603003077051618597e+00 -4.220252862855493170e+00 -3.587293841475269307e+00 -3.078798877683823765e+00 -2.260349758204631687e+00 -1.145181828506194766e+00 -7.449620590454508751e-01 -5.926608769205379268e-01 nan
nan nan nan nan nan nan nan nan nan nan nan nan -5.063520362137972519e+00 -5.401153661738288925e+00 -5.383443172271612731e+00 -5.364259881577480904e+00 -5.433554577007406294e+00 -5.380461013115754199e+00 -5.238413377081611699e+00 -4.939537021333390676e+00 -4.405743326389782055e+00 -3.714876597430110561e+00 -2.897487556864171143e+00 -2.146657724609567275e+00 -1.622135077215662635e+00 -1.213123282767588629e+00 -8.227227676154980074e-01 nan
nan nan nan nan nan nan nan nan nan nan nan nan nan -5.227530270711159055e+00 -5.239478941875913343e+00 -5.360196685242657466e+00 -5.543588324483039287e+00 -5.569282731798524289e+00 -5.472355755188788251e+00 -5.118416112843251931e+00 -4.351839195581276520e+00 -3.514198607411696873e+00 -2.459724888200573556e+00 -1.783348742979297574e+00 -1.506949785204359404e+00 -1.163243844676556504e+00 -8.286893182081253029e-01 nan
nan nan nan nan nan nan nan nan nan nan nan nan nan nan nan -5.547236173242568569e+00 -5.831278867551309197e+00 -5.936612313150145148e+00 -5.842968346486724585e+00 -5.258540457877567853e+00 -4.514736191316732317e+00 -3.142870628248953579e+00 -1.566687182604034945e+00 -1.373436137276377256e+00 -1.455669159585271766e+00 -1.288517222252853589e+00 -7.350778293749902215e-01 nan
nan nan nan nan nan nan nan nan nan nan nan nan nan nan nan nan nan -6.550167211159949154e+00 -6.389043858906088502e+00 -5.676323222968668425e+00 -5.480642054199644342e+00 -3.222392368859432477e+00 -1.268174827132921179e+00 -1.336564258973810482e+00 -1.497494359393511054e+00 -1.235275677285789797e+00 -5.486491629954088900e-01 nan
nan nan nan nan nan nan nan nan nan nan nan nan nan nan nan nan nan nan nan nan -4.954284872359187908e+00 nan nan -2.059361232647878293e+00 -1.010352239724599865e+00 -8.926459709964511546e-01 nan nan
