nan nan nan 3.160176923464089072e+00 1.825366809793516287e+00 4.766188916269370468e-01 nan nan nan nan nan nan nan nan nan nan nan nan nan nan nan nan nan nan nan nan nan nan
nan nan 3.448599947087080508e+00 2.566172552450772582e+00 1.562807134352630856e+00 4.210964867362224640e-01 -2.826439693755645743e-01 nan nan nan nan nan nan nan nan nan nan nan nan nan nan nan nan nan nan nan nan nan
nan nan 3.215484778429447132e+00 2.402257239879676209e+00 1.527239289891558993e+00 6.178404888787033533e-01 4.378055722712491382e-02 -2.507402493028904056e-02 nan nan nan nan nan nan nan nan nan nan nan nan nan nan nan nan nan nan nan nan
nan 3.895352178079216188e+00 3.180902506308015187e+00 2.366560562943499590e+00 1.568997556687169448e+00 6.688049117413502609e-01 6.656620155328341060e-02 -4.010217946009668188e-01 -2.479520432990434398e-01 nan nan nan nan nan nan nan nan nan nan nan nan nan nan nan nan nan nan nan
4.350021789843588671e+00 3.861104602561098886e+00 3.033855848946629408e+00 2.178661273125785058e+00 1.382437325138592410e+00 4.333757375725095784e-01 -3.494367724254783258e-01 -1.039565584897553130e+00 -1.342224303008724640e+00 -6.676945365141376820e-01 nan nan nan nan nan nan nan nan nan nan nan nan nan nan nan nan nan nan
4.338029472830059241e+00 3.764722605754629914e+00 2.783363114360331902e+00 1.870161198676544068e+00 9.989826359269926570e-01 -3.322811143782463533e-02 -8.985024208638485721e-01 -1.450189368956936953e+00 -1.611348180385167250e+00 nan nan nan nan nan nan nan nan nan nan nan nan nan nan nan nan nan nan nan
4.189440408222141699e+00 3.539687914937049928e+00 2.453583331781017840e+00 1.481247977409124728e+00 5.064876653844071486e-01 -5.305044411861993270e-01 -1.308853558200138378e+00 -1.420426070348412839e+00 -1.536931415056702388e+00 nan nan nan nan nan nan nan nan nan nan nan nan nan nan nan nan nan nan nan
3.955925909000186813e+00 3.269003728577365209e+00 2.180074764923397801e+00 1.100099086452229313e+00 -2.901509559121695503e-02 -9.461115434000747504e-01 -1.506097292133666166e+00 -1.410596372049821801e+00 -1.194018584886195500e+00 nan nan nan nan nan nan nan nan nan nan nan nan nan nan nan nan nan nan nan
nan 2.880511191616959898e+00 1.886896737907064914e+00 6.979983445431083844e-01 -5.225877306965800440e-01 -1.413857440585051695e+00 -1.644105525224825781e+00 -1.482444526499281379e+00 -7.339075372330570168e-01 -4.085869922759416406e-01 nan nan nan nan nan nan nan nan nan nan nan nan nan nan nan nan nan nan
nan 2.630092112422952599e+00 1.564658974387937329e+00 3.087918329473967605e-01 -8.490381699449407460e-01 -1.454513429157996640e+00 -1.614217281581825647e+00 -1.502260896468812224e+00 -7.158612876039789352e-01 -3.412227379088330070e-01 nan nan nan nan nan nan nan nan nan nan nan nan nan nan nan nan nan nan
nan 2.553599829186643078e+00 1.427172720822490692e+00 1.905798306629915562e-01 -9.652582750265816802e-01 -1.436340692868812718e+00 -1.647697053641749676e+00 -1.383264231078539019e+00 -3.873608477680164919e-01 2.837463909392626826e-01 nan nan nan nan nan nan nan nan nan nan nan nan nan nan nan nan nan nan
nan nan 1.146646764984620592e+00 4.457578459237200585e-02 -8.704662726680835183e-01 -1.360976509863290218e+00 -1.600647838162270853e+00 -1.059248680978114088e+00 1.928496113592013117e-01 1.316960146045604407e+00 nan nan nan nan nan nan nan nan nan nan nan nan nan nan nan nan nan nan
nan nan 8.539307310924161287e-01 1.363576503310357513e-01 -1.130225873587592300e+00 nan -1.606453501685715102e+00 -4.654401068864433277e-01 8.758532218187231599e-01 1.567640062910738541e+00 nan nan nan nan nan nan nan nan nan nan nan nan nan nan nan nan nan nan
nan nan nan nan nan nan -1.103959090783567465e+00 2.829811579562377388e-01 1.430208287179507209e+00 1.749027905000284822e+00 nan nan 1.099635105921107137e+00 nan nan nan nan nan nan nan nan nan nan nan nan nan nan nan
nan nan nan nan nan -1.117092596708570085e+00 -4.495439445113340593e-01 6.864681047820953008e-01 1.697645908476495880e+00 1.989130540708245576e+00 nan nan nan nan nan nan nan nan nan nan nan nan nan nan nan nan nan nan
nan nan nan nan nan -5.249224655598641598e-02 5.186600619610203244e-01 1.410470047748595857e+00 2.104572802606142101e+00 2.416379741899548961e+00 9.216990148602104416e-01 nan nan nan nan nan nan nan nan nan nan nan nan nan nan nan nan nan
nan nan nan nan nan 7.715221306692314762e-01 1.314549365269875425e+00 2.043031856441976934e+00 2.565339993668372287e+00 2.766786717376600535e+00 2.354622062013672856e+00 1.178230090414051023e+00 nan 9.355880423920661659e-01 nan nan nan nan nan nan nan nan nan nan nan nan nan nan
nan nan nan nan nan 1.170087342433240307e+00 1.653832262607799697e+00 2.232579522454240628e+00 2.599785725381023482e+00 2.632396215288199226e+00 2.272069589662709888e+00 1.263603030496036839e+00 3.765557372286562621e-02 -3.925454148406174459e-01 -3.190175233267436572e-03 nan nan nan nan nan nan nan nan nan nan nan nan nan
nan nan nan nan nan 1.525112064553915792e+00 1.802788124608618148e+00 2.171341244346374655e+00 2.290390807610902968e+00 1.983842416153992261e+00 1.401047940854599494e+00 5.580372404929658803e-01 -3.989627140369207958e-01 -8.120052968345170541e-01 -5.256753155831341839e-01 7.403054186333624109e-01 4.758097822670595001e-01 nan nan nan nan nan nan nan nan nan nan nan
nan nan nan nan nan nan 1.847744720421750309e+00 1.935239902299897841e+00 1.796958392977828556e+00 1.252198150007918009e+00 5.981225190699899219e-01 -8.633897965120418405e-02 -5.887208044831646614e-01 -8.059352626592558577e-01 -6.294037694470038247e-01 5.885095954237108684e-02 -1.062607868286134516e-01 2.800396817871985133e-01 nan nan nan nan nan nan nan nan nan nan
nan nan nan nan nan nan nan 1.666651570581719533e+00 1.206785477238130566e+00 6.181039839641315758e-01 6.198361395335355573e-02 -4.585888523872069245e-01 -7.985934026222186732e-01 -7.649758175886002265e-01 -6.907495601998208112e-01 -4.165247344559350751e-01 -5.721552025262616192e-02 4.710780719064714406e-01 8.159223796228465275e-01 nan nan 4.656763134178471542e-01 nan nan nan nan nan nan
nan nan nan nan nan nan nan 1.486846044187581706e+00 9.735960893856482334e-01 4.808871228777822360e-01 -6.884712724401864659e-02 -5.976943023820396883e-01 -8.218512914123597968e-01 -7.116222386383308507e-01 -6.267243814104848099e-01 -5.189211957788758545e-01 -2.945238221080379581e-01 9.480384228288341042e-02 2.685820163103110891e-01 2.103488653831931954e-01 -2.402050942608807693e-01 -4.024896846928535665e-01 -4.464214403560040623e-04 nan nan nan nan nan
nan nan nan nan nan nan nan nan 1.053520920153382390e+00 4.420779504415799366e-01 -4.285303865192521822e-02 -6.494871284012447843e-01 -8.266461035261550849e-01 -7.217242094489537685e-01 -6.716156540532216557e-01 -5.948713271499370681e-01 -4.762537449255790367e-01 -3.154761255368916384e-01 -1.779949845078269699e-01 -2.397068890509494732e-01 -3.781391900558214170e-01 -3.134853493577979267e-01 1.022415699376312548e-03 -1.559117065812549163e-01 nan 6.437672528531372951e-01 3.932940784637466436e-01 nan
nan nan nan nan nan nan nan nan nan 2.715794511791276289e-01 -2.598558711449214798e-01 -6.690722298087352637e-01 -8.259236089920990453e-01 -6.443111043180010933e-01 -6.157436348398301895e-01 -6.130698725972973939e-01 -5.481446829362907058e-01 -3.874571952939639408e-01 -2.091592226946322186e-01 -1.891174272335861828e-01 -2.121148457641108820e-01 -4.403548570446799010e-02 1.592869423449641275e-01 6.300533188844468224e-01 nan 4.633830192489056254e-01 -1.036621624202831160e-02 nan
nan nan nan nan nan nan nan nan nan nan -1.232563869125875844e-01 -4.802587069077327020e-01 -6.517230736721245643e-01 -5.099129457006030819e-01 -4.580905307873357479e-01 -5.612644211500532609e-01 -3.789710078051842790e-01 -1.597310514261812142e-01 -9.524911765220245297e-02 7.692778516813669754e-02 6.434725304717195393e-02 5.730001700137468679e-02 3.051965564809331344e-01 7.251311174521495317e-01 1.257911610162320448e+00 6.921346245445451073e-01 1.969200430212483255e-01 nan
nan nan nan nan nan nan nan nan nan nan nan nan -3.532833592699225478e-01 -2.654766398763946933e-01 -2.652626708328880700e-01 -3.326091659500247655e-01 -1.277260928749422986e-01 4.291407170965133577e-02 2.365902930123047754e-01 4.846714742950113397e-01 3.038957891366181885e-01 1.949857948438180055e-01 3.606331139333163738e-01 5.768022091297402287e-01 8.865421941688117480e-01 8.971990797654902927e-01 6.268490085421417612e-01 nan
nan nan nan nan nan nan nan nan nan nan nan nan nan 1.433889997910831049e-02 1.162140368929848178e-01 6.386359167883204346e-02 1.616827770180740420e-01 3.509043736969332805e-01 5.848450746621263185e-01 8.445296533448097831e-01 6.427866019905462691e-01 2.628120722412119470e-01 2.552615711638804297e-01 4.546221985620864658e-01 6.950272967784405509e-01 7.784611219943696758e-01 6.276896875707480561e-01 nan
nan nan nan nan nan nan nan nan nan nan nan nan nan nan nan 4.459650462862458364e-01 4.935030639578888434e-01 8.048850944267199603e-01 1.051917738904899924e+00 1.088338261810310570e+00 9.566614148385637062e-01 6.658917140183535643e-01 1.497203768993454198e-01 3.277854354306897200e-01 5.744138678811780974e-01 5.861439334569421566e-01 4.025816804950689276e-01 nan
nan nan nan nan nan nan nan nan nan nan nan nan nan nan nan nan nan 1.179621310303019532e+00 1.428357279802602742e+00 1.195056423122150990e+00 7.485063465219951029e-01 1.447369103721514449e-01 1.090508905486217150e-01 4.761809964594262423e-01 4.395665254510550124e-01 2.841720297880458990e-01 1.933254029024935594e-01 nan
nan nan nan nan nan nan nan nan nan nan nan nan nan nan nan nan nan nan nan nan 2.943806029461371043e-01 nan nan -9.190392859535234660e-02 3.174296216937289028e-01 8.360121453159885530e-02 nan nan
