nan nan nan 1.045126610072164119e+00 2.607928307310375393e-01 -5.089128778362176364e-01 nan nan nan nan nan nan nan nan nan nan nan nan nan nan nan nan nan nan nan nan nan nan
nan nan 1.313978074112406080e+00 7.006806721370031354e-01 6.746566822273086794e-02 -4.243807217122300690e-01 -7.125623092187137742e-01 nan nan nan nan nan nan nan nan nan nan nan nan nan nan nan nan nan nan nan nan nan
nan nan 1.254579856743081923e+00 5.707283745908346972e-01 6.096273856478634512e-02 -2.705720309747044472e-01 -5.453116611274431147e-01 5.253996614586670111e-02 nan nan nan nan nan nan nan nan nan nan nan nan nan nan nan nan nan nan nan nan
nan 1.744936329454398027e+00 1.263435139367155458e+00 6.951486320264566032e-01 1.943714878391185064e-01 -2.503809175024497291e-01 -7.834792281716485007e-01 -8.964479611854806462e-01 -5.904270360784742433e-01 nan nan nan nan nan nan nan nan nan nan nan nan nan nan nan nan nan nan nan
2.121801361853086210e+00 1.775765742639153766e+00 1.343303765269205474e+00 7.946625191819198797e-01 2.455353770023486204e-01 -2.611319103544559317e-01 -1.024934472096244553e+00 -1.500666872181419809e+00 -2.008679097400515534e+00 -6.605110279591851485e-01 nan nan nan nan nan nan nan nan nan nan nan nan nan nan nan nan nan nan
2.312065012382378715e+00 2.038118645037681809e+00 1.577654635324145183e+00 9.042759409029683670e-01 3.693389158642862435e-01 -2.454581208268191150e-01 -9.741976389725509611e-01 -1.517715860162056174e+00 -1.780835240676583053e+00 nan nan nan nan nan nan nan nan nan nan nan nan nan nan nan nan nan nan nan
2.746179993520052598e+00 2.352860531572933400e+00 1.697129007312641935e+00 9.879639446233712263e-01 3.753481661209448483e-01 -3.207475705912873898e-01 -8.794830476232041727e-01 -1.101570371199583231e+00 -1.373483830350173740e+00 nan nan nan nan nan nan nan nan nan nan nan nan nan nan nan nan nan nan nan
3.007611984768900015e+00 2.550854546353893859e+00 1.771201716550409255e+00 9.937842493118722587e-01 2.091675581969140718e-01 -5.151028234179122478e-01 -8.612427840228501497e-01 -9.959546318922387620e-01 -9.422915336266839414e-01 nan nan nan nan nan nan nan nan nan nan nan nan nan nan nan nan nan nan nan
nan 2.649135191459035532e+00 1.736160127414896559e+00 9.338670341156187771e-01 8.800711358348194124e-02 -6.391573578590244997e-01 -1.084669034185089309e+00 -1.362052074266556279e+00 -7.684294096378172512e-01 -4.421376035763582291e-01 nan nan nan nan nan nan nan nan nan nan nan nan nan nan nan nan nan nan
nan 2.357369913354627311e+00 1.476412371525013700e+00 7.456259163887920538e-01 3.297090270559854819e-03 -7.738891396740159578e-01 -1.382402713744011802e+00 -1.864523943689395002e+00 -1.276471241532656897e+00 -3.698805790386853198e-01 nan nan nan nan nan nan nan nan nan nan nan nan nan nan nan nan nan nan
nan 1.982196688515881045e+00 1.166347781079735801e+00 4.763891462299848500e-01 -2.706350535246566658e-01 -9.910431185673554966e-01 -1.549097268102997083e+00 -1.910772594032987381e+00 -1.452530002984179669e+00 2.914635816024252479e-02 nan nan nan nan nan nan nan nan nan nan nan nan nan nan nan nan nan nan
nan nan 5.308990671434627995e-01 1.375798404403878461e-01 -3.000426404624608190e-01 -1.242395216228794563e+00 -1.824457749102944337e+00 -2.097306749086382816e+00 -1.455396129480472034e+00 6.512352724303094309e-01 nan nan nan nan nan nan nan nan nan nan nan nan nan nan nan nan nan nan
nan nan 1.370698269412671810e-01 1.903845411781398544e-01 -5.975864187386230597e-01 nan -1.746002910632997507e+00 -2.189225584234285815e+00 -1.746497241715469606e+00 1.664400793868906492e-01 nan nan nan nan nan nan nan nan nan nan nan nan nan nan nan nan nan nan
nan nan nan nan nan nan -1.570054077597113240e+00 -1.762002489870569732e+00 -1.715460791180503985e+00 -5.866966486964761973e-01 nan nan 6.816230124302742333e-01 nan nan nan nan nan nan nan nan nan nan nan nan nan nan nan
nan nan nan nan nan -1.582271249293560000e+00 -1.710759734784544683e+00 -1.397051272582882309e+00 -1.353744543873594441e+00 -1.100501952212465273e+00 nan nan nan nan nan nan nan nan nan nan nan nan nan nan nan nan nan nan
nan nan nan nan nan -1.929398109526048399e+00 -1.850321690740611480e+00 -1.302654618997237224e+00 -5.867745986279888637e-01 9.710875932285745193e-02 3.512257786965499728e-01 nan nan nan nan nan nan nan nan nan nan nan nan nan nan nan nan nan
nan nan nan nan nan -2.690947640100342042e+00 -2.154184591773267154e+00 -1.446031560807429450e+00 -7.105507071059280477e-01 9.997202083685885476e-02 5.932039651079853426e-01 4.354671817795033872e-01 nan 5.993030607766967055e-01 nan nan nan nan nan nan nan nan nan nan nan nan nan nan
nan nan nan nan nan -3.257283632647216542e+00 -2.514534575668568195e+00 -1.891351173727863433e+00 -1.345625850971049253e+00 -7.021127695253392975e-01 -3.607333240957548703e-01 -5.812635618476925670e-01 -8.653429084240422675e-01 -9.611259845409185765e-01 -4.871144633674270308e-01 nan nan nan nan nan nan nan nan nan nan nan nan nan
nan nan nan nan nan -2.841826581578490440e+00 -2.551096495086112359e+00 -2.119753933456438588e+00 -1.667867314839651893e+00 -1.217352564950061611e+00 -9.389802070547852431e-01 -1.373407972046264192e+00 -1.607883583741864131e+00 -1.356034717189302352e+00 -8.133829479271172946e-01 3.167865831229378371e-01 -1.182588778093748294e-01 nan nan nan nan nan nan nan nan nan nan nan
nan nan nan nan nan nan -2.397158839277708786e+00 -2.113123687476185175e+00 -1.839749988163540628e+00 -1.414670128895927803e+00 -1.187954089756445342e+00 -1.557980116736156218e+00 -1.656767508036885994e+00 -1.403059314785421119e+00 -8.505968707199188517e-01 3.688566711254093189e-02 -6.477264120544644344e-02 -4.995041399352109085e-02 nan nan nan nan nan nan nan nan nan nan
nan nan nan nan nan nan nan -1.939678331340891848e+00 -1.747859451816702325e+00 -1.340973970879284050e+00 -1.277826936239181865e+00 -1.532649648133521225e+00 -1.573117927707519570e+00 -1.346113603918948964e+00 -9.482105235985621716e-01 -5.854585673593459827e-01 -4.444378945804688397e-01 -2.863345867445258874e-01 7.416579006713405753e-02 nan nan -1.234758872039893457e-01 nan nan nan nan nan nan
nan nan nan nan nan nan nan -1.658916636053329619e+00 -1.460549835430835275e+00 -1.218303919073195685e+00 -1.191454950032301729e+00 -1.332613725355066503e+00 -1.322364314723635026e+00 -1.222585899566257739e+00 -9.554595437836392868e-01 -7.379678871418731134e-01 -5.641311584832928716e-01 -3.711853007382974190e-01 -2.264271845962348428e-01 7.541809951662203915e-04 -1.816395213849942014e-01 -2.693101187693405230e-01 -1.975182370525726538e-01 nan nan nan nan nan
nan nan nan nan nan nan nan nan -9.472571481913941716e-01 -8.150414225993800610e-01 -7.309137869325821324e-01 -1.023179612166590369e+00 -1.057781393029614048e+00 -1.030833760510363017e+00 -8.327326489713425817e-01 -7.251000230379293088e-01 -5.204565751785038552e-01 -3.230250798263263334e-01 -1.726948290134567854e-01 -1.112544073944782275e-01 -1.402203122642236566e-01 -1.968988097498930723e-01 -9.599933336826002583e-03 -4.865651726930096954e-01 nan -6.453364372880560085e-02 -2.231636778038461055e-01 nan
nan nan nan nan nan nan nan nan nan -4.019728051412931880e-01 -5.290756453427489792e-01 -8.085788838959127034e-01 -8.736634358612014317e-01 -8.626389319029911240e-01 -7.068251731572657848e-01 -5.598779997101158701e-01 -3.810066259224084151e-01 -2.828077240483987120e-01 -1.683693848858546227e-01 -1.173221243786324308e-01 -8.011080118131436167e-02 -3.002842409200640050e-02 8.494635251050541846e-02 4.309125219945368901e-01 nan -3.928459336317202122e-01 -5.817616280895238079e-01 nan
nan nan nan nan nan nan nan nan nan nan -3.519651670725902903e-01 -7.692589733299860510e-01 -7.911231655082220371e-01 -7.611869519623729596e-01 -6.327030195962114467e-01 -5.126781137867089111e-01 -3.526620937033935199e-01 -2.576438932419690131e-01 -2.539111978765978828e-01 -1.548831771616475117e-01 8.785836499749344330e-03 6.577938334296282163e-02 2.223336232701991211e-01 6.246018815087170939e-01 1.102018485172662876e+00 6.231254632550329298e-01 4.012638350138197918e-02 nan
nan nan nan nan nan nan nan nan nan nan nan nan -6.128247636932497855e-01 -5.675673114434137689e-01 -5.196035521752826458e-01 -4.288400476142283368e-01 -3.631563636435438669e-01 -2.436259566794183318e-01 -1.173340837748289012e-01 -4.284371865153624448e-04 8.817330266069875466e-02 1.903007885603016647e-01 3.225277342636549416e-01 6.743467159298232039e-01 1.033011211636044369e+00 1.037587819898011743e+00 6.885983753363127402e-01 nan
nan nan nan nan nan nan nan nan nan nan nan nan nan -4.491745591604214827e-01 -4.159142267288873374e-01 -4.406416718461214632e-01 -3.283672833702885319e-01 -1.572663811866122918e-01 7.522911837384438360e-02 4.390666733166014302e-01 3.817139789852051490e-01 2.001879601963992283e-01 3.530320568839176998e-01 7.569826176114602401e-01 1.090746560890740735e+00 1.137224602188126710e+00 9.153148994517521508e-01 nan
nan nan nan nan nan nan nan nan nan nan nan nan nan nan nan -4.795975443553134321e-01 -2.566566927599518433e-01 -1.230583134099894060e-02 2.388311248204419979e-01 5.355147918756715253e-01 6.265426884386664508e-01 3.745670826668454079e-01 3.003040776150625035e-01 6.400369612349441351e-01 9.492237355382768804e-01 1.111705646227827415e+00 9.483930103941804468e-01 nan
nan nan nan nan nan nan nan nan nan nan nan nan nan nan nan nan nan -7.649320547005722393e-02 1.197862713069912655e-01 4.107273372217900564e-01 3.620964828886981679e-01 -5.176206436065283745e-02 6.299160745351495283e-02 5.558500192689926900e-01 8.507693484250079541e-01 1.099177009116202752e+00 1.138981226869302699e+00 nan
nan nan nan nan nan nan nan nan nan nan nan nan nan nan nan nan nan nan nan nan 3.724678937769718146e-01 nan nan 1.939045214544495854e-01 8.858084303707994822e-01 1.096213887078894000e+00 nan nan
