nan nan nan 2.696231393866401760e+00 1.612233166979359922e+00 6.510093467185481542e-01 nan nan nan nan nan nan nan nan nan nan nan nan nan nan nan nan nan nan nan nan nan nan
nan nan 3.096954181399658612e+00 2.353423830635662295e+00 1.461375893577235408e+00 7.534350228369052216e-01 -1.897272135340452581e-02 nan nan nan nan nan nan nan nan nan nan nan nan nan nan nan nan nan nan nan nan nan
nan nan 2.727112533151264007e+00 2.014749189837800269e+00 1.277427395094749452e+00 6.562894094926937649e-01 -1.787068419465367708e-01 -1.231887906963989171e-01 nan nan nan nan nan nan nan nan nan nan nan nan nan nan nan nan nan nan nan nan
nan 3.047813162323753211e+00 2.442054554247535147e+00 1.732997786947500174e+00 9.486451895385674682e-01 1.547489624345673442e-01 -8.451780281333861611e-01 -1.436753836230499681e+00 -4.370586086559933858e-01 nan nan nan nan nan nan nan nan nan nan nan nan nan nan nan nan nan nan nan
3.380049920864334645e+00 2.720544576639157608e+00 2.025345876272836687e+00 1.325332775336815150e+00 5.843981713813106715e-01 -2.279703286158786812e-01 -1.307166294785864435e+00 -2.495131402986913383e+00 -3.468219769251061013e+00 -8.291508304184371791e-01 nan nan nan nan nan nan nan nan nan nan nan nan nan nan nan nan nan nan
3.098759788920848468e+00 2.293074229662976915e+00 1.468948377948745998e+00 6.757071638821308124e-01 -4.641789112790264266e-02 -8.483463010276874883e-01 -1.884749872820102423e+00 -3.058269088104171640e+00 -4.061356886766783525e+00 nan nan nan nan nan nan nan nan nan nan nan nan nan nan nan nan nan nan nan
2.819879053507827749e+00 1.887552091104419461e+00 9.994585452018097671e-01 2.908501790981516955e-01 -3.575352980448947560e-01 -1.137637801910048596e+00 -2.185091816255290365e+00 -3.076211692753223481e+00 -3.655236295818879544e+00 nan nan nan nan nan nan nan nan nan nan nan nan nan nan nan nan nan nan nan
2.326881451815283608e+00 1.553601445680751869e+00 9.049569297206007112e-01 2.146290462289283940e-01 -5.428295034804174746e-01 -1.306871669369657596e+00 -2.439622142635612168e+00 -3.303789549878977105e+00 -2.822210142261282861e+00 nan nan nan nan nan nan nan nan nan nan nan nan nan nan nan nan nan nan nan
nan 1.211769195045619973e+00 4.734947904088280257e-01 -2.745633534108101181e-01 -1.019375106878677162e+00 -1.670743495883744600e+00 -2.728086962258807979e+00 -3.690822803325628509e+00 -3.087100465847613329e+00 -1.124758464084314014e+00 nan nan nan nan nan nan nan nan nan nan nan nan nan nan nan nan nan nan
nan 8.008714622219641477e-01 2.256411652046642555e-02 -7.660533781884679705e-01 -1.448511920555107357e+00 -2.061382248368631487e+00 -3.174186028655487490e+00 -4.185920693737721798e+00 -3.837763613015233055e+00 -2.905305330863846791e+00 nan nan nan nan nan nan nan nan nan nan nan nan nan nan nan nan nan nan
nan 5.441431137094003834e-01 -3.756438566699035198e-01 -1.190625019263930051e+00 -1.801221453080351198e+00 -2.388633199853708700e+00 -3.664545222436269345e+00 -4.204974418936398450e+00 -3.842184411350725970e+00 -3.149891107825910641e+00 nan nan nan nan nan nan nan nan nan nan nan nan nan nan nan nan nan nan
nan nan -7.319640906795683577e-01 -1.622134082863157856e+00 -1.895388930613731260e+00 -2.795633090782561503e+00 -3.546514774971563533e+00 -4.141420175755452959e+00 -3.978210572613403162e+00 -2.961029127342551082e+00 nan nan nan nan nan nan nan nan nan nan nan nan nan nan nan nan nan nan
nan nan -1.080647855252647060e+00 -1.773179611318145721e+00 -2.121203358380756132e+00 nan -3.292685350489521934e+00 -3.630408218424464373e+00 -3.873413834404127787e+00 -3.079263353009762394e+00 nan nan nan nan nan nan nan nan nan nan nan nan nan nan nan nan nan nan
nan nan nan nan nan nan -3.046451732067076090e+00 -3.108858971165978868e+00 -3.429505524810986916e+00 -2.794354251972679393e+00 nan nan -1.483511089516323489e+00 nan nan nan nan nan nan nan nan nan nan nan nan nan nan nan
nan nan nan nan nan -1.606883909904479379e+00 -2.324435389887966608e+00 -2.687430444249137462e+00 -2.796100431938929542e+00 -2.969493204997273761e+00 nan nan nan nan nan nan nan nan nan nan nan nan nan nan nan nan nan nan
nan nan nan nan nan -1.193362358933325540e+00 -1.862774108403753681e+00 -2.114747690927735402e+00 -1.893408841457425718e+00 -1.372000663198994275e+00 2.169890268974702108e-01 nan nan nan nan nan nan nan nan nan nan nan nan nan nan nan nan nan
nan nan nan nan nan -1.391501924344350050e+00 -1.852335217598531703e+00 -2.125413346664220438e+00 -1.663613426665995432e+00 -8.288193483135034567e-01 2.645399592856735871e-01 9.454608128211624551e-01 nan 1.174573601030601600e+00 nan nan nan nan nan nan nan nan nan nan nan nan nan nan
nan nan nan nan nan -1.802990359912835405e+00 -1.836889494911041698e+00 -2.147098763987472125e+00 -2.053312271842463677e+00 -1.505199907023159867e+00 -7.618017155359855241e-01 -2.980079632742356766e-01 -3.625214673598008142e-02 -1.697025460908068162e-01 9.179971631587303948e-02 nan nan nan nan nan nan nan nan nan nan nan nan nan
nan nan nan nan nan -1.541101812969793761e+00 -1.846837389947945329e+00 -2.140130494727779720e+00 -2.026509478101256700e+00 -1.777822383074223467e+00 -1.564946445906217010e+00 -1.388713313100124358e+00 -8.964528465065750851e-01 -5.449292802156735505e-01 -4.903384356484381534e-01 7.921488685164648214e-01 6.670697662282565332e-01 nan nan nan nan nan nan nan nan nan nan nan
nan nan nan nan nan nan -1.654387374035995339e+00 -1.855355597898995512e+00 -1.582184682731184955e+00 -1.564034329326027040e+00 -1.680768525390406998e+00 -1.681964554128597689e+00 -1.153754571406989227e+00 -4.936681013200569512e-01 -2.212277202005104026e-01 4.210708346500290356e-01 4.940665101459719710e-01 9.724802489954024187e-01 nan nan nan nan nan nan nan nan nan nan
nan nan nan nan nan nan nan -1.410416068368699039e+00 -1.330106239638729537e+00 -1.481928997796920333e+00 -1.959325952307004792e+00 -2.220744726353370613e+00 -1.810053195940579007e+00 -9.475482054203496762e-01 -2.272376910802488270e-01 2.142390215425946653e-01 5.596512595672722412e-01 1.223077522327166378e+00 2.255078710140848042e+00 nan nan 2.763794412794210231e+00 nan nan nan nan nan nan
nan nan nan nan nan nan nan -1.032139461669274061e+00 -1.167456305538929096e+00 -1.695881734788917905e+00 -2.289389416066087257e+00 -2.424872956189830120e+00 -2.054952701636588941e+00 -1.298866923462362433e+00 -3.142722250290418406e-01 1.979680044977611131e-01 5.742129153866221136e-01 9.805773726706499271e-01 1.382057240818928001e+00 1.656646063868916219e+00 1.632092774303023797e+00 9.156285371304634380e-01 1.061296435187571996e+00 nan nan nan nan nan
nan nan nan nan nan nan nan nan -1.482279021018380716e+00 -2.132745544682081551e+00 -2.538199716185895571e+00 -2.636878204314315521e+00 -2.139364641040855108e+00 -1.361090728697345487e+00 -3.909385062715150516e-01 2.486868892860335523e-01 4.601423434802962009e-01 7.439096234244718664e-01 9.477983064214253739e-01 8.858996465475181825e-01 5.041115072884549964e-01 1.311865164976008802e-01 -1.201164751873922409e-01 3.725691862974600532e-01 nan 1.895760860288857375e+00 2.196538096893934533e+00 nan
nan nan nan nan nan nan nan nan nan -2.221328961465460328e+00 -2.614005203117206744e+00 -2.571082009906373145e+00 -2.039894210068887936e+00 -1.237539139943918842e+00 -3.275627524537291224e-01 2.905944658000201852e-01 4.402338265379531212e-01 5.894742252022402429e-01 6.822310406538318883e-01 4.260460157540355008e-01 8.534525491615442550e-02 -1.740927275313731148e-01 -2.419458839142366313e-01 2.795822083934090818e-01 nan 2.388573926814424819e+00 2.153752984489434752e+00 nan
nan nan nan nan nan nan nan nan nan nan -2.190360224560439661e+00 -2.164658874941189914e+00 -1.810521662573504553e+00 -1.162473187327920376e+00 -3.978096573511077372e-01 2.404504150948531538e-01 6.384733402211049125e-01 8.237888050036696885e-01 6.094235804679185575e-01 5.035696519916660341e-01 3.302053071295878994e-01 1.803764751025073443e-01 2.011587651040311620e-01 8.264095397688639988e-01 1.931694922979795503e+00 2.197155821976184864e+00 1.944298448349458974e+00 nan
nan nan nan nan nan nan nan nan nan nan nan nan -1.734840702711826221e+00 -1.231395868617319422e+00 -5.323187966118378966e-01 2.608960084349999375e-01 7.894340012590670419e-01 9.387980572137663016e-01 9.588402949389565055e-01 1.132359317432458656e+00 9.419414504909263686e-01 6.262209921287841263e-01 5.699486442074974679e-01 1.038099760655575521e+00 1.575326201702710982e+00 1.794900266761275009e+00 1.792078597238192295e+00 nan
nan nan nan nan nan nan nan nan nan nan nan nan nan -1.441845195693133075e+00 -7.720972416678403283e-01 1.407369373480168717e-01 7.770949755687764915e-01 1.020383597952126076e+00 1.143502263081975112e+00 1.248727213679018622e+00 1.130156467022685796e+00 9.447639729555025179e-01 9.140133240699909178e-01 1.182900874716631856e+00 1.629098986114459358e+00 1.774896731908003344e+00 1.774808779055093266e+00 nan
nan nan nan nan nan nan nan nan nan nan nan nan nan nan nan -1.105306817942539738e-01 7.037980812098292294e-01 1.194353144052354265e+00 1.344117008472998309e+00 1.450798002281215693e+00 1.371691781358098661e+00 1.137413328536077906e+00 1.160730050376602485e+00 1.513759825756868960e+00 1.843692778230124008e+00 1.935303227262378689e+00 1.965466385020057993e+00 nan
nan nan nan nan nan nan nan nan nan nan nan nan nan nan nan nan nan 1.079871003468797941e+00 1.338509635437940881e+00 1.551912666862288237e+00 1.047816794626432069e+00 2.642872489620673448e-01 9.402717463596445002e-01 2.039377965323363462e+00 1.929907425278477140e+00 2.011507748847640720e+00 2.065940082723362270e+00 nan
nan nan nan nan nan nan nan nan nan nan nan nan nan nan nan nan nan nan nan nan -2.095207529744911867e-01 nan nan 1.038906286418324720e+00 1.902584805886075703e+00 1.923472021866993620e+00 nan nan
