nan nan nan 3.004338634729117441e+00 2.259805741285272340e+00 1.448576092657629655e+00 nan nan nan nan nan nan nan nan nan nan nan nan nan nan nan nan nan nan nan nan nan nan
nan nan 3.480664590934949398e+00 2.910939177697971836e+00 2.341653135986363043e+00 1.501270749010248595e+00 7.305436587318456798e-01 nan nan nan nan nan nan nan nan nan nan nan nan nan nan nan nan nan nan nan nan nan
nan nan 3.690300947562702216e+00 3.108080401319793129e+00 2.763642568798899912e+00 2.239467631674835868e+00 1.422152168657069282e+00 1.204032812581679934e+00 nan nan nan nan nan nan nan nan nan nan nan nan nan nan nan nan nan nan nan nan
nan 4.224629871936599557e+00 3.685005200990361107e+00 3.257147892431644376e+00 3.061134294332655159e+00 2.685831617193477072e+00 1.904177732752151631e+00 1.326816438517565810e+00 1.422688982062478846e+00 nan nan nan nan nan nan nan nan nan nan nan nan nan nan nan nan nan nan nan
4.889772742924782811e+00 4.110014306100712389e+00 3.584999166683714655e+00 3.214609343550405729e+00 2.850762302533483172e+00 2.361297824175843107e+00 1.568043507848657425e+00 6.635313596099278177e-01 -1.207661340544287754e+00 -7.944732610953381124e-01 nan nan nan nan nan nan nan nan nan nan nan nan nan nan nan nan nan nan
4.820801782932274904e+00 4.117911642272347628e+00 3.524321741493197546e+00 2.967074854311701149e+00 2.301796025168182158e+00 1.763956248905936608e+00 3.607590192178849464e-01 -9.684761940184180018e-01 -2.679781855470725116e+00 nan nan nan nan nan nan nan nan nan nan nan nan nan nan nan nan nan nan nan
4.746363236872124247e+00 4.159468686967731976e+00 3.388101382383629012e+00 2.684381461817244130e+00 1.944314828812943263e+00 1.214294183411956940e+00 -3.309472185563711588e-01 -1.970735727890120970e+00 -3.333780804405983123e+00 nan nan nan nan nan nan nan nan nan nan nan nan nan nan nan nan nan nan nan
4.673023638968063054e+00 4.127262203211969904e+00 3.216410242841427625e+00 2.456983694426838394e+00 1.800367188263524598e+00 9.007111892714498858e-01 -5.331875713753929658e-01 -2.058024037369334369e+00 -2.834828024986165929e+00 nan nan nan nan nan nan nan nan nan nan nan nan nan nan nan nan nan nan nan
nan 3.978254337215463732e+00 3.087848246006519748e+00 2.437194021262992116e+00 1.540017655672907271e+00 4.437846113716701901e-01 -4.976076772130111348e-01 -1.386814387033128426e+00 -1.663820161995137825e+00 -5.205140811877853046e-01 nan nan nan nan nan nan nan nan nan nan nan nan nan nan nan nan nan nan
nan 4.097753042680514213e+00 3.174317910600522374e+00 2.493672386180792344e+00 1.250306333533675707e+00 5.239513816115168865e-01 -3.921504470106940698e-01 -9.083732980529067857e-01 -1.539128367964890387e+00 -1.131268335676119952e+00 nan nan nan nan nan nan nan nan nan nan nan nan nan nan nan nan nan nan
nan 4.127380185323516137e+00 3.183572763066571110e+00 2.220162413867820650e+00 1.357154063098608754e+00 7.564666822527376100e-01 -5.874196356513204931e-01 -1.198956013412971089e+00 -1.678265520335243677e+00 -1.616456951774959849e+00 nan nan nan nan nan nan nan nan nan nan nan nan nan nan nan nan nan nan
nan nan 2.842270835059229839e+00 1.868077136580764241e+00 1.086314919461295769e+00 4.905645800937756262e-01 -6.133189472311800783e-01 -1.535857366337131324e+00 -2.102564277088398104e+00 -2.038918096305858629e+00 nan nan nan nan nan nan nan nan nan nan nan nan nan nan nan nan nan nan
nan nan 2.099287867525251094e+00 7.530705243246161862e-01 1.709011697753279324e-01 nan -8.407998283997510924e-01 -1.370745515950987814e+00 -2.281487837608334512e+00 -2.002371123502296069e+00 nan nan nan nan nan nan nan nan nan nan nan nan nan nan nan nan nan nan
nan nan nan nan nan nan -6.788709212812972238e-01 -1.350731129128505792e+00 -2.086530926798571883e+00 -1.525643623841667518e+00 nan nan -5.804576230312186169e-01 nan nan nan nan nan nan nan nan nan nan nan nan nan nan nan
nan nan nan nan nan 4.415365733143135074e-01 1.153649215343948015e-01 -1.035523002790379232e+00 -1.966760329431054499e+00 -1.628085358578000852e+00 nan nan nan nan nan nan nan nan nan nan nan nan nan nan nan nan nan nan
nan nan nan nan nan 1.774019055333005079e+00 1.185749882136205802e+00 -4.661748507647543033e-02 -9.127667435949393671e-01 -7.514894657912022380e-01 1.023111322312193927e+00 nan nan nan nan nan nan nan nan nan nan nan nan nan nan nan nan nan
nan nan nan nan nan 2.224750779603889228e+00 1.439618178144988603e+00 7.645838021702914267e-01 2.325664734532169875e-01 -6.296547905108447474e-02 7.589173770442901867e-01 1.575046832172500189e+00 nan 2.052640080194306549e+00 nan nan nan nan nan nan nan nan nan nan nan nan nan nan
nan nan nan nan nan 2.462412646322530652e+00 1.761738578098911878e+00 1.137763914362781126e+00 6.812789674471735335e-01 2.252811710850091687e-01 2.531879601456826778e-01 3.853314539375959913e-01 6.207204152794070229e-01 5.960320250979085355e-01 1.419878845585959448e+00 nan nan nan nan nan nan nan nan nan nan nan nan nan
nan nan nan nan nan 2.573235634456952692e+00 1.915673930529211200e+00 1.497393873233322292e+00 7.388319537402201487e-01 1.592467180243976321e-01 -5.584484520841483113e-02 -1.261144582830472649e-01 -2.962046121662725295e-01 -1.815141423200108683e-01 -1.325287552550563908e-01 1.464735365673715428e+00 1.615641668603496450e+00 nan nan nan nan nan nan nan nan nan nan nan
nan nan nan nan nan nan 1.919374341209868051e+00 1.527411042975537869e+00 7.892744850913399057e-01 2.490851782770566736e-01 -3.859784738592810655e-02 -1.761818605865123621e-01 -3.046073606205023654e-01 -1.419314651909041602e-01 4.016879990759951169e-01 8.497628012946939480e-01 1.421196684170846991e+00 2.275065718997351549e+00 nan nan nan nan nan nan nan nan nan nan
nan nan nan nan nan nan nan 1.519661705768153404e+00 8.994761309719391251e-01 2.522468678537556630e-01 -1.400486894130358560e-02 -6.138595894685260068e-02 -9.940777196797204174e-02 -3.633582391248854626e-01 2.588825750218338717e-01 9.489780842016790618e-01 1.901201694327236957e+00 3.163765968202573386e+00 3.403878343341412371e+00 nan nan 2.891371266987030619e+00 nan nan nan nan nan nan
nan nan nan nan nan nan nan 1.556435072818759702e+00 1.023474824301295882e+00 4.530700172005465154e-01 -2.442695603357660297e-02 5.967732109641519372e-02 -2.229639236096682409e-01 -6.450424283893927413e-01 -4.066018427561662874e-01 1.891937706788422990e-01 6.579238865793368696e-01 1.091041562565178369e+00 9.563089797434125572e-01 1.782386104922852876e-01 -4.531516494168731923e-01 -5.829489520131901914e-01 1.134004973395708493e+00 nan nan nan nan nan
nan nan nan nan nan nan nan nan 1.103404742376365322e+00 6.840481724408914443e-01 1.502302414525164553e-01 -2.743895577491846718e-02 -2.488466360495495133e-01 -8.205748239451357007e-01 -8.991925373015863254e-01 -7.686334654953144163e-01 -5.074106420219022251e-01 -3.939713067129976820e-01 -9.591510360052597495e-01 -1.671048130822662792e+00 -2.568483110884877796e+00 -2.524040733278646087e+00 -1.605490041411541613e+00 7.098153205008326250e-01 nan 2.922093157878371539e+00 1.653617086104528955e+00 nan
nan nan nan nan nan nan nan nan nan 8.503978900307306299e-01 1.464651366406365673e-01 -3.015344029331794018e-01 -4.538550914647556667e-01 -1.156054687368845979e+00 -1.522408659556483190e+00 -1.682280744399114569e+00 -1.277606125587645636e+00 -1.381242020881588761e+00 -2.089155457155192686e+00 -2.752806639460861238e+00 -3.121104890907647533e+00 -3.164065507004956146e+00 -2.446022935304712931e+00 -1.179413896692435682e+00 nan 2.116136503003138269e+00 1.298446604351997768e+00 nan
nan nan nan nan nan nan nan nan nan nan 2.385883622306118890e-01 -5.787661837670246001e-01 -8.279548727187695523e-01 -1.482386418216686597e+00 -2.011391437697656936e+00 -2.288555856206160755e+00 -2.491253382997635768e+00 -2.498933403180713331e+00 -2.778704568688682652e+00 -2.935353884445208283e+00 -2.944993551338248583e+00 -3.003719654845777409e+00 -2.429668344533727264e+00 -1.712961223108226516e+00 -1.004439145775984504e-01 7.717744173391360984e-01 1.350349219324839201e+00 nan
nan nan nan nan nan nan nan nan nan nan nan nan -1.140422622134691588e+00 -1.840263820533929673e+00 -2.230814358083096582e+00 -2.790015837784687758e+00 -3.506940726607364223e+00 -3.577668176881782180e+00 -3.377223744540244432e+00 -3.458360620885422954e+00 -3.103952030031201570e+00 -2.622339916330969967e+00 -2.847091380499767066e+00 -2.421519230543557555e+00 -1.296337081201375474e+00 -5.839448796837121147e-01 -2.685992386030753853e-01 nan
nan nan nan nan nan nan nan nan nan nan nan nan nan -2.196745153511862281e+00 -2.680099408261777505e+00 -3.460331582299824404e+00 -4.211555280321536365e+00 -4.473023079549425240e+00 -4.223143326674815512e+00 -3.919841493687842959e+00 -3.348743571653614026e+00 -3.412914912719636984e+00 -3.886710705449106573e+00 -3.426569853288696343e+00 -2.871646256025470745e+00 -2.191769262839271981e+00 -1.732750202022557806e+00 nan
nan nan nan nan nan nan nan nan nan nan nan nan nan nan nan -4.217309286808542446e+00 -4.992322061593339022e+00 -5.330572868558690836e+00 -5.106714980599047493e+00 -4.483336229393055206e+00 -4.236634875997858707e+00 -3.884638213661129047e+00 -4.444632892489003062e+00 -3.795444500665217546e+00 -3.500460504128239503e+00 -3.055713204721351772e+00 -2.738711913610328619e+00 nan
nan nan nan nan nan nan nan nan nan nan nan nan nan nan nan nan nan -6.309570074498544123e+00 -5.697600731382991057e+00 -5.658064185271475921e+00 -4.945615556286254488e+00 -3.343612871146498744e+00 -3.942360793390654372e+00 -4.506132202585947155e+00 -3.812395386416464138e+00 -3.395462608853949682e+00 -3.349598564170846338e+00 nan
nan nan nan nan nan nan nan nan nan nan nan nan nan nan nan nan nan nan nan nan -5.014540065190374207e+00 nan nan -3.956850731551093681e+00 -3.990205151390552096e+00 -4.028975392345357953e+00 nan nan
