nan nan nan -1.217275802873582363e-01 -1.409940713876087104e+00 -2.656086801989182788e+00 nan nan nan nan nan nan nan nan nan nan nan nan nan nan nan nan nan nan nan nan nan nan
nan nan 3.625373832775621863e-01 -5.579478869841262290e-01 -1.747909138200077095e+00 -2.998616859976589666e+00 -3.879086294141769642e+00 nan nan nan nan nan nan nan nan nan nan nan nan nan nan nan nan nan nan nan nan nan
nan nan -3.905650385638740479e-02 -9.840633098149019764e-01 -2.216829068054428920e+00 -3.656577667703002188e+00 -4.518001908791180909e+00 -3.989031858941441744e+00 nan nan nan nan nan nan nan nan nan nan nan nan nan nan nan nan nan nan nan nan
nan 1.536757757818537906e-01 -3.812891627142380724e-01 -1.386577801542271615e+00 -2.658146585607089829e+00 -4.204551411314333187e+00 -5.407048236452914658e+00 -5.912765664031635282e+00 -3.697362735089246399e+00 nan nan nan nan nan nan nan nan nan nan nan nan nan nan nan nan nan nan nan
2.215673817082600416e-01 -1.224623051247718947e-01 -6.909342652392188588e-01 -1.782969506146213634e+00 -3.211172143787360600e+00 -4.911568804827553869e+00 -6.625256535788089707e+00 -7.282532188860088240e+00 -7.351553690054291934e+00 -3.161592138943714048e+00 nan nan nan nan nan nan nan nan nan nan nan nan nan nan nan nan nan nan
1.809937158327401541e-02 -3.563293117608429816e-01 -1.116800418669342099e+00 -2.554274323414555070e+00 -4.065171296250028377e+00 -5.854843713031615771e+00 -7.555561385688629450e+00 -8.050275121469697481e+00 -8.371053088017047727e+00 nan nan nan nan nan nan nan nan nan nan nan nan nan nan nan nan nan nan nan
-1.833548631937569340e-01 -8.577972630967422019e-01 -2.136210936631999679e+00 -3.613866584263009774e+00 -5.182919753789577477e+00 -6.748177175945841100e+00 -7.981833571706758335e+00 -8.238414708205496595e+00 -7.630231927021008609e+00 nan nan nan nan nan nan nan nan nan nan nan nan nan nan nan nan nan nan nan
-9.495750682297217082e-01 -2.141923282752287161e+00 -3.879006346996488386e+00 -4.964242815233354200e+00 -6.221788141971495101e+00 -7.322601281240250337e+00 -8.087502786483357298e+00 -7.986782018844522213e+00 -6.424789259022752219e+00 nan nan nan nan nan nan nan nan nan nan nan nan nan nan nan nan nan nan nan
nan -3.589949434057170041e+00 -4.812459663620129113e+00 -5.702122437000041622e+00 -6.636942927183601348e+00 -7.420048920159065808e+00 -8.217333789179926740e+00 -7.945476658930680003e+00 -5.394115146970173136e+00 -1.974985356013402749e+00 nan nan nan nan nan nan nan nan nan nan nan nan nan nan nan nan nan nan
nan -4.666095459249175015e+00 -5.572340468396812518e+00 -6.074749664889488088e+00 -6.707225935668126304e+00 -7.617919268871301774e+00 -8.349871984452851947e+00 -8.464499163023306849e+00 -6.677791021762938151e+00 -3.712049858885519971e+00 nan nan nan nan nan nan nan nan nan nan nan nan nan nan nan nan nan nan
nan -5.291355277267855151e+00 -5.737327345302781545e+00 -6.042992359345904951e+00 -6.530001202330090848e+00 -7.636025231627880494e+00 -8.544673935464890846e+00 -8.254581004551290846e+00 -6.951054241126095157e+00 -4.057726217312786154e+00 nan nan nan nan nan nan nan nan nan nan nan nan nan nan nan nan nan nan
nan nan -5.716714883727356700e+00 -5.947048391783860133e+00 -6.235859319059962047e+00 -7.214277243642136739e+00 -8.414215508819610889e+00 -7.805223540107725455e+00 -6.878616453187984092e+00 -4.295300959665109275e+00 nan nan nan nan nan nan nan nan nan nan nan nan nan nan nan nan nan nan
nan nan -4.417271051390284420e+00 -4.318744522122474727e+00 -5.290154736826223392e+00 nan -8.020218850589060366e+00 -7.485651058684486436e+00 -6.861044814218774768e+00 -4.822899200431513655e+00 nan nan nan nan nan nan nan nan nan nan nan nan nan nan nan nan nan nan
nan nan nan nan nan nan -7.353881678226979801e+00 -6.892379954377659601e+00 -6.458858267878976100e+00 -4.216835204944559656e+00 nan nan -1.937991147003027548e+00 nan nan nan nan nan nan nan nan nan nan nan nan nan nan nan
nan nan nan nan nan -5.823207068696532929e+00 -6.345005465604967476e+00 -6.080638866924533481e+00 -5.625828392735333416e+00 -4.529837860316878739e+00 nan nan nan nan nan nan nan nan nan nan nan nan nan nan nan nan nan nan
nan nan nan nan nan -5.472796809138210428e+00 -5.269806517207898722e+00 -4.885263986721258611e+00 -4.243580765629946683e+00 -2.613316822557647967e+00 2.610148960637143634e-01 nan nan nan nan nan nan nan nan nan nan nan nan nan nan nan nan nan
nan nan nan nan nan -4.707437369991797738e+00 -4.482910465746090090e+00 -4.045854014043901437e+00 -3.598669641328976709e+00 -1.665080319387934660e+00 7.224866192997539960e-01 1.582429084862104096e+00 nan 1.986404827307185927e+00 nan nan nan nan nan nan nan nan nan nan nan nan nan nan
nan nan nan nan nan -3.867469353689181322e+00 -3.778300702678976108e+00 -3.311346790036751031e+00 -3.004518936860997247e+00 -1.956508066339488705e+00 -9.683989030708536339e-01 6.098934252323384708e-02 4.048111207782507659e-01 8.234496348354249096e-02 1.300281724025185603e+00 nan nan nan nan nan nan nan nan nan nan nan nan nan
nan nan nan nan nan -3.249786509745327567e+00 -3.047767967510000009e+00 -2.727381253736333111e+00 -2.383486667113370761e+00 -1.913833177821445020e+00 -1.357374023468775226e+00 -1.135249982959053883e+00 -8.942507718814991513e-01 -6.532954852202096374e-01 -4.960305358463463210e-01 1.634044569994043128e+00 1.445924344336207312e+00 nan nan nan nan nan nan nan nan nan nan nan
nan nan nan nan nan nan -2.471623819129574073e+00 -2.259380085777172198e+00 -1.976373452971965650e+00 -1.764296639224738117e+00 -1.419974229454746828e+00 -1.284934215031046767e+00 -1.269644853172485099e+00 -8.856169688397804718e-01 -3.305114184378598052e-01 2.309206312340382761e-01 6.576467570551602915e-01 1.444474033459652196e+00 nan nan nan nan nan nan nan nan nan nan
nan nan nan nan nan nan nan -1.840611557672028775e+00 -1.646929509919455414e+00 -1.459003937765571246e+00 -1.340324490714228878e+00 -1.393170522538630607e+00 -1.440753838628008987e+00 -1.215977254148201459e+00 -5.765868051087558177e-01 1.475972665431222741e-01 6.298923858247281737e-01 1.474270127830399346e+00 2.139468238950723133e+00 nan nan 2.611110656398125673e+00 nan nan nan nan nan nan
nan nan nan nan nan nan nan -1.475818268633142694e+00 -1.350717432181300026e+00 -1.284293762953614859e+00 -1.141321379408088532e+00 -1.218804584935089919e+00 -1.416722303631297031e+00 -1.463000161810951383e+00 -1.106108432050873391e+00 -3.555454865259841113e-01 3.143651741461533367e-01 6.979411791624458017e-01 8.541724265461035914e-01 7.932957495383637925e-01 4.145361874043139161e-01 -5.195686281384667010e-02 1.241575047350663930e+00 nan nan nan nan nan
nan nan nan nan nan nan nan nan -1.091910917668445169e+00 -1.112935370757883513e+00 -9.420913967914920084e-01 -1.077254027022284566e+00 -1.350991963645077121e+00 -1.553563152439619399e+00 -1.481059863773032559e+00 -1.178543905698991034e+00 -4.918110173630894089e-01 -9.608120754416653309e-02 1.905295469389371331e-03 -8.676472399433937666e-02 -4.291438461702110629e-01 -7.478453004080778399e-01 -8.967972625387617969e-01 7.421977584924882576e-01 nan 2.284053608909734745e+00 1.871573607741221723e+00 nan
nan nan nan nan nan nan nan nan nan -1.026201583662428307e+00 -9.532540388969245049e-01 -1.099981411356884875e+00 -1.322120397916234147e+00 -1.680883262658279698e+00 -1.806230978944605381e+00 -1.764677359470632867e+00 -1.313888107739999311e+00 -6.183722736398394870e-01 -3.229588208984309761e-01 -4.839033534265442804e-01 -6.756788766147203695e-01 -8.674184155229353044e-01 -8.493455932611041481e-01 -3.898547719743388207e-01 nan 2.549070071025892670e+00 1.344330068937140021e+00 nan
nan nan nan nan nan nan nan nan nan nan -1.072646311491266991e+00 -1.188724317747728909e+00 -1.453145636465845492e+00 -1.740609980005322299e+00 -1.925043336882638734e+00 -1.868411309022345534e+00 -1.748217320168003353e+00 -1.173069257791613085e+00 -7.191136253343222151e-01 -6.105092487536351031e-01 -6.116092952701908114e-01 -7.604502640636363608e-01 -8.347084522166968723e-01 -3.801164409381896370e-01 7.026288628295934702e-01 7.888150782848603049e-01 3.049595772240698000e-01 nan
nan nan nan nan nan nan nan nan nan nan nan nan -1.407329241243539641e+00 -1.682829222814308912e+00 -1.775053174426544089e+00 -1.717095600204781691e+00 -1.746283848130844918e+00 -1.631187088868297108e+00 -1.554878520863118396e+00 -1.559656249438343245e+00 -1.324542173448581162e+00 -9.389103576365944726e-01 -9.113682011671246919e-01 -8.770477963546218225e-01 -6.434362023329804892e-01 -6.006481967596686289e-01 -7.501896567078750744e-01 nan
nan nan nan nan nan nan nan nan nan nan nan nan nan -1.435077484481194210e+00 -1.541480471709406386e+00 -1.626274375200608135e+00 -1.677655596494513235e+00 -1.812648891420885811e+00 -1.977308802429964762e+00 -1.963222630066262075e+00 -1.882651030021792238e+00 -1.742999875192393633e+00 -1.611606603940736848e+00 -1.437674642225902133e+00 -1.238135764527046989e+00 -1.306693717372866548e+00 -1.517494224473627140e+00 nan
nan nan nan nan nan nan nan nan nan nan nan nan nan nan nan -1.633561291788940606e+00 -1.818022303274381857e+00 -2.121069027026923681e+00 -2.187018556033289318e+00 -2.202988698839194015e+00 -2.163859690067233998e+00 -2.278836089425860134e+00 -2.346850113565152274e+00 -2.297817130841529387e+00 -1.801394847869205895e+00 -1.901591357501111190e+00 -2.008129912401294792e+00 nan
nan nan nan nan nan nan nan nan nan nan nan nan nan nan nan nan nan -2.841083354837133257e+00 -2.639922984560088448e+00 -2.561067129481036098e+00 -2.627388398336913511e+00 -2.445280984831748494e+00 -2.803070045167800561e+00 -2.707926642454417276e+00 -2.514763158420962430e+00 -2.402840230165638413e+00 -2.573246360255650789e+00 nan
nan nan nan nan nan nan nan nan nan nan nan nan nan nan nan nan nan nan nan nan -3.388700747834687999e+00 nan nan -2.867936902679010469e+00 -2.627111065427206515e+00 -2.843223011379076848e+00 nan nan
