nan nan nan -1.728914355385082757e+00 -1.815494532173732800e+00 -1.620813011620443334e+00 nan nan nan nan nan nan nan nan nan nan nan nan nan nan nan nan nan nan nan nan nan nan
nan nan -1.595526825724114417e+00 -1.622751333934712381e+00 -1.670950991526867657e+00 -1.644657406904324048e+00 -1.155276695024014977e+00 nan nan nan nan nan nan nan nan nan nan nan nan nan nan nan nan nan nan nan nan nan
nan nan -1.322619610451664318e+00 -1.523343734503972424e+00 -1.679017717521158692e+00 -1.658813805374601102e+00 -1.161105996469271151e+00 -2.735219727109459709e-01 nan nan nan nan nan nan nan nan nan nan nan nan nan nan nan nan nan nan nan nan
nan -8.796768340425089594e-01 -1.079923662420834596e+00 -1.414615481689802001e+00 -1.692171877191602114e+00 -1.660577545777170094e+00 -1.232140729939884771e+00 -7.554548452131797376e-01 2.671932348400937740e-02 nan nan nan nan nan nan nan nan nan nan nan nan nan nan nan nan nan nan nan
-1.849333383101014472e-01 -5.379429260485193431e-01 -8.444345297426283370e-01 -1.250757171243263244e+00 -1.596367731266326917e+00 -1.716969538996062639e+00 -1.570088237950493237e+00 -1.070970276086139705e+00 -8.329969136611155012e-01 7.190717983103049882e-01 nan nan nan nan nan nan nan nan nan nan nan nan nan nan nan nan nan nan
1.430890510406162830e-01 -1.882367558647630168e-01 -5.563509630824778895e-01 -1.185167079959751346e+00 -1.653099690530649646e+00 -1.928725612442341752e+00 -1.788151232723566686e+00 -1.229453350312871729e+00 -6.854116482851613235e-01 nan nan nan nan nan nan nan nan nan nan nan nan nan nan nan nan nan nan nan
3.311394062693686635e-01 8.620009080187190920e-02 -3.593322133257752515e-01 -1.110856002780083118e+00 -1.665740869523942180e+00 -2.060433889162898602e+00 -1.997691248038111267e+00 -1.247344219553485178e+00 -9.232693420127915385e-01 nan nan nan nan nan nan nan nan nan nan nan nan nan nan nan nan nan nan nan
5.377259568671665102e-01 2.732675688714140683e-01 -2.792236280357676126e-01 -9.929078200137901877e-01 -1.672448748716667932e+00 -2.110288163465004807e+00 -2.136848588705513308e+00 -1.469040649035605606e+00 -7.684453256711967217e-01 nan nan nan nan nan nan nan nan nan nan nan nan nan nan nan nan nan nan nan
nan 4.218422140375598928e-01 -1.902153041005892886e-01 -8.976780476190433511e-01 -1.692652554702104961e+00 -2.263856902346523370e+00 -2.261166827418792380e+00 -1.899813975838211988e+00 -1.113692117567090190e+00 -8.016371531540509299e-01 nan nan nan nan nan nan nan nan nan nan nan nan nan nan nan nan nan nan
nan 4.951127568774524867e-01 -2.056785263535928499e-01 -8.289433102098830997e-01 -1.726155651783103151e+00 -2.555555547894863722e+00 -2.574670466409613834e+00 -2.272918113495179249e+00 -1.785067166052097143e+00 -7.715515867465334576e-01 nan nan nan nan nan nan nan nan nan nan nan nan nan nan nan nan nan nan
nan 2.217704084168927725e-01 -3.738638027964834576e-01 -8.456576993671576226e-01 -1.723500670305144311e+00 -2.875410933527006829e+00 -2.983332635508082475e+00 -2.468019139305054122e+00 -1.931332067121509954e+00 -7.766789758430265866e-01 nan nan nan nan nan nan nan nan nan nan nan nan nan nan nan nan nan nan
nan nan -2.804006819385350124e-01 -8.285780733415938348e-01 -1.722645362752153630e+00 -2.834686653715527527e+00 -3.373307752743888610e+00 -2.674166036634291199e+00 -2.000748877286286476e+00 -4.587576178229625379e-01 nan nan nan nan nan nan nan nan nan nan nan nan nan nan nan nan nan nan
nan nan -8.535391776964132426e-02 -4.636159341186195104e-01 -2.222267956870345618e+00 nan -3.814445111926093368e+00 -2.803292653984271965e+00 -2.115744570971332283e+00 -7.657236634636062078e-01 nan nan nan nan nan nan nan nan nan nan nan nan nan nan nan nan nan nan
nan nan nan nan nan nan -3.796416735434322565e+00 -2.955476192693747617e+00 -2.134297603402304677e+00 -1.079143371544828867e+00 nan nan -1.114388888697399188e-02 nan nan nan nan nan nan nan nan nan nan nan nan nan nan nan
nan nan nan nan nan -3.356510677194225245e+00 -3.507552642705775270e+00 -3.036851249227362715e+00 -2.046883818529426691e+00 -1.263738940599627991e+00 nan nan nan nan nan nan nan nan nan nan nan nan nan nan nan nan nan nan
nan nan nan nan nan -3.941868406552584414e+00 -3.739698012056742904e+00 -3.043261936005663415e+00 -2.136225219218529592e+00 -1.216127558900506500e+00 -5.133868466549399434e-01 nan nan nan nan nan nan nan nan nan nan nan nan nan nan nan nan nan
nan nan nan nan nan -3.979256140774873884e+00 -3.567778700454907970e+00 -2.948511104445620035e+00 -2.067667603386784236e+00 -1.146871079909671964e+00 -1.301366000939747358e-01 1.959154595358488515e-01 nan 1.623009355904941664e+00 nan nan nan nan nan nan nan nan nan nan nan nan nan nan
nan nan nan nan nan -3.700236291341910899e+00 -3.356831082941633682e+00 -2.831096185325586934e+00 -2.199046821481428271e+00 -1.358963651456577715e+00 -5.935263928152260116e-01 -2.146383494644787948e-02 2.051158741004696640e-01 5.958604037571442191e-01 1.161269260963915251e+00 nan nan nan nan nan nan nan nan nan nan nan nan nan
nan nan nan nan nan -3.186452147585970618e+00 -3.012192297993350643e+00 -2.701259673714219822e+00 -2.151963752453520229e+00 -1.533755341338999933e+00 -9.434586023042188518e-01 -2.710076534139869708e-01 2.364841557490828250e-01 7.630430772628090663e-01 1.078452724206061974e+00 1.992537964289904373e+00 1.497967598461447114e+00 nan nan nan nan nan nan nan nan nan nan nan
nan nan nan nan nan nan -2.656077719419988714e+00 -2.421369093537472317e+00 -2.037306855272804196e+00 -1.541684989645927484e+00 -1.007781534396003043e+00 -2.233811669307493863e-01 5.419721777159729470e-01 1.138192763885221392e+00 1.317652420090912546e+00 1.238314758939468518e+00 7.418032997401250439e-01 1.277353920845853086e+00 nan nan nan nan nan nan nan nan nan nan
nan nan nan nan nan nan nan -2.111038148691870564e+00 -1.808713245502331812e+00 -1.406043143426871200e+00 -8.930096931517510495e-01 -7.531375655170108319e-02 7.424501943430654727e-01 1.487416415500948164e+00 1.664092957437534936e+00 1.460177787885899914e+00 1.271885398546208190e+00 1.323458870771286433e+00 2.091321204439012593e+00 nan nan 2.099492395410323731e+00 nan nan nan nan nan nan
nan nan nan nan nan nan nan -1.895577751817897783e+00 -1.524543867440563583e+00 -1.218769156261003905e+00 -7.990554521723497450e-01 2.072752118577736447e-02 8.352562672072434413e-01 1.465462446723807544e+00 1.764344354965705186e+00 1.765227592718457528e+00 1.712397116917257378e+00 1.921667697506903583e+00 1.851644986828577588e+00 1.442392874060503427e+00 8.232226675524034754e-01 3.801556746439569978e-01 8.265447521346986903e-01 nan nan nan nan nan
nan nan nan nan nan nan nan nan -1.491903177981804163e+00 -1.230314729064432955e+00 -6.225641287135114110e-01 9.821534602362019806e-02 8.366816604545249669e-01 1.357766231337095064e+00 1.785198725102785655e+00 2.062257029280489817e+00 2.096167804248650679e+00 2.162052320061558675e+00 1.885706237219195058e+00 1.318107172311701714e+00 7.849356363332867792e-01 4.980883452455686089e-01 5.028021620778914125e-01 4.309049695530015045e-01 nan 1.306120330519114026e+00 1.254839717639110175e+00 nan
nan nan nan nan nan nan nan nan nan -1.256806472789387286e+00 -5.956978657373759312e-01 1.416888921367112086e-01 7.242815305119674196e-01 1.304182172409455109e+00 1.880352048290623523e+00 2.259236628671055680e+00 2.369066508839205110e+00 2.270003870093229459e+00 1.941667743674458935e+00 1.303066612114742728e+00 8.532389534658484376e-01 8.152441022891974143e-01 1.026422155330380281e+00 1.169062913406615944e+00 nan 1.695062408434597767e+00 1.788881958322978916e+00 nan
nan nan nan nan nan nan nan nan nan nan -5.641428607252311211e-01 1.508758989916916815e-01 6.073950491772129867e-01 1.232276026891680587e+00 1.929822333187636962e+00 2.366534942756273630e+00 2.595396725611222699e+00 2.450983644374019832e+00 2.042829384894713662e+00 1.450875935312155640e+00 1.022330947693840475e+00 1.014771281171988448e+00 1.309996210515314674e+00 1.654098308372003778e+00 2.208167512170239100e+00 2.234661714668258359e+00 2.432620119794250080e+00 nan
nan nan nan nan nan nan nan nan nan nan nan nan 5.718208471626267109e-01 1.218199118387801150e+00 1.850024626171745901e+00 2.330014025547789025e+00 2.524800211385422877e+00 2.565947395666741127e+00 2.252939395833534864e+00 1.802232584044449304e+00 1.443185353312050889e+00 1.396679732938258311e+00 1.536078375664085893e+00 1.812496102738824000e+00 2.274786124913913632e+00 2.649550952134379855e+00 2.739452919549290044e+00 nan
nan nan nan nan nan nan nan nan nan nan nan nan nan 1.212626261005938844e+00 1.768624184415973577e+00 2.056476829236495441e+00 2.335867869330978230e+00 2.503215958394637397e+00 2.415558103552350566e+00 2.029283327593741859e+00 1.745758530635528327e+00 1.736992006726708837e+00 1.722598804257748029e+00 1.789526925294364634e+00 2.181410611385385501e+00 2.572215614642724635e+00 2.745632339519151532e+00 nan
nan nan nan nan nan nan nan nan nan nan nan nan nan nan nan 1.758701794077596192e+00 2.074651236186770831e+00 2.443250758835718184e+00 2.426646129766032445e+00 2.143750594170941159e+00 1.733748044430051483e+00 1.546314387947988145e+00 1.496233355813040955e+00 1.788813469636760800e+00 2.027474140421456461e+00 2.334519586223685828e+00 2.623365648098691771e+00 nan
nan nan nan nan nan nan nan nan nan nan nan nan nan nan nan nan nan 2.091729494443068216e+00 2.223776577685595335e+00 2.018207787448610180e+00 1.491583953534356466e+00 5.250924757793786757e-01 1.024280822723139917e+00 2.002927841307216461e+00 2.076863336614005462e+00 2.287868301229897483e+00 2.505884184997831721e+00 nan
nan nan nan nan nan nan nan nan nan nan nan nan nan nan nan nan nan nan nan nan 6.660149436754226882e-01 nan nan 1.931216901692831778e+00 2.377806487371676436e+00 2.280488867267963737e+00 nan nan
