nan nan nan 8.716277284460405284e-02 -8.213531430386972199e-01 -1.476778912626136364e+00 nan nan nan nan nan nan nan nan nan nan nan nan nan nan nan nan nan nan nan nan nan nan
nan nan 5.898922548260827625e-01 3.192088552956340308e-02 -8.014928260379299285e-01 -1.543250964436988504e+00 -1.727787272820150433e+00 nan nan nan nan nan nan nan nan nan nan nan nan nan nan nan nan nan nan nan nan nan
nan nan 4.906820233391768760e-01 -9.689617026613628337e-02 -9.966208630440982486e-01 -1.608021039628686921e+00 -1.995016505664461981e+00 -1.250565771735589138e+00 nan nan nan nan nan nan nan nan nan nan nan nan nan nan nan nan nan nan nan nan
nan 6.490726510522604187e-01 2.758183771613016977e-01 -3.489951529095783878e-01 -1.118918489039264941e+00 -1.840255845325608375e+00 -2.320446938401456549e+00 -2.400261225537614784e+00 -1.550673522524890213e+00 nan nan nan nan nan nan nan nan nan nan nan nan nan nan nan nan nan nan nan
7.404664940113034888e-01 3.283565432505737292e-01 -8.789918118891548726e-02 -5.923261900773506561e-01 -1.351745333996097198e+00 -2.142952934710766311e+00 -3.077100701255071513e+00 -3.620845076697166931e+00 -3.931354936742887052e+00 -1.534095992965165411e+00 nan nan nan nan nan nan nan nan nan nan nan nan nan nan nan nan nan nan
8.589336956328624817e-02 -1.778114474173485560e-01 -5.839918860744806040e-01 -1.035208574977399820e+00 -1.664338777077148501e+00 -2.520241186722235849e+00 -3.478177342529734872e+00 -4.529950262058168420e+00 -5.026578674284238879e+00 nan nan nan nan nan nan nan nan nan nan nan nan nan nan nan nan nan nan nan
-4.635548752711515785e-01 -8.152157418883938522e-01 -1.223964886414975917e+00 -1.527829331710876648e+00 -1.870950538106215699e+00 -2.659522722997870847e+00 -3.802294050365858435e+00 -5.048878054885966193e+00 -5.586540918705825476e+00 nan nan nan nan nan nan nan nan nan nan nan nan nan nan nan nan nan nan nan
-9.618780113784271002e-01 -1.405375609635838519e+00 -1.743284027662902691e+00 -1.992198340110075128e+00 -2.329265097705883747e+00 -3.080280565646113189e+00 -4.319879167564737443e+00 -4.959848155946090742e+00 -4.910774398963986265e+00 nan nan nan nan nan nan nan nan nan nan nan nan nan nan nan nan nan nan nan
nan -1.923749290106281817e+00 -2.205581981443510475e+00 -2.402705939735697793e+00 -2.930546015508929347e+00 -3.711738087182031798e+00 -4.558693814801079824e+00 -5.049742484125818720e+00 -4.138931133587631983e+00 -1.850363981983495165e+00 nan nan nan nan nan nan nan nan nan nan nan nan nan nan nan nan nan nan
nan -2.469721590101261022e+00 -2.603041868009655424e+00 -2.841469054181481990e+00 -3.409319563548257381e+00 -4.272298036633368490e+00 -4.901468330097264570e+00 -5.537709401682920252e+00 -5.310070900292461538e+00 -3.378287919109304038e+00 nan nan nan nan nan nan nan nan nan nan nan nan nan nan nan nan nan nan
nan -2.881998208951634499e+00 -2.961289546839484643e+00 -3.194640762435306591e+00 -3.730032670604304990e+00 -4.472872489145963470e+00 -5.451907971481365855e+00 -5.745968847343867481e+00 -6.065764360299414015e+00 -4.082883968263073093e+00 nan nan nan nan nan nan nan nan nan nan nan nan nan nan nan nan nan nan
nan nan -3.173663034561668983e+00 -3.338590151659568850e+00 -3.727323561140587938e+00 -4.606387523558193031e+00 -5.759085392160201877e+00 -5.921153855799063948e+00 -6.671653797391420504e+00 -4.822681042828516063e+00 nan nan nan nan nan nan nan nan nan nan nan nan nan nan nan nan nan nan
nan nan -2.909356614940199037e+00 -2.946210271105196732e+00 -3.595699544277873194e+00 nan -5.795641198080190293e+00 -5.982345305219094023e+00 -6.508930765046503808e+00 -5.461416615041485123e+00 nan nan nan nan nan nan nan nan nan nan nan nan nan nan nan nan nan nan
nan nan nan nan nan nan -5.446827142772817432e+00 -5.789983022059308482e+00 -6.171081574252625046e+00 -4.572521921145600743e+00 nan nan -2.352328210244010176e+00 nan nan nan nan nan nan nan nan nan nan nan nan nan nan nan
nan nan nan nan nan -4.296226978752628156e+00 -4.642738571504922085e+00 -5.088787755715713068e+00 -5.203328130663181561e+00 -4.625479731910453474e+00 nan nan nan nan nan nan nan nan nan nan nan nan nan nan nan nan nan nan
nan nan nan nan nan -4.066424282853052574e+00 -3.869106226099759738e+00 -4.384318863450464399e+00 -4.141607204137484288e+00 -2.778802292403472762e+00 1.063952313933596849e-01 nan nan nan nan nan nan nan nan nan nan nan nan nan nan nan nan nan
nan nan nan nan nan -3.247231640486006654e+00 -3.262065274009498417e+00 -4.042339000170887431e+00 -4.060484988597732325e+00 -2.572459400121686723e+00 -1.713224994642040810e-01 1.081773161125912486e+00 nan 1.437766841908737936e+00 nan nan nan nan nan nan nan nan nan nan nan nan nan nan
nan nan nan nan nan -2.598650717797870602e+00 -2.984174007947521190e+00 -3.720649931456796899e+00 -3.985052558065545369e+00 -3.368201878918573922e+00 -2.247129659086469111e+00 -7.107753068944718811e-01 -2.392341529302299818e-02 1.084085689085183546e-01 9.404519783898495078e-01 nan nan nan nan nan nan nan nan nan nan nan nan nan
nan nan nan nan nan -2.184650232055829644e+00 -2.713428873904976779e+00 -3.477469610915391307e+00 -3.585382045223691527e+00 -3.092348733215871448e+00 -2.383873361322233375e+00 -1.607921211567460817e+00 -7.563056697385566185e-01 -3.468864433817080428e-01 -1.615863511747452907e-01 1.722435708772695806e+00 1.357142002339246645e+00 nan nan nan nan nan nan nan nan nan nan nan
nan nan nan nan nan nan -2.319420836490155402e+00 -2.920636343010159841e+00 -3.017266163286812741e+00 -2.454276020120317092e+00 -1.833980890054990986e+00 -1.322022150519984507e+00 -7.170546011404672626e-01 -1.899023757563255144e-01 1.337856462116060463e-01 5.356752953479861912e-01 8.813753072775443176e-01 1.416471230428167472e+00 nan nan nan nan nan nan nan nan nan nan
nan nan nan nan nan nan nan -2.275888566509187250e+00 -2.297559605461092502e+00 -1.714201925742073751e+00 -1.141144606201097478e+00 -7.824118519003673278e-01 -4.522345689693639814e-01 -4.708222325235555950e-02 4.738411619169650701e-01 1.035367540854507551e+00 1.394479507935378004e+00 2.087382909658200614e+00 3.159706591030778888e+00 nan nan 3.509331360364445374e+00 nan nan nan nan nan nan
nan nan nan nan nan nan nan -1.598597108972722669e+00 -1.572323760504866330e+00 -1.157603533617618918e+00 -6.581585026799350313e-01 -3.303443025836528824e-01 -1.552501244055662921e-01 2.926613562123858703e-02 5.245154319204327065e-01 1.097712026467763335e+00 1.666195868246965306e+00 2.066149391176656192e+00 2.147171616793344562e+00 1.991446289088253607e+00 1.921392683319797401e+00 1.435754277169634996e+00 1.922242699447710645e+00 nan nan nan nan nan
nan nan nan nan nan nan nan nan -8.708879660044276383e-01 -5.156413655869689361e-01 -1.463917677466913814e-01 -1.128079018261659572e-01 -1.066088768386008745e-01 1.016357980082460699e-01 5.116119940343407668e-01 1.226565194340664355e+00 1.805578534711827388e+00 1.866508472119419837e+00 1.743787540379759360e+00 1.664655423562824588e+00 1.381309062018964084e+00 1.024684419688477677e+00 5.437171901807054120e-01 1.338106415222430234e+00 nan 3.171020460262973018e+00 2.145607577497976148e+00 nan
nan nan nan nan nan nan nan nan nan 1.326689138346370811e-02 2.280914192523936235e-01 2.054753531319638560e-01 4.145949470488637933e-01 4.046385671932037909e-01 7.425224640330865267e-01 1.267349381639304218e+00 1.897573810281113715e+00 2.236126273846975820e+00 1.878139210727179709e+00 1.497282015266435229e+00 1.348075287057184379e+00 1.144805261381811157e+00 9.900956131922687975e-01 1.240680791643393510e+00 nan 3.941930634169299452e+00 2.776108559514566920e+00 nan
nan nan nan nan nan nan nan nan nan nan 6.024536775726890836e-01 7.015573793167892980e-01 9.302532623986632387e-01 7.847408428254215584e-01 8.686931563837676507e-01 1.201157302087392242e+00 1.662867817486461952e+00 2.085881931800376066e+00 2.109137741866690341e+00 1.977526292975300581e+00 1.750736762194543994e+00 1.338037472091579083e+00 1.337535197443048052e+00 2.003568207368556564e+00 3.100413261309952873e+00 3.346437899369540503e+00 2.941063391772710478e+00 nan
nan nan nan nan nan nan nan nan nan nan nan nan 1.333703639016234233e+00 1.041499862174054103e+00 8.664124156959541745e-01 1.037780038243513836e+00 1.199598854363402856e+00 1.509709031253976264e+00 1.697797109970102358e+00 1.843400508866904097e+00 1.894192759807031612e+00 1.619242693693241142e+00 1.550341686764103111e+00 2.001975447086148385e+00 2.594998469143594111e+00 2.720807693364726720e+00 2.457642955599403045e+00 nan
nan nan nan nan nan nan nan nan nan nan nan nan nan 1.434052340696879257e+00 9.321362209932866350e-01 9.395476877333409638e-01 1.198258772689570817e+00 1.515180319472759107e+00 1.851267257300517333e+00 1.939373120690987218e+00 1.845467325215133680e+00 1.569129417867268117e+00 1.472904161558261205e+00 1.733551399321403119e+00 2.112491313338686894e+00 2.079871368323516823e+00 1.776208838119446076e+00 nan
nan nan nan nan nan nan nan nan nan nan nan nan nan nan nan 1.221980349850790848e+00 1.495228567860438229e+00 1.810487398492073297e+00 2.011182332779823945e+00 1.951133897212782298e+00 1.668535633182817834e+00 1.213529635059776846e+00 8.267837597856390053e-01 1.104868252528381500e+00 1.316258173337909732e+00 1.349146238436008671e+00 1.117150877419128330e+00 nan
nan nan nan nan nan nan nan nan nan nan nan nan nan nan nan nan nan 1.975742947897108026e+00 2.022776834421638803e+00 1.790911716409895549e+00 1.189285946921357695e+00 4.607272246291201356e-01 2.201354725764448350e-01 9.913105663859572703e-01 8.046465874361790060e-01 6.867381630642193091e-01 6.979441169165284675e-01 nan
nan nan nan nan nan nan nan nan nan nan nan nan nan nan nan nan nan nan nan nan -1.656095053182333743e-01 nan nan 9.007348833761852358e-01 6.712791281968408796e-01 3.006955358332452644e-01 nan nan
