nan nan nan 2.454355634826393739e+00 1.578693828442274238e+00 5.369195608404324638e-01 nan nan nan nan nan nan nan nan nan nan nan nan nan nan nan nan nan nan nan nan nan nan
nan nan 2.795970741749408628e+00 2.037116585868393503e+00 1.131771315471588268e+00 1.439967572829099485e-01 -7.387033553788890927e-01 nan nan nan nan nan nan nan nan nan nan nan nan nan nan nan nan nan nan nan nan nan
nan nan 2.663596569196446939e+00 1.741989785004534275e+00 8.387369652376580609e-01 -5.925108199968905781e-02 -8.863896313386171455e-01 -9.484206070235549069e-01 nan nan nan nan nan nan nan nan nan nan nan nan nan nan nan nan nan nan nan nan
nan 3.096096945799709399e+00 2.422813857477896793e+00 1.564804977117277396e+00 7.530796452001871089e-01 -6.597777153153623619e-02 -7.658695438050063808e-01 -1.157890151495381659e+00 -5.791616158705529260e-01 nan nan nan nan nan nan nan nan nan nan nan nan nan nan nan nan nan nan nan
3.465180313734424811e+00 3.099842111223314323e+00 2.457245763940129724e+00 1.541691568812347368e+00 7.562809536270563848e-01 6.013185947546354632e-02 -7.284840426559378024e-01 -1.525231441404389265e+00 -2.259498815581860498e+00 -1.092884939151349100e+00 nan nan nan nan nan nan nan nan nan nan nan nan nan nan nan nan nan nan
3.520494263515072220e+00 3.151152413923027140e+00 2.530656640715551742e+00 1.685077068754877949e+00 8.706064641617209388e-01 8.434151263839985424e-02 -8.221718482050937027e-01 -1.689754571548888196e+00 -2.743743832603865229e+00 nan nan nan nan nan nan nan nan nan nan nan nan nan nan nan nan nan nan nan
3.460370491285407635e+00 3.126530741251578149e+00 2.579884848331637670e+00 1.796557437481291375e+00 9.219541266420393510e-01 2.551323814703693182e-02 -7.148274747566510934e-01 -1.521226768420521402e+00 -2.435869983610840617e+00 nan nan nan nan nan nan nan nan nan nan nan nan nan nan nan nan nan nan nan
3.434111259406053218e+00 3.135039456296958793e+00 2.572489912708163740e+00 1.752099846666755001e+00 7.765637826728356563e-01 1.278137450442164424e-01 -5.177828162507023269e-01 -1.211339951921891478e+00 -1.787375922610404233e+00 nan nan nan nan nan nan nan nan nan nan nan nan nan nan nan nan nan nan nan
nan 3.066815542203099820e+00 2.359776271486326404e+00 1.559963695632452518e+00 7.254504187894806888e-01 1.187431909543024550e-01 -4.589258573654433349e-01 -1.186227292413469803e+00 -1.183143872174097444e+00 -7.308888228361061223e-01 nan nan nan nan nan nan nan nan nan nan nan nan nan nan nan nan nan nan
nan 2.879851342870037190e+00 2.228898639687456829e+00 1.479415009672123027e+00 6.747443676212118158e-01 -3.545832499195725879e-02 -6.148700024417901311e-01 -1.561646683817959014e+00 -1.524004028321020998e+00 -9.792035719720514342e-01 nan nan nan nan nan nan nan nan nan nan nan nan nan nan nan nan nan nan
nan 2.576216891415291865e+00 2.037527721596475772e+00 1.252092373765476774e+00 3.683570345203501795e-01 -2.471551592122913921e-01 -7.673103252230522031e-01 -1.584254588439756084e+00 -1.536181113701584833e+00 -1.053577061619445532e+00 nan nan nan nan nan nan nan nan nan nan nan nan nan nan nan nan nan nan
nan nan 1.636261522909352450e+00 9.739941674226714197e-01 2.702099053892798586e-01 -2.690635413919880148e-01 -8.286477184633578297e-01 -1.501495741198741518e+00 -1.430115038758131840e+00 -6.758318286462237090e-01 nan nan nan nan nan nan nan nan nan nan nan nan nan nan nan nan nan nan
nan nan 9.896579158623762806e-01 8.727630640553233343e-01 -9.480790825999955984e-02 nan -6.536037254794179185e-01 -1.141026247715559050e+00 -1.166675428040667706e+00 -4.637709177058689236e-01 nan nan nan nan nan nan nan nan nan nan nan nan nan nan nan nan nan nan
nan nan nan nan nan nan 7.454960896324609732e-02 -2.995486874128623911e-01 -4.651474901447756327e-01 -1.160223370546879379e-01 nan nan -8.063344293187009459e-02 nan nan nan nan nan nan nan nan nan nan nan nan nan nan nan
nan nan nan nan nan -2.545096963187725159e-01 3.645044806949546690e-01 5.836006033859476583e-01 3.008421513272522829e-01 2.127173303405186996e-02 nan nan nan nan nan nan nan nan nan nan nan nan nan nan nan nan nan nan
nan nan nan nan nan 5.956910378423504460e-01 9.547433019975327673e-01 1.105122348200992421e+00 9.100582847464991909e-01 7.264292352477935699e-01 4.762865311858526796e-01 nan nan nan nan nan nan nan nan nan nan nan nan nan nan nan nan nan
nan nan nan nan nan 4.116984497350077987e-01 1.238091875209103909e+00 1.281941555244876296e+00 1.122486832636451437e+00 1.126918929138785552e+00 9.324740394940708166e-01 4.527359049433292704e-01 nan 4.593482630857410598e-01 nan nan nan nan nan nan nan nan nan nan nan nan nan nan
nan nan nan nan nan 1.940952499810569554e-01 1.070835995499832327e+00 1.271550617798115512e+00 1.006838697368030111e+00 8.441120776985898688e-01 4.494492653415554373e-01 1.583062978852489699e-02 -3.865240896001800874e-01 -5.697286454574501668e-01 -2.471375872153115105e-01 nan nan nan nan nan nan nan nan nan nan nan nan nan
nan nan nan nan nan 1.025566136712026261e-01 7.670355909583621568e-01 1.015791206655451973e+00 9.118036186344253835e-01 6.251401605058526378e-01 2.538557884081585891e-01 -3.669637628199429735e-01 -6.313566213375066960e-01 -8.132280635762644261e-01 -7.138775164705205567e-01 1.140810269351042600e-01 -6.282454523629726895e-02 nan nan nan nan nan nan nan nan nan nan nan
nan nan nan nan nan nan 7.705571320324726692e-01 1.008477636370375796e+00 9.137055682641540555e-01 7.319965099371598116e-01 4.473339209842841502e-01 -3.270450423465012246e-01 -8.295695906285452947e-01 -8.589440913042888370e-01 -6.855778378241926818e-01 -6.110486770315785160e-02 -3.416770004359093865e-02 3.525183222467815902e-01 nan nan nan nan nan nan nan nan nan nan
nan nan nan nan nan nan nan 1.181291736633056866e+00 1.122772444746150455e+00 1.027155699908172570e+00 6.533063493561805934e-01 -1.027809524497094590e-01 -5.538835094686752614e-01 -5.466789704420939033e-01 -2.939284718424836629e-01 -7.191129573774050765e-02 7.957946639702069558e-02 4.445567071991187724e-01 5.209236661367716570e-01 nan nan 9.543522545469317331e-01 nan nan nan nan nan nan
nan nan nan nan nan nan nan 1.495923258494745722e+00 1.551879496574319672e+00 1.361669392932832290e+00 8.995741683179426795e-01 1.538759741693392635e-01 -1.272039885684444205e-01 -2.031902300475871004e-01 -2.071500568014587526e-02 1.789808433146296840e-01 2.741185517547723993e-01 2.446634773801947826e-01 -1.178574517641380569e-02 -2.059795361931053836e-01 -5.822781464352108083e-01 -7.338770612706820851e-01 3.118261982390335696e-02 nan nan nan nan nan
nan nan nan nan nan nan nan nan 2.051658719173391265e+00 1.778628531490704212e+00 1.361070020565862571e+00 5.871638771267232437e-01 3.221790106357545480e-01 2.945648076813418559e-01 2.427464239687332215e-01 3.531025951294875509e-01 4.597482993845807830e-01 3.312793874790773696e-01 2.260051388210608178e-02 -2.778167168842247126e-01 -7.539308288349156895e-01 -9.136275997814317096e-01 -7.268106592962446655e-01 2.897936290762677738e-02 nan 9.057747262371761421e-01 2.294830783903910876e-01 nan
nan nan nan nan nan nan nan nan nan 2.355363174016103844e+00 1.723677934722865457e+00 1.103934543302145910e+00 7.786842257030374137e-01 7.730654133937724382e-01 5.645495025533384670e-01 5.903816523946204819e-01 6.639848853523705463e-01 5.300633262971888859e-01 2.413767914118420954e-01 -2.352766238328566073e-01 -8.113011480947824872e-01 -9.735837749228725135e-01 -8.388900240343714065e-01 -5.402053388059099293e-01 nan -1.568908619264836324e-01 -7.565059485067012757e-01 nan
nan nan nan nan nan nan nan nan nan nan 2.449890847160723251e+00 1.681443875275319799e+00 1.293357413350846530e+00 1.200797364273046952e+00 9.719240807350710831e-01 8.538102710321031630e-01 9.028313322395157270e-01 7.476303321924843148e-01 4.512308186965270362e-01 -1.040378069712512427e-01 -7.107730808776402398e-01 -1.000824820146854588e+00 -1.046381637958701649e+00 -8.979237193224657299e-01 -4.582869326337822291e-01 -7.038735587034582464e-01 -9.862194142098540395e-01 nan
nan nan nan nan nan nan nan nan nan nan nan nan 1.856442534425798430e+00 1.624106020168480713e+00 1.449025392622555586e+00 1.161683207987974642e+00 1.191788922158274033e+00 1.106411304179619304e+00 7.449607270078669741e-01 -7.931849200364974109e-03 -8.303210829523584025e-01 -1.181704157999443838e+00 -1.333772626164479780e+00 -1.447113198447926630e+00 -1.367244377819493373e+00 -1.266682211989672124e+00 -1.172503440909948180e+00 nan
nan nan nan nan nan nan nan nan nan nan nan nan nan 2.187597063660906560e+00 1.861723209717521810e+00 1.576619221629551149e+00 1.511584611524080080e+00 1.388704271808922641e+00 9.308593634937188943e-01 9.803545870598535938e-02 -7.913810503210531033e-01 -1.295730362345715703e+00 -1.655844401394126697e+00 -1.618278672296385778e+00 -1.750303328448073792e+00 -1.780350639164802518e+00 -1.720123212544014679e+00 nan
nan nan nan nan nan nan nan nan nan nan nan nan nan nan nan 2.173307596419459475e+00 1.810402929048414933e+00 1.553734950325902142e+00 1.012555221599449551e+00 5.694395486063230649e-02 -7.295063105054371277e-01 -1.319430416662554784e+00 -1.778677790889018562e+00 -1.997973446333723091e+00 -2.069807848323634847e+00 -2.136939821926829186e+00 -2.209006574041207482e+00 nan
nan nan nan nan nan nan nan nan nan nan nan nan nan nan nan nan nan 1.668050092832225495e+00 8.748274086898718549e-01 -6.110187290074634708e-02 -1.209701585404094004e+00 -1.301372569476894503e+00 -1.319370155781404597e+00 -1.943685180590694506e+00 -2.400707356257024916e+00 -2.482308419454119175e+00 -2.488266897751554296e+00 nan
nan nan nan nan nan nan nan nan nan nan nan nan nan nan nan nan nan nan nan nan -1.453060065936106815e+00 nan nan -2.078471847296023522e+00 -2.395718303087756240e+00 -2.741408916543797147e+00 nan nan
