nan nan nan 3.036463403595115018e+00 5.839221304114347255e+00 1.010975072721810086e+01 nan nan nan nan nan nan nan nan nan nan nan nan nan nan nan nan nan nan nan nan nan nan
nan nan 2.026627981856650607e+00 2.936109142571016406e+00 5.438388440552360592e+00 9.127713007591724548e+00 1.603343143422609529e+01 nan nan nan nan nan nan nan nan nan nan nan nan nan nan nan nan nan nan nan nan nan
nan nan 1.825733459461658104e+00 2.911527884270119770e+00 6.140521104739711689e+00 9.557162126390167600e+00 1.357773405039620940e+01 1.844671381186925174e+01 nan nan nan nan nan nan nan nan nan nan nan nan nan nan nan nan nan nan nan nan
nan 1.643033290905196564e+00 2.671088333430056583e+00 4.667897758056619217e+00 7.090522041053176849e+00 9.747449511104612441e+00 1.269906186084020305e+01 1.418138816228886512e+01 8.370624099853753108e+00 nan nan nan nan nan nan nan nan nan nan nan nan nan nan nan nan nan nan nan
1.546083496288223502e+00 2.878838296132718799e+00 4.752526601307498488e+00 6.210897646417103957e+00 8.210600909891940802e+00 1.097800387833048497e+01 1.329301313590843669e+01 1.361256038126601808e+01 9.078983224289354226e+00 1.186885289906411733e+00 nan nan nan nan nan nan nan nan nan nan nan nan nan nan nan nan nan nan
2.934328150075751651e+00 4.542589233189968212e+00 5.883409078633010658e+00 7.602402224215624393e+00 1.013602231369658391e+01 1.252390129934403262e+01 1.407800220821140513e+01 1.365903157434065918e+01 1.003764695824864894e+01 nan nan nan nan nan nan nan nan nan nan nan nan nan nan nan nan nan nan nan
3.932321691320193047e+00 5.055073398052015499e+00 6.437249472042675613e+00 8.529874144841722128e+00 1.136753835656937639e+01 1.342846880900895101e+01 1.458267952795477562e+01 1.330922202278875410e+01 9.776568867506323812e+00 nan nan nan nan nan nan nan nan nan nan nan nan nan nan nan nan nan nan nan
4.408955128899224363e+00 5.558435329276609771e+00 7.257577119698776613e+00 9.684676250599689951e+00 1.261592796769917157e+01 1.450237859419793729e+01 1.515292318602856625e+01 1.270316176594684165e+01 7.992425645785077748e+00 nan nan nan nan nan nan nan nan nan nan nan nan nan nan nan nan nan nan nan
nan 6.148858130635291630e+00 8.038882881998640428e+00 1.040991708717913333e+01 1.351770600116919141e+01 1.571132806823462857e+01 1.611424455036897641e+01 1.214555603073670476e+01 5.769466180082600815e+00 1.005152396050035257e+00 nan nan nan nan nan nan nan nan nan nan nan nan nan nan nan nan nan nan
nan 6.838541379960596522e+00 8.390835626477919362e+00 1.096979582941591502e+01 1.472327862620582728e+01 1.726272951561883318e+01 1.730960198663522931e+01 1.176611092569097572e+01 5.056783674702173492e+00 6.956877505405231199e-01 nan nan nan nan nan nan nan nan nan nan nan nan nan nan nan nan nan nan
nan 7.155770540227280208e+00 8.612789530897876134e+00 1.120881672040335708e+01 1.516907010081198237e+01 1.825107184384979320e+01 1.793785760387426009e+01 1.138645549106092147e+01 5.393887874143883820e+00 8.434443585223332374e-01 nan nan nan nan nan nan nan nan nan nan nan nan nan nan nan nan nan nan
nan nan 8.051622090304567436e+00 1.146854443255356060e+01 1.266683584835990395e+01 1.714276119428348011e+01 1.901443261449806599e+01 1.218181798651993120e+01 5.913336115545748228e+00 2.242240650369790311e-01 nan nan nan nan nan nan nan nan nan nan nan nan nan nan nan nan nan nan
nan nan 3.527683915968847117e+00 8.000938390441485026e+00 1.111996916258967616e+01 nan 1.870499756006630321e+01 1.191822579758281897e+01 6.811954883331892141e+00 7.016855115322394587e-01 nan nan nan nan nan nan nan nan nan nan nan nan nan nan nan nan nan nan
nan nan nan nan nan nan 1.553872707544528353e+01 1.220192024300244427e+01 8.259453594169476887e+00 1.982446704888552569e+00 nan nan 6.238189442385980860e-02 nan nan nan nan nan nan nan nan nan nan nan nan nan nan nan
nan nan nan nan nan 1.310561702155285602e+01 1.353190313121381649e+01 1.443050495816915202e+01 1.140327140851656829e+01 5.698903105370388467e+00 nan nan nan nan nan nan nan nan nan nan nan nan nan nan nan nan nan nan
nan nan nan nan nan 1.076678370183532962e+01 1.257148911601225016e+01 1.411822512046264144e+01 1.509633671056076842e+01 1.424707100802454285e+01 4.228785403736128323e+00 nan nan nan nan nan nan nan nan nan nan nan nan nan nan nan nan nan
nan nan nan nan nan 9.779117570941881610e+00 1.040824105682429490e+01 1.184196851558813179e+01 1.361797159418992820e+01 1.509239612901376759e+01 1.375564930862248403e+01 8.001559942023762417e+00 nan 9.513332529701310492e-01 nan nan nan nan nan nan nan nan nan nan nan nan nan nan
nan nan nan nan nan 7.549496468525929593e+00 8.975877543967328620e+00 9.745967160518471673e+00 1.081590251927923063e+01 1.263057359013863667e+01 1.421851918968437190e+01 1.377474351240847206e+01 9.594062155085341104e+00 3.898341393504567431e+00 2.647061901014396978e-01 nan nan nan nan nan nan nan nan nan nan nan nan nan
nan nan nan nan nan 6.826946447630806603e+00 7.793911057180711310e+00 8.580821501413099739e+00 9.227529320035840144e+00 1.026060985855810870e+01 1.223924071832188964e+01 1.404416443307562901e+01 1.346693334387074970e+01 9.828745501259293249e+00 4.577720489477555610e+00 2.042625780944486102e+00 5.675884470748469024e-01 nan nan nan nan nan nan nan nan nan nan nan
nan nan nan nan nan nan 6.988802072060585679e+00 7.537921944541269959e+00 7.950578931116923265e+00 8.610542038818678634e+00 9.588017293037895072e+00 1.166263570252116644e+01 1.447211430659032771e+01 1.408353757263075678e+01 1.054259851435826967e+01 5.894195326238219401e+00 1.976967796898825958e+00 8.500932408635337723e-01 nan nan nan nan nan nan nan nan nan nan
nan nan nan nan nan nan nan 6.678037895208897901e+00 7.030053237190665882e+00 7.010268119525778552e+00 7.534196237275040176e+00 8.402575091918089711e+00 1.091704517975869493e+01 1.481178548450738219e+01 1.417698851178601060e+01 1.123065546960218342e+01 6.637248643423124150e+00 4.625177076275411636e+00 3.280785652304855748e+00 nan nan 1.578176530273642575e+00 nan nan nan nan nan nan
nan nan nan nan nan nan nan 5.097824500390002456e+00 5.730379769451402261e+00 5.805653735389032732e+00 5.623996345044700362e+00 6.072233644344596115e+00 7.030464603154872094e+00 9.914871044319887972e+00 1.375503770107262191e+01 1.318466186073787583e+01 1.058313369440612206e+01 6.284657050005440837e+00 4.833633951822426944e+00 3.252267666902708854e+00 1.599584039924154322e+00 7.634374218749616636e-01 4.116643648398073951e-01 nan nan nan nan nan
nan nan nan nan nan nan nan nan 4.237229585364726603e+00 4.788150887144913881e+00 4.246152528231900369e+00 4.218998669291786463e+00 4.333422894151130578e+00 5.579650375194753487e+00 8.300948084669080629e+00 1.106691691795410470e+01 1.092463490347339494e+01 8.284041943744872682e+00 5.380245883814837704e+00 4.047217673029625651e+00 2.716406706494000289e+00 1.876139152106355734e+00 8.191817338263761572e-01 1.620404466398566445e-01 nan 7.232286234587758100e-01 7.878960062921319674e-01 nan
nan nan nan nan nan nan nan nan nan 4.430853977826027190e+00 4.180703422447411555e+00 3.639425642809045236e+00 3.147712846527377817e+00 2.972994180953063559e+00 3.804024932149373761e+00 5.031971129729543968e+00 6.991501382987665991e+00 7.124362757014469416e+00 6.055999272690724133e+00 5.235115098061478456e+00 4.223753607381005359e+00 3.479215410064500080e+00 2.408830524099961679e+00 1.265467177695096979e+00 nan 1.020012565214514222e+00 1.447964524318030355e+00 nan
nan nan nan nan nan nan nan nan nan nan 6.213490140859529554e+00 5.286791003652695053e+00 4.160937170290251785e+00 3.149349096390640312e+00 2.498676438462491767e+00 2.482555410326979128e+00 2.761540539761132784e+00 3.624649983231707395e+00 3.765373992060826236e+00 3.992444215328093460e+00 4.386304939355189170e+00 4.621508788431499148e+00 4.537415452188332310e+00 2.613503715011864514e+00 1.040280610971926922e+00 1.633705531820886847e+00 2.778191918125529014e+00 nan
nan nan nan nan nan nan nan nan nan nan nan nan 5.097920277170678638e+00 3.463125108207991687e+00 2.214497316689154616e+00 1.707745982926547113e+00 1.660901352220466087e+00 1.621314513625682352e+00 1.959102749834860768e+00 2.437857182883310880e+00 3.184715946801097708e+00 3.494338691161910315e+00 4.206840718292998105e+00 3.757421706044465459e+00 2.487284411193580347e+00 2.332535238701435976e+00 2.933145010547517639e+00 nan
nan nan nan nan nan nan nan nan nan nan nan nan nan 3.095322346798953905e+00 2.088267277606752792e+00 1.449818990391708251e+00 1.122937890404507089e+00 9.792460781637020162e-01 9.814078379163817534e-01 1.789498722281142484e+00 2.946295202186643980e+00 4.110399346967328782e+00 4.512463834369937032e+00 4.012715410953805240e+00 3.405261937359115976e+00 2.887904318843157014e+00 2.588855760484686463e+00 nan
nan nan nan nan nan nan nan nan nan nan nan nan nan nan nan 1.713083243957929991e+00 1.340121645263640637e+00 1.264775760720108444e+00 1.552616732864014359e+00 2.439819409785777715e+00 3.756089469099940015e+00 4.285056752081290554e+00 4.882167125253205953e+00 3.816235702633361093e+00 2.984164277459306014e+00 2.512234395311928381e+00 2.175444909486375256e+00 nan
nan nan nan nan nan nan nan nan nan nan nan nan nan nan nan nan nan 3.427674611108050939e+00 4.506192394793409051e+00 4.722840871002220275e+00 4.876190892949590960e+00 3.135995439522302419e+00 3.656245006898706684e+00 4.066828098775902234e+00 3.444805276391621263e+00 2.532447569564975076e+00 1.629746866203836797e+00 nan
nan nan nan nan nan nan nan nan nan nan nan nan nan nan nan nan nan nan nan nan 4.068910405652459872e+00 nan nan 6.134349773965254826e+00 4.125945775214750810e+00 2.571557511543113073e+00 nan nan
