nan nan nan 2.504504177223351036e+01 2.888205730025538287e+01 3.486253282847501822e+01 nan nan nan nan nan nan nan nan nan nan nan nan nan nan nan nan nan nan nan nan nan nan
nan nan 2.156950717758894598e+01 2.519218052700632171e+01 2.876886918543407745e+01 3.050653988402901007e+01 4.196364307748982014e+01 nan nan nan nan nan nan nan nan nan nan nan nan nan nan nan nan nan nan nan nan nan
nan nan 2.260223475353128464e+01 2.580204201981527135e+01 2.798722611685111517e+01 2.842774007567446759e+01 3.136437550170645494e+01 4.651144463870973311e+01 nan nan nan nan nan nan nan nan nan nan nan nan nan nan nan nan nan nan nan nan
nan 2.048786383257481702e+01 2.386463752588252163e+01 2.610456180411943450e+01 2.804418539648818509e+01 2.850532222355985823e+01 3.009676440680694043e+01 3.704933943912338634e+01 3.785129391140590371e+01 nan nan nan nan nan nan nan nan nan nan nan nan nan nan nan nan nan nan nan
1.407853737403164729e+01 2.074870793811029301e+01 2.470175889961083726e+01 2.686991546624770422e+01 2.956762131165771734e+01 3.167709651387410830e+01 3.520618556873066751e+01 4.248576536422108063e+01 5.443569383299742981e+01 1.931068541643702119e+01 nan nan nan nan nan nan nan nan nan nan nan nan nan nan nan nan nan nan
1.406707289663839688e+01 2.047681769198511503e+01 2.475055237941256792e+01 2.766394639996977745e+01 3.155594003333472486e+01 3.691119503899768262e+01 4.236828217670631602e+01 5.442879309648953523e+01 7.216139310772742022e+01 nan nan nan nan nan nan nan nan nan nan nan nan nan nan nan nan nan nan nan
1.387228839495257127e+01 1.936885324934378971e+01 2.341693497613013264e+01 2.835268457917695173e+01 3.428429099923029355e+01 4.278013768238088943e+01 4.762252714085753524e+01 6.151740281435586155e+01 7.492333036350959219e+01 nan nan nan nan nan nan nan nan nan nan nan nan nan nan nan nan nan nan nan
1.416443660454801190e+01 1.827667787138717514e+01 2.299238905613550088e+01 2.870803242535435729e+01 3.572916731731321960e+01 4.715429466747098530e+01 5.252396852903932256e+01 6.269355269341308912e+01 7.125532634491361250e+01 nan nan nan nan nan nan nan nan nan nan nan nan nan nan nan nan nan nan nan
nan 1.842350839560316444e+01 2.252597917851838361e+01 2.787077822764204882e+01 3.655106932375748841e+01 4.905049714584054499e+01 5.853404289013633388e+01 6.001053258072645491e+01 5.502858599492228109e+01 2.241001482031165537e+01 nan nan nan nan nan nan nan nan nan nan nan nan nan nan nan nan nan nan
nan 2.033896019637629138e+01 2.487107715786459750e+01 2.871089149544600261e+01 3.764850149068863772e+01 5.233340374419161378e+01 6.370674881818681712e+01 6.149946310380946102e+01 5.094614260301125341e+01 2.161385847134865656e+01 nan nan nan nan nan nan nan nan nan nan nan nan nan nan nan nan nan nan
nan 2.299724056846404352e+01 2.793107501553269145e+01 3.095550459247211705e+01 3.863095964902946378e+01 5.234461000578082235e+01 6.759332154242464696e+01 6.698372061937493527e+01 5.068597389700289568e+01 2.292004926467718917e+01 nan nan nan nan nan nan nan nan nan nan nan nan nan nan nan nan nan nan
nan nan 2.734049825846715009e+01 3.101297348255615915e+01 3.122279590826941487e+01 4.506795192478481482e+01 6.778886919140116163e+01 7.244023008280964859e+01 5.770283984108825592e+01 2.096708613135272969e+01 nan nan nan nan nan nan nan nan nan nan nan nan nan nan nan nan nan nan
nan nan 1.495796275372888928e+01 1.729781260158794254e+01 2.320369380506410550e+01 nan 6.352473612992847052e+01 7.460265334610276966e+01 6.670137220592457084e+01 2.672254958925679347e+01 nan nan nan nan nan nan nan nan nan nan nan nan nan nan nan nan nan nan
nan nan nan nan nan nan 5.675813555062985216e+01 7.256041473333954173e+01 7.566116342668171058e+01 3.538518699435012138e+01 nan nan 5.775946873705195550e+00 nan nan nan nan nan nan nan nan nan nan nan nan nan nan nan
nan nan nan nan nan 3.371584794006862751e+01 5.034243989745082359e+01 6.500434839537113874e+01 7.424925475738879754e+01 5.702307178703197366e+01 nan nan nan nan nan nan nan nan nan nan nan nan nan nan nan nan nan nan
nan nan nan nan nan 3.523503033668542628e+01 4.248713653430945669e+01 5.162728626492499018e+01 6.100981294120497012e+01 7.117723364296058719e+01 2.324242183288119890e+01 nan nan nan nan nan nan nan nan nan nan nan nan nan nan nan nan nan
nan nan nan nan nan 2.887991787699000668e+01 3.451733264168190374e+01 3.739595476795544471e+01 4.123523128629222612e+01 4.990397047283851606e+01 5.057323815003602618e+01 2.198007262772819104e+01 nan 3.847871442537956987e+00 nan nan nan nan nan nan nan nan nan nan nan nan nan nan
nan nan nan nan nan 2.362085263998023876e+01 2.743484638106026097e+01 2.895308543978912397e+01 2.797778298058558022e+01 2.966696808345376724e+01 3.653239085292027255e+01 3.679239760291536498e+01 2.200245436768296514e+01 8.626917296376456434e+00 2.472320175620385196e+00 nan nan nan nan nan nan nan nan nan nan nan nan nan
nan nan nan nan nan 1.832631100543668623e+01 2.061199703011642015e+01 2.227049336280100533e+01 2.166134180121326835e+01 2.122535214261397130e+01 2.345692675458727194e+01 3.073907772970421348e+01 3.110755774638781901e+01 1.890235116333139231e+01 8.515839337639322437e+00 5.214975672637041981e+00 2.611486763440037162e+00 nan nan nan nan nan nan nan nan nan nan nan
nan nan nan nan nan nan 1.667138182100416799e+01 1.741698138778711069e+01 1.764879714420145262e+01 1.727781169039478470e+01 1.722844316899853823e+01 2.122828385306289434e+01 2.692745592786299724e+01 2.703088390975391064e+01 1.721111311085971352e+01 9.494463481627780865e+00 4.127486791757029039e+00 2.921477543680556899e+00 nan nan nan nan nan nan nan nan nan nan
nan nan nan nan nan nan nan 1.383369268559361132e+01 1.378954994298834436e+01 1.354395240284273427e+01 1.400174186072686489e+01 1.684026683542765568e+01 2.104339595250647577e+01 2.176670970360048685e+01 2.162184787238477668e+01 1.498710295479070354e+01 9.199531070336020022e+00 7.531857999463320574e+00 6.435444764813549767e+00 nan nan 8.906629842588579038e+00 nan nan nan nan nan nan
nan nan nan nan nan nan nan 1.156250893103726796e+01 1.071523250164350038e+01 1.065784959716433988e+01 1.137225468425439878e+01 1.385022707561058475e+01 1.745403723285397746e+01 1.818367871874775332e+01 1.822977846089028731e+01 1.598893672060516202e+01 1.172765827503874725e+01 8.859815723600702242e+00 7.553173189875774796e+00 5.821250292906377410e+00 3.638946437361729291e+00 2.324961127809435091e+00 3.207412413612968471e+00 nan nan nan nan nan
nan nan nan nan nan nan nan nan 8.732366756621630088e+00 8.333191970266007331e+00 9.047068896313726682e+00 1.055419176938355896e+01 1.371011112775816265e+01 1.562261971072072875e+01 1.535477468595180284e+01 1.560761509287285875e+01 1.274741079471615812e+01 9.450354891484657571e+00 8.007494779008471397e+00 6.918307287825779639e+00 6.189495521120186972e+00 5.853367498790930767e+00 5.353612933631865189e+00 5.559560366999358294e+00 nan 9.305159964697404362e+00 1.248717046766988936e+01 nan
nan nan nan nan nan nan nan nan nan 7.028416367801153974e+00 7.751226488413831994e+00 8.386628615467408565e+00 1.025652581425543453e+01 1.192803506284629300e+01 1.233744053206529223e+01 1.264870770161320479e+01 1.334888168765144378e+01 1.057072135012985292e+01 8.660569238874179732e+00 8.258187474160122221e+00 8.143971129924056029e+00 9.903461119193240236e+00 1.490773258541386070e+01 2.038232478865358033e+01 nan 1.419938256998159964e+01 1.486285288991085096e+01 nan
nan nan nan nan nan nan nan nan nan nan 5.798433110820104375e+00 6.857006473353505882e+00 8.340569508448549385e+00 8.813898871884694231e+00 9.580542239621903988e+00 9.890212778808933791e+00 1.093663835146645269e+01 1.125652828895859514e+01 9.736801678789014147e+00 9.235620313928317060e+00 9.806535470643302332e+00 1.087388163491131721e+01 1.281903245062032681e+01 1.653839247443159977e+01 1.675008328730324791e+01 1.290867078790321898e+01 1.194706078457737775e+01 nan
nan nan nan nan nan nan nan nan nan nan nan nan 7.229036041108171773e+00 7.236469012280038804e+00 8.056305233535924870e+00 8.213198684543810302e+00 8.652710449068303333e+00 9.356486923848759574e+00 1.034088379898671306e+01 1.076222726337756441e+01 1.053162272642740049e+01 9.540552229881663848e+00 9.021347048151044490e+00 9.489366351101489627e+00 9.493166459837164339e+00 1.053536801631798525e+01 1.064580184657460471e+01 nan
nan nan nan nan nan nan nan nan nan nan nan nan nan 6.309488973379153265e+00 6.507614910578509715e+00 6.765433715985677665e+00 7.346611399966932687e+00 7.993935802038602212e+00 9.035972437096178922e+00 1.001000192649184939e+01 1.033665506835247072e+01 7.966511661244208398e+00 6.430421974042874744e+00 6.720634698137235574e+00 6.091590319155633537e+00 7.655124580326153172e+00 9.164195487829193354e+00 nan
nan nan nan nan nan nan nan nan nan nan nan nan nan nan nan 5.258903311716841777e+00 5.612955550069449018e+00 6.466588871598914601e+00 7.519199298613910898e+00 8.620194049777939682e+00 8.635933596996601125e+00 6.589855444997381184e+00 5.046381770596299887e+00 4.533383712308026503e+00 5.328688639493136314e+00 6.810924943198092052e+00 8.193403776667295801e+00 nan
nan nan nan nan nan nan nan nan nan nan nan nan nan nan nan nan nan 4.256425716829176586e+00 5.113886438978406446e+00 6.065590500768573534e+00 7.828088002059538475e+00 8.627563301081664804e+00 5.408115957314916677e+00 3.473113230723935629e+00 4.173553002688507263e+00 6.552382833577360621e+00 8.218420180635380490e+00 nan
nan nan nan nan nan nan nan nan nan nan nan nan nan nan nan nan nan nan nan nan 4.920538350739696476e+00 nan nan 3.985826836330182310e+00 3.841994283504759800e+00 4.398290752393727132e+00 nan nan
