nan nan nan 3.115661701315014298e+00 1.106237331950454816e+00 4.195087690766437838e+00 nan nan nan nan nan nan nan nan nan nan nan nan nan nan nan nan nan nan nan nan nan nan
nan nan 4.421983633832046401e+00 1.670814448795731488e+00 1.048189186126884831e+00 4.314468004839792314e+00 1.029089924537912282e+01 nan nan nan nan nan nan nan nan nan nan nan nan nan nan nan nan nan nan nan nan nan
nan nan 2.709018259323699329e+00 6.454455959046248026e-01 1.776076935803185375e+00 5.198373800232292119e+00 1.006785620601512576e+01 1.963822884215533904e+01 nan nan nan nan nan nan nan nan nan nan nan nan nan nan nan nan nan nan nan nan
nan 4.512751431709566496e+00 2.421739145742644261e+00 7.012565606586723677e-01 2.291757414122065573e+00 5.744659478219469761e+00 1.044327560529386645e+01 1.690586947256776185e+01 2.281120172533425361e+01 nan nan nan nan nan nan nan nan nan nan nan nan nan nan nan nan nan nan nan
6.801555521139824201e+00 4.492306907641437697e+00 1.987199348994653558e+00 9.990303365061364849e-01 3.070720498873582560e+00 7.031991479463833628e+00 1.138687077358726185e+01 1.462940473493251581e+01 2.289018300732467281e+01 1.628622624169478073e+01 nan nan nan nan nan nan nan nan nan nan nan nan nan nan nan nan nan nan
6.605363123596783126e+00 3.699028107003159427e+00 1.445751043817015802e+00 1.823838552896770437e+00 4.961365539933989766e+00 9.716408829125844804e+00 1.243704061601831867e+01 1.649955898333201532e+01 3.426227230968952142e+01 nan nan nan nan nan nan nan nan nan nan nan nan nan nan nan nan nan nan nan
5.716472121929531802e+00 2.823878202961626727e+00 1.189272312317606550e+00 3.152031027334244229e+00 7.594042769185405994e+00 1.230672198070276835e+01 1.534491204958353450e+01 2.509319237424958970e+01 3.633858390775361613e+01 nan nan nan nan nan nan nan nan nan nan nan nan nan nan nan nan nan nan nan
4.244748270448010175e+00 1.671158434546314853e+00 1.520147487436041223e+00 4.342924224748327511e+00 9.348718258769427081e+00 1.539235930459179258e+01 2.111170377727474445e+01 3.346605565331562104e+01 3.697366142521092058e+01 nan nan nan nan nan nan nan nan nan nan nan nan nan nan nan nan nan nan nan
nan 1.631847831798882487e+00 2.146358970519804288e+00 5.172619633153394680e+00 1.134854729411978269e+01 1.987936047330688893e+01 2.934063211875523081e+01 3.680506848250835361e+01 2.935583077704914956e+01 9.532121800393250410e+00 nan nan nan nan nan nan nan nan nan nan nan nan nan nan nan nan nan nan
nan 2.165725574509878015e+00 2.796273995560631498e+00 6.930201437214696725e+00 1.476966221005425162e+01 2.676828056959421431e+01 3.984396285442714714e+01 4.066453203731789756e+01 2.474710640332124001e+01 9.010013882893952442e+00 nan nan nan nan nan nan nan nan nan nan nan nan nan nan nan nan nan nan
nan 2.317203406941842125e+00 3.378781191680668705e+00 8.138391316027217215e+00 1.765810168091616106e+01 3.552800346667993381e+01 5.042095427325796919e+01 4.416534617012061403e+01 2.360379801845197534e+01 6.243851617555510103e+00 nan nan nan nan nan nan nan nan nan nan nan nan nan nan nan nan nan nan
nan nan 3.168371734339240131e+00 8.262745459134395176e+00 1.846526784546101396e+01 3.779040318869784443e+01 5.774942832398138393e+01 4.630163270993368485e+01 2.718957126960975756e+01 5.964442694329164851e+00 nan nan nan nan nan nan nan nan nan nan nan nan nan nan nan nan nan nan
nan nan 2.532242364328549655e+00 6.797515865008133318e+00 1.316016806978768017e+01 nan 6.093943948807641675e+01 5.636919821485390258e+01 3.697304641927858881e+01 1.107955755313915169e+01 nan nan nan nan nan nan nan nan nan nan nan nan nan nan nan nan nan nan
nan nan nan nan nan nan 5.191049969661381169e+01 6.815962889016560666e+01 5.507444620251077083e+01 1.704536483800600521e+01 nan nan 1.725871463283284335e+00 nan nan nan nan nan nan nan nan nan nan nan nan nan nan nan
nan nan nan nan nan 2.136283114147455109e+01 4.260545732538307107e+01 6.516139673077050531e+01 7.596188356671561337e+01 4.459763652161133507e+01 nan nan nan nan nan nan nan nan nan nan nan nan nan nan nan nan nan nan
nan nan nan nan nan 1.865461950915258882e+01 3.455105982299715350e+01 5.498462595720115331e+01 7.133188844863353495e+01 7.755064320739994344e+01 2.632193412031122293e+01 nan nan nan nan nan nan nan nan nan nan nan nan nan nan nan nan nan
nan nan nan nan nan 1.436546742719284886e+01 2.845111999615893694e+01 4.435059126860713263e+01 5.548951595743367449e+01 6.592585823797249134e+01 6.839124286348845771e+01 3.929590197209822122e+01 nan 7.073238448240666720e+00 nan nan nan nan nan nan nan nan nan nan nan nan nan nan
nan nan nan nan nan 1.136593206020529223e+01 2.190060590158689280e+01 3.317149466503602184e+01 4.327590381098320904e+01 5.044650968099381316e+01 5.887521927034844538e+01 6.031484643762134112e+01 5.272349766647702296e+01 3.314711399155463312e+01 7.222058594481896243e+00 nan nan nan nan nan nan nan nan nan nan nan nan nan
nan nan nan nan nan 9.095240267934904921e+00 1.446752995139707920e+01 2.214224329377854517e+01 3.101306030218765741e+01 3.687609816529720774e+01 4.428792412049672578e+01 5.085664141746357103e+01 5.987893298936818809e+01 5.834045994707329896e+01 4.461313920767200614e+01 1.679667151815698389e+01 5.383653212207097027e+00 nan nan nan nan nan nan nan nan nan nan nan
nan nan nan nan nan nan 1.099684652848004340e+01 1.531066679482058390e+01 2.040966804388701661e+01 2.695224951170099459e+01 3.230444941634141998e+01 3.818368826891812517e+01 4.555010902694908026e+01 5.741516688177088668e+01 5.909707294724866244e+01 5.226363026358495745e+01 2.875128312036506628e+01 1.246185421729588683e+01 nan nan nan nan nan nan nan nan nan nan
nan nan nan nan nan nan nan 1.096309485871302769e+01 1.450290414185528576e+01 1.969080165234391089e+01 2.530719860389080367e+01 3.047853865441669896e+01 3.920638367128849211e+01 4.482206442227912646e+01 4.851467405931183663e+01 4.706845058093517054e+01 4.279171741709088650e+01 3.249860122935533724e+01 1.695657190464440589e+01 nan nan 6.047262576421617908e+00 nan nan nan nan nan nan
nan nan nan nan nan nan nan 7.501213461120391557e+00 9.991630087790268178e+00 1.386230011878936708e+01 1.856532827154156351e+01 2.360713416589456415e+01 3.139375634459997855e+01 3.816862218321737998e+01 3.877387896252233901e+01 3.825168279073778876e+01 3.339642625640364315e+01 2.603521544887323813e+01 1.712488110949196596e+01 9.120607011728175451e+00 3.184652008632546938e+00 1.146270548500614384e+00 1.486289563851331152e+00 nan nan nan nan nan
nan nan nan nan nan nan nan nan 7.016276009848986916e+00 9.923720968403955567e+00 1.377814879737890585e+01 1.917834810073757978e+01 2.399397038352915601e+01 2.650721683902186498e+01 2.798708309797553895e+01 2.748079696163821595e+01 2.535848049919483671e+01 2.310712494394810790e+01 1.820824287293585186e+01 1.285426332991237430e+01 7.446993225841803010e+00 2.618828720736776638e+00 6.808659966335004476e-01 6.042881119470228796e-02 nan 1.234822839485254509e+00 2.457274279554231555e-01 nan
nan nan nan nan nan nan nan nan nan 6.880190972366458269e+00 1.090682904806194387e+01 1.703759008776211914e+01 2.218797665191019064e+01 2.426292540258760511e+01 2.516327627280359636e+01 2.325526783120493945e+01 2.053559206651994629e+01 2.038268804459511330e+01 1.922506650791714833e+01 1.540300179917638523e+01 1.149828656802549176e+01 7.956014709483085312e+00 3.834563193500830636e+00 1.264387919494592616e+00 nan 1.128042636105442087e+00 5.850747968348160022e-01 nan
nan nan nan nan nan nan nan nan nan nan 9.120335170094103105e+00 1.592703450052002445e+01 2.174551052706573273e+01 2.472924230529085321e+01 2.847608378620084224e+01 2.827007581074879994e+01 2.490931061350789832e+01 2.286355609458648175e+01 1.809045301863681843e+01 1.551077108350407485e+01 1.261256245638094420e+01 9.141850996230598270e+00 5.417560093524227405e+00 2.107060679886840315e+00 2.476786069421255121e-01 2.594467384370031660e-01 5.275660531347103888e-01 nan
nan nan nan nan nan nan nan nan nan nan nan nan 2.060343828085761331e+01 2.610194785859325606e+01 3.013192044917819246e+01 3.019948430187077903e+01 2.857179793367404841e+01 2.719723858774439407e+01 2.527369627050502388e+01 1.742335503623780824e+01 1.276804292174931810e+01 9.783037102014331410e+00 5.859132180981755589e+00 2.512284195974946677e+00 5.816599210281196974e-01 2.850902239948416295e-01 7.868143244416281323e-01 nan
nan nan nan nan nan nan nan nan nan nan nan nan nan 2.717961378007509055e+01 3.265876120287366291e+01 3.308875846449626579e+01 3.032135764180528170e+01 2.980635552798781163e+01 2.672425962046944292e+01 1.851167276913348658e+01 1.224804217885648505e+01 7.710235036935832120e+00 5.083777764834566781e+00 4.262532349298728818e+00 1.607092525074456102e+00 9.278378965430910119e-01 1.321788126559028997e+00 nan
nan nan nan nan nan nan nan nan nan nan nan nan nan nan nan 3.841777616212922908e+01 3.488729863686302224e+01 3.273448769369533551e+01 2.728663651987642780e+01 1.813949948415237756e+01 1.228889222955301186e+01 7.444734158982984518e+00 6.305150460991587380e+00 5.668600130103656376e+00 2.577536961967912266e+00 2.129435841912445060e+00 2.087436549404804165e+00 nan
nan nan nan nan nan nan nan nan nan nan nan nan nan nan nan nan nan 3.819899121490603733e+01 2.900830246612791186e+01 1.954053190854340372e+01 1.728584887834805528e+01 7.019740738142095537e+00 5.339512330966935671e+00 7.152928717244112278e+00 3.965607576741642326e+00 3.023570215587988219e+00 2.605924567378322898e+00 nan
nan nan nan nan nan nan nan nan nan nan nan nan nan nan nan nan nan nan nan nan 1.644627935483516978e+01 nan nan 7.315228187097124746e+00 4.623928238617695641e+00 2.947822591058624653e+00 nan nan
