nan nan nan 1.409473120414467573e+01 1.164252701985892458e+01 9.663654523939285923e+00 nan nan nan nan nan nan nan nan nan nan nan nan nan nan nan nan nan nan nan nan nan nan
nan nan 1.596192499550044452e+01 1.420650826501172226e+01 1.196995460583913840e+01 1.027792561577387431e+01 1.036735855682573337e+01 nan nan nan nan nan nan nan nan nan nan nan nan nan nan nan nan nan nan nan nan nan
nan nan 1.581209375528342598e+01 1.374228778455062283e+01 1.197490118912919499e+01 1.141799652868305515e+01 1.129415873245530122e+01 1.382350546228190069e+01 nan nan nan nan nan nan nan nan nan nan nan nan nan nan nan nan nan nan nan nan
nan 1.551158722334455575e+01 1.394985939454517165e+01 1.290127659129292681e+01 1.224072561948381299e+01 1.243308342049310689e+01 1.230331284892481492e+01 1.158918833979589813e+01 8.023669080946721266e+00 nan nan nan nan nan nan nan nan nan nan nan nan nan nan nan nan nan nan nan
1.543198862522408987e+01 1.404446132800702074e+01 1.337629734533639336e+01 1.277500093445310370e+01 1.240401007929780874e+01 1.284352472987154847e+01 1.255290234850384223e+01 1.045446324618121814e+01 5.640231245416837957e+00 2.441443417481144795e+00 nan nan nan nan nan nan nan nan nan nan nan nan nan nan nan nan nan nan
1.442313887240643311e+01 1.413134147983950939e+01 1.303283994818002434e+01 1.206392742180102218e+01 1.194412659631896645e+01 1.307438602432356589e+01 1.336788122071421014e+01 1.175951129181980015e+01 6.003892114095163990e+00 nan nan nan nan nan nan nan nan nan nan nan nan nan nan nan nan nan nan nan
1.538420763815614833e+01 1.439682021415490176e+01 1.301206953293650415e+01 1.123115121148063267e+01 1.183207768251096148e+01 1.354193626747445123e+01 1.485787158758842175e+01 1.314089104009391562e+01 7.218201192445116376e+00 nan nan nan nan nan nan nan nan nan nan nan nan nan nan nan nan nan nan nan
1.681170831084530093e+01 1.507536383688164250e+01 1.325856218486096516e+01 1.100414635375111239e+01 1.192709169716903794e+01 1.416071691931847276e+01 1.643041219040087242e+01 1.407598755187571982e+01 7.688318654248051942e+00 nan nan nan nan nan nan nan nan nan nan nan nan nan nan nan nan nan nan nan
nan 1.503245417143287455e+01 1.254319908672433215e+01 9.937865900007565756e+00 1.107034539962448605e+01 1.470602173891759001e+01 1.777871577699771777e+01 1.393958207573163577e+01 6.942197647304505281e+00 8.963800479314462111e-01 nan nan nan nan nan nan nan nan nan nan nan nan nan nan nan nan nan nan
nan 1.503664406660356434e+01 1.078661306184710966e+01 8.153811208145148370e+00 1.038647077972609623e+01 1.547251215654328149e+01 1.970260142705188144e+01 1.400223594006264349e+01 6.272898871374467333e+00 9.557168454415061465e-01 nan nan nan nan nan nan nan nan nan nan nan nan nan nan nan nan nan nan
nan 1.537164856893859444e+01 8.879510884519117297e+00 6.951129304773183470e+00 1.044522398531364260e+01 1.683961195770904595e+01 2.298689864798945237e+01 1.454877305804536292e+01 6.226381060216397145e+00 1.058952554869573959e+00 nan nan nan nan nan nan nan nan nan nan nan nan nan nan nan nan nan nan
nan nan 6.425642079414819463e+00 5.827886222979008934e+00 9.943556811174270038e+00 1.738610680635116879e+01 2.577919286506313412e+01 1.606684360641843057e+01 6.382571244494734231e+00 3.698354479272634165e-01 nan nan nan nan nan nan nan nan nan nan nan nan nan nan nan nan nan nan
nan nan 2.524945052449307781e+00 4.087659682802102346e+00 9.704919623052916222e+00 nan 2.579086108463892302e+01 1.638151498419688323e+01 7.334787745180608276e+00 8.556732001858333714e-01 nan nan nan nan nan nan nan nan nan nan nan nan nan nan nan nan nan nan
nan nan nan nan nan nan 2.164492780429009855e+01 1.744954709698798467e+01 9.775628043069273687e+00 2.123577789464345056e+00 nan nan 4.516974779800254913e-02 nan nan nan nan nan nan nan nan nan nan nan nan nan nan nan
nan nan nan nan nan 1.734677707466099861e+01 1.978846503633383236e+01 1.966422820046091147e+01 1.481622764422389160e+01 7.616450755407510265e+00 nan nan nan nan nan nan nan nan nan nan nan nan nan nan nan nan nan nan
nan nan nan nan nan 1.362549069526968637e+01 1.775926792651267405e+01 2.037169710780463561e+01 1.877262227983626275e+01 1.684482072830406096e+01 5.398829498560014706e+00 nan nan nan nan nan nan nan nan nan nan nan nan nan nan nan nan nan
nan nan nan nan nan 1.199169222914808230e+01 1.505668236658882186e+01 1.920107270032995572e+01 2.062166734426582337e+01 1.873195854744407995e+01 1.402216155101020156e+01 6.796513461172208004e+00 nan 1.688691486387394525e+00 nan nan nan nan nan nan nan nan nan nan nan nan nan nan
nan nan nan nan nan 9.461652990324198598e+00 1.268283089121899110e+01 1.640879286159239570e+01 2.117528505009367024e+01 2.099886055158029663e+01 1.747953448377378294e+01 1.274237829157310742e+01 8.104930558853178368e+00 3.599179628694037181e+00 1.618878558855078698e+00 nan nan nan nan nan nan nan nan nan nan nan nan nan
nan nan nan nan nan 8.021365136677712115e+00 1.009301334263720662e+01 1.456015078511301297e+01 1.971151272420540224e+01 2.246368370357791378e+01 1.991150082224433504e+01 1.705868342141653216e+01 1.330586847484467761e+01 9.473173707661324272e+00 5.926327339211939105e+00 3.528964652102447364e+00 1.639646428217345964e+00 nan nan nan nan nan nan nan nan nan nan nan
nan nan nan nan nan nan 8.701191844477968118e+00 1.259772237909465531e+01 1.808986176722103068e+01 2.187934539250702670e+01 2.012894525616854224e+01 1.825088926590717620e+01 1.644249491477552994e+01 1.341212699008058706e+01 1.101666751724293292e+01 1.024533463030967972e+01 7.627516894219425581e+00 4.769718202065213575e+00 nan nan nan nan nan nan nan nan nan nan
nan nan nan nan nan nan nan 9.753681483448129796e+00 1.524366563512661266e+01 1.875984928217186365e+01 1.861843654627434219e+01 1.719681136263708510e+01 1.687543071273162099e+01 1.593105831165749819e+01 1.384511488558749726e+01 1.288569093696060008e+01 1.249860614304366990e+01 1.254912024261549419e+01 1.216776463481031101e+01 nan nan 6.417085220570191595e+00 nan nan nan nan nan nan
nan nan nan nan nan nan nan 7.483873023531324442e+00 1.094800748376437483e+01 1.491888761276710973e+01 1.608270402477997862e+01 1.558887875798132328e+01 1.580701229832011734e+01 1.619642132566246318e+01 1.598490213633494150e+01 1.506170490011625063e+01 1.291304008943030368e+01 1.208786711499164035e+01 1.111102287651438658e+01 9.512708091883903094e+00 6.758110395427234351e+00 4.232283359954298163e+00 2.481685533549880418e+00 nan nan nan nan nan
nan nan nan nan nan nan nan nan 7.068237622706947221e+00 9.713476404095429118e+00 1.175715641832340097e+01 1.325937435201217340e+01 1.388544476086948976e+01 1.468324744472369048e+01 1.552494665653371442e+01 1.597179339803383868e+01 1.392706688441937501e+01 1.082565458248520684e+01 8.951759928508590036e+00 8.506218843327976842e+00 7.224359561130916596e+00 6.762891930820526198e+00 6.040347290582577244e+00 4.182166502776189176e+00 nan 4.021060021281003927e+00 4.953979171932997971e+00 nan
nan nan nan nan nan nan nan nan nan 5.661669830643479173e+00 6.575377603275960325e+00 7.849455805141403175e+00 1.009283760563817367e+01 1.188215036670816538e+01 1.315276116117706273e+01 1.374376614040165556e+01 1.316997685106651517e+01 1.041995543593281681e+01 8.052169073004124655e+00 7.574437032766798694e+00 7.262447237092209740e+00 7.832141200480609911e+00 8.660710910408072394e+00 9.408101255171168020e+00 nan 5.440050885733671571e+00 6.093719985315765086e+00 nan
nan nan nan nan nan nan nan nan nan nan 3.327366585807122412e+00 3.784861076487286979e+00 4.730721828971663712e+00 6.184033702790441289e+00 7.726304611455411475e+00 8.521308651232331499e+00 8.989090039592760206e+00 9.115938620121481151e+00 8.405681574358190744e+00 7.606304789804932298e+00 6.537731873126730875e+00 6.758629606315168736e+00 7.157957114404590371e+00 7.257951457246972993e+00 6.766320778721029328e+00 5.229001286221181211e+00 4.277254991780768734e+00 nan
nan nan nan nan nan nan nan nan nan nan nan nan 2.055025842558332094e+00 2.823881280031312446e+00 3.957618467398015927e+00 4.733371446313657138e+00 5.138361258478695959e+00 5.605164714627075995e+00 6.050576124531762190e+00 6.719636680647831817e+00 7.095058866079815729e+00 5.948104455991372497e+00 5.944559094492703366e+00 5.474271481724588995e+00 4.615848154830299421e+00 3.940721117712953969e+00 3.448072049020307173e+00 nan
nan nan nan nan nan nan nan nan nan nan nan nan nan 1.265790331534679902e+00 1.891842486167141235e+00 2.713915497068204452e+00 3.311676232225159389e+00 3.651886891812112790e+00 4.169415029505889159e+00 4.565653177231951076e+00 4.702356864035209583e+00 4.814044741586334553e+00 5.349239661609622942e+00 4.805993202465643321e+00 4.094380960353905863e+00 3.563473249177316227e+00 3.104190501774689803e+00 nan
nan nan nan nan nan nan nan nan nan nan nan nan nan nan nan 1.278899064570081068e+00 1.716910399602113113e+00 2.026262908915275496e+00 2.584344681346907535e+00 2.958285087375054800e+00 3.049499831788190285e+00 3.220965964641461454e+00 4.222612895430689406e+00 4.324168324842839084e+00 3.410046824134675969e+00 3.328542158913152971e+00 3.133994171365938719e+00 nan
nan nan nan nan nan nan nan nan nan nan nan nan nan nan nan nan nan 1.173247898083129126e+00 1.874079133965535604e+00 2.538329663160272087e+00 2.896110404918998071e+00 2.104949379848720881e+00 3.159182297578042142e+00 3.077751042523846348e+00 2.526949630715578987e+00 2.740522209058380287e+00 3.074263069678421445e+00 nan
nan nan nan nan nan nan nan nan nan nan nan nan nan nan nan nan nan nan nan nan 3.404226971068982976e+00 nan nan 3.062511005196018044e+00 2.743092622603105379e+00 3.111327769052602665e+00 nan nan
