nan nan nan 7.589217773819728841e+00 4.650542260797634775e+00 7.288355380300600039e+00 nan nan nan nan nan nan nan nan nan nan nan nan nan nan nan nan nan nan nan nan nan nan
nan nan 9.527361014650454152e+00 5.636440335562262760e+00 4.138722962950553530e+00 5.689592840331837209e+00 1.443333796670310498e+01 nan nan nan nan nan nan nan nan nan nan nan nan nan nan nan nan nan nan nan nan nan
nan nan 8.124152754990287661e+00 4.794285313989129271e+00 3.819997638700004305e+00 5.152012985563061420e+00 9.921232942380600051e+00 2.276358817839916426e+01 nan nan nan nan nan nan nan nan nan nan nan nan nan nan nan nan nan nan nan nan
nan 1.032652666691131316e+01 7.004736815543796347e+00 4.035717189149903739e+00 3.104089249716535548e+00 3.756803707170046636e+00 7.228589690307162918e+00 1.347149002098066006e+01 1.390198620623055170e+01 nan nan nan nan nan nan nan nan nan nan nan nan nan nan nan nan nan nan nan
1.126628274666661156e+01 8.359618394815448994e+00 5.396940113819682416e+00 2.987861405488261735e+00 2.211968942589101594e+00 2.982446807578599479e+00 6.611435763486594119e+00 1.343447393733118567e+01 1.677317705894173372e+01 3.719449718037763475e+00 nan nan nan nan nan nan nan nan nan nan nan nan nan nan nan nan nan nan
9.750684775711425445e+00 6.698660850323648219e+00 4.182659698398688342e+00 2.538525415136708485e+00 2.011414824466964291e+00 3.123338329904807864e+00 7.441978520816725506e+00 1.692078051340731193e+01 2.248612290200965091e+01 nan nan nan nan nan nan nan nan nan nan nan nan nan nan nan nan nan nan nan
8.397863253880723633e+00 5.460100873144518197e+00 3.544154695740023175e+00 2.296376463499833598e+00 2.160139931801671409e+00 4.037259857428712628e+00 9.123600187861688582e+00 2.015880930968667784e+01 2.457999699967716012e+01 nan nan nan nan nan nan nan nan nan nan nan nan nan nan nan nan nan nan nan
6.669209488708207623e+00 4.144046043759967546e+00 2.692171304919291686e+00 2.013268856378024996e+00 2.763073216921144493e+00 5.761906305187263655e+00 1.156844139811634165e+01 2.045246061741411125e+01 2.182018297377932115e+01 nan nan nan nan nan nan nan nan nan nan nan nan nan nan nan nan nan nan nan
nan 4.090378957082534406e+00 2.646834889581196837e+00 1.997433178565988898e+00 3.797126767225676769e+00 7.649186321583609782e+00 1.302841844875037225e+01 1.906143583250018381e+01 1.546588005100997520e+01 5.644672141010533828e+00 nan nan nan nan nan nan nan nan nan nan nan nan nan nan nan nan nan nan
nan 3.685621930961357151e+00 2.626155136088294206e+00 2.547290187960199237e+00 5.043182292913954257e+00 9.331726734578611016e+00 1.476043564848383483e+01 2.018442016322713073e+01 1.390825603898145424e+01 4.591527571005563857e+00 nan nan nan nan nan nan nan nan nan nan nan nan nan nan nan nan nan nan
nan 4.205577807898600362e+00 3.636132565144710949e+00 3.943107948844001953e+00 6.012064309141053720e+00 1.110446438580872019e+01 1.706642113205726474e+01 2.033573873307115321e+01 1.470648624802410609e+01 4.840780219917817817e+00 nan nan nan nan nan nan nan nan nan nan nan nan nan nan nan nan nan nan
nan nan 5.267047172542663525e+00 5.316955625210037617e+00 6.409752217798913243e+00 1.197553057090044781e+01 1.970141991611631127e+01 2.085193687991992206e+01 1.648150068920229572e+01 4.213165164406117214e+00 nan nan nan nan nan nan nan nan nan nan nan nan nan nan nan nan nan nan
nan nan 4.404750559323541204e+00 3.432148159499573747e+00 5.726800425446215037e+00 nan 1.996472395504582664e+01 2.080198559316132290e+01 1.805453739329687579e+01 6.165065076102259845e+00 nan nan nan nan nan nan nan nan nan nan nan nan nan nan nan nan nan nan
nan nan nan nan nan nan 1.777501465584924034e+01 2.061775501082908946e+01 1.812412297271025352e+01 7.733869674901097113e+00 nan nan 1.037446070759160843e+00 nan nan nan nan nan nan nan nan nan nan nan nan nan nan nan
nan nan nan nan nan 1.028256350169320754e+01 1.514469626495977472e+01 1.840172171424626058e+01 1.777909710547457323e+01 1.251388164813917037e+01 nan nan nan nan nan nan nan nan nan nan nan nan nan nan nan nan nan nan
nan nan nan nan nan 9.983775929806077087e+00 1.401627568234391141e+01 1.546444950376137761e+01 1.524037953991259542e+01 1.372907254790909803e+01 4.708471949228169251e+00 nan nan nan nan nan nan nan nan nan nan nan nan nan nan nan nan nan
nan nan nan nan nan 8.647414842540991131e+00 1.071017856297410908e+01 1.189793209163822318e+01 1.137555632327196697e+01 9.832738707224615737e+00 8.165419986775196648e+00 5.195338312211412735e+00 nan 1.491707159584035658e+00 nan nan nan nan nan nan nan nan nan nan nan nan nan nan
nan nan nan nan nan 7.243338182513589629e+00 7.910591237570933743e+00 8.923704682661947274e+00 9.051119904248466241e+00 8.363292645724454744e+00 7.145757962644402994e+00 5.427965531293762247e+00 4.227384493415338618e+00 2.631003225366419951e+00 5.179938936679678863e-01 nan nan nan nan nan nan nan nan nan nan nan nan nan
nan nan nan nan nan 6.155788072089698026e+00 6.768592468782550498e+00 7.248134882529734035e+00 7.286133112043248872e+00 7.482650469784004166e+00 7.327268045512155048e+00 6.574400496005566197e+00 5.193241119049512911e+00 3.851578872502901874e+00 2.925348786513803034e+00 1.692797145039262041e+00 5.212217449171460126e-01 nan nan nan nan nan nan nan nan nan nan nan
nan nan nan nan nan nan 5.927007106564897931e+00 6.290865914242501411e+00 6.624725104055311675e+00 6.722051415811379549e+00 6.786305179546747723e+00 6.751409645351725608e+00 5.976557464400470643e+00 4.221915178224056042e+00 3.445481962519364671e+00 3.293546806867822863e+00 2.351282762780302793e+00 1.277531785487245664e+00 nan nan nan nan nan nan nan nan nan nan
nan nan nan nan nan nan nan 5.654463496781303000e+00 6.100377243252204096e+00 6.242973206445431522e+00 5.922371666475655161e+00 6.218338965397561147e+00 6.229983643538870020e+00 5.006176202412072840e+00 3.700547855296913102e+00 3.382515221343808776e+00 3.378407413237621171e+00 3.512980429411060701e+00 2.738967651912007195e+00 nan nan 1.995384062493054111e+00 nan nan nan nan nan nan
nan nan nan nan nan nan nan 5.163565408366218357e+00 5.679975516211293041e+00 6.004506290068348129e+00 5.444833130908421026e+00 5.014875699233069639e+00 5.150596056161972136e+00 5.091883921418962622e+00 4.119844097424480545e+00 3.286342532639321856e+00 2.893941066601196876e+00 3.075474876621620890e+00 2.549130831745901826e+00 2.019534982293617720e+00 1.333084451570290208e+00 6.836478086964699052e-01 5.171758757025450848e-01 nan nan nan nan nan
nan nan nan nan nan nan nan nan 5.457541005219955998e+00 5.584000396695752322e+00 4.991751295548253253e+00 4.154944295447277725e+00 3.482057240741370574e+00 3.497516930145262659e+00 3.255809918355200505e+00 2.943649816547305065e+00 2.537539817204598869e+00 2.219620671436460579e+00 2.645614618299612086e+00 2.306404714302594083e+00 1.753982191781895850e+00 1.115455892378205194e+00 7.109872749059661379e-01 2.978563341105985862e-01 nan 1.392789214137098996e+00 1.094672179429633019e+00 nan
nan nan nan nan nan nan nan nan nan 5.623501112355369536e+00 4.811915742643505745e+00 3.868085621661617513e+00 2.835345355661987643e+00 2.410536491036396445e+00 2.032229326777164058e+00 2.136779957112195039e+00 2.358082917081017804e+00 2.244018571181788602e+00 2.520880802912720764e+00 2.633219849676096125e+00 2.119593170341124821e+00 1.402970408377948841e+00 1.012493229701775244e+00 1.032103885010507538e+00 nan 1.793975404880466806e+00 2.409874350995595993e+00 nan
nan nan nan nan nan nan nan nan nan nan 4.916572277437851746e+00 3.907479570544083014e+00 2.734299352587882037e+00 2.144105052968162450e+00 1.827528537799749886e+00 1.748089401726123482e+00 2.096762088537276636e+00 2.526648745428795362e+00 2.815465204315129366e+00 2.949246427284828886e+00 2.663910272415459080e+00 1.950765097942828374e+00 1.554686066129573163e+00 1.395341267472917979e+00 2.174909791330373654e+00 2.822513246631405348e+00 3.591332945872097948e+00 nan
nan nan nan nan nan nan nan nan nan nan nan nan 2.853906738569249146e+00 2.179288582287778553e+00 2.040819169645054831e+00 1.966052231285001062e+00 1.860386035511851333e+00 2.162783052659102534e+00 2.856454589870549565e+00 3.434191575102481409e+00 3.523865494273393129e+00 2.738349223235649443e+00 2.296905445731530993e+00 2.128270785602775828e+00 2.551323033732352918e+00 3.327324963464739493e+00 4.264854875699234604e+00 nan
nan nan nan nan nan nan nan nan nan nan nan nan nan 2.428618553943795444e+00 2.420188194965127160e+00 2.464026066193746090e+00 2.309367740438897254e+00 2.282986280516556388e+00 2.786637384103206383e+00 3.145015036515421247e+00 3.823265280964551760e+00 3.390065592949719875e+00 3.068614264802912217e+00 2.916571390418829068e+00 2.896498417601991004e+00 3.507498390751223383e+00 4.630379751033740554e+00 nan
nan nan nan nan nan nan nan nan nan nan nan nan nan nan nan 2.657032593451957414e+00 3.030329058773715278e+00 2.809727712494719754e+00 2.804502212650161308e+00 2.821771223115624228e+00 3.232239014706659308e+00 3.978559602962997932e+00 4.118500011108525705e+00 3.499780362014327739e+00 3.430320478988346355e+00 3.753053355645378897e+00 4.718978692614100190e+00 nan
nan nan nan nan nan nan nan nan nan nan nan nan nan nan nan nan nan 3.560327327489918758e+00 2.985270826994233406e+00 2.950651348072734326e+00 2.144302634553171938e+00 1.690036130973669559e+00 3.737965591192486059e+00 3.988694775860625708e+00 3.489763976852503280e+00 3.777256255838598253e+00 4.940116848062287680e+00 nan
nan nan nan nan nan nan nan nan nan nan nan nan nan nan nan nan nan nan nan nan 1.552333886298589150e+00 nan nan 4.094299744411082465e+00 3.636294608235422832e+00 3.647798815897984159e+00 nan nan
