nan nan nan 1.545205178277699254e+01 1.224895531270961335e+01 1.340373072545198063e+01 nan nan nan nan nan nan nan nan nan nan nan nan nan nan nan nan nan nan nan nan nan nan
nan nan 2.076631715880174767e+01 1.630019354014320143e+01 1.410641234158730128e+01 1.485194191813039311e+01 2.138855285845218646e+01 nan nan nan nan nan nan nan nan nan nan nan nan nan nan nan nan nan nan nan nan nan
nan nan 2.306157491426659689e+01 1.974911704237420906e+01 1.811628210567475250e+01 1.827890210650363656e+01 2.418446066871455002e+01 3.279957861211357795e+01 nan nan nan nan nan nan nan nan nan nan nan nan nan nan nan nan nan nan nan nan
nan 2.899398619676609101e+01 2.562687937277827288e+01 2.352347311920015116e+01 2.210843945767274832e+01 2.366612898173345414e+01 2.967241129273478251e+01 3.647074993230459228e+01 2.806457761242302240e+01 nan nan nan nan nan nan nan nan nan nan nan nan nan nan nan nan nan nan nan
3.133279574372874166e+01 2.947342088966406592e+01 2.667397778408256315e+01 2.400264273407055882e+01 2.477685749629813827e+01 2.931256579563894249e+01 3.773617166657825095e+01 5.096782337014909814e+01 4.772335572583082097e+01 1.257609468365759220e+01 nan nan nan nan nan nan nan nan nan nan nan nan nan nan nan nan nan nan
2.882815122149540699e+01 2.707449394189478653e+01 2.505819106892159809e+01 2.521837007039526313e+01 2.875207625720340232e+01 3.590700096938051900e+01 4.835464493020367627e+01 6.967038220819880223e+01 6.902989425057033657e+01 nan nan nan nan nan nan nan nan nan nan nan nan nan nan nan nan nan nan nan
2.528628435124705831e+01 2.410744767852459702e+01 2.368652566091401823e+01 2.689348291548839143e+01 3.354867028709440291e+01 4.331531046036614185e+01 6.188761310319989661e+01 8.487228785367942407e+01 7.648010059124105453e+01 nan nan nan nan nan nan nan nan nan nan nan nan nan nan nan nan nan nan nan
2.198782464377696044e+01 2.275779272202360914e+01 2.436459711942604045e+01 2.933157483247022768e+01 3.828870150249550619e+01 5.406733425507767521e+01 7.231722172647813807e+01 9.183888862999644687e+01 7.584512132123393258e+01 nan nan nan nan nan nan nan nan nan nan nan nan nan nan nan nan nan nan nan
nan 2.210973359080719192e+01 2.540595027955847129e+01 3.215835198249313720e+01 4.570154784299148787e+01 6.460221739409604425e+01 8.524478150057711900e+01 9.572140353599031926e+01 6.781847795528064182e+01 2.701687299067988235e+01 nan nan nan nan nan nan nan nan nan nan nan nan nan nan nan nan nan nan
nan 2.173580044545011347e+01 2.622149191549291913e+01 3.713615122068278396e+01 5.340580292435686260e+01 7.721903851314407063e+01 9.538716328366824371e+01 1.051210973236614876e+02 7.196938144322049880e+01 2.548385373854155134e+01 nan nan nan nan nan nan nan nan nan nan nan nan nan nan nan nan nan nan
nan 2.243226494362381018e+01 2.861198490732501298e+01 4.121674544358729264e+01 5.708338035596017335e+01 7.853879073125686716e+01 1.008283793052711417e+02 1.077449311090494035e+02 8.301264049758459862e+01 2.552624605691481108e+01 nan nan nan nan nan nan nan nan nan nan nan nan nan nan nan nan nan nan
nan nan 2.738220316559457856e+01 4.207667560915857763e+01 4.823661324823283536e+01 6.778629194798129731e+01 1.042058147765872036e+02 1.136431917809434395e+02 9.913921033469978283e+01 3.097761180036549788e+01 nan nan nan nan nan nan nan nan nan nan nan nan nan nan nan nan nan nan
nan nan 1.546760371565546599e+01 2.124371983962324961e+01 3.439095502815299454e+01 nan 9.752111020140564790e+01 1.193088085339687296e+02 1.169929795456545634e+02 4.954065564192713822e+01 nan nan nan nan nan nan nan nan nan nan nan nan nan nan nan nan nan nan
nan nan nan nan nan nan 8.469178884685078401e+01 1.117189020065681717e+02 1.253530053247822025e+02 6.880755836298422423e+01 nan nan 1.009468376636544917e+01 nan nan nan nan nan nan nan nan nan nan nan nan nan nan nan
nan nan nan nan nan 5.873962273392724143e+01 7.567331205336449784e+01 9.437296250602021530e+01 1.151801952191564880e+02 1.003017633852613812e+02 nan nan nan nan nan nan nan nan nan nan nan nan nan nan nan nan nan nan
nan nan nan nan nan 5.532084846497127018e+01 6.472480295183255805e+01 7.469900181874655232e+01 8.633545158035894929e+01 1.042674204081605609e+02 4.160692198384067098e+01 nan nan nan nan nan nan nan nan nan nan nan nan nan nan nan nan nan
nan nan nan nan nan 4.888770918016252409e+01 5.464077584675877830e+01 5.992443353911846771e+01 6.365415808134836340e+01 6.418845338994707106e+01 6.753285543068044205e+01 4.147872229979474668e+01 nan 8.541283924958614548e+00 nan nan nan nan nan nan nan nan nan nan nan nan nan nan
nan nan nan nan nan 4.570365581679210010e+01 4.852673148794135471e+01 4.988329638128758603e+01 5.199799701097137472e+01 5.127213126915609109e+01 4.665771179774778687e+01 4.433008693278865309e+01 3.717106500486938359e+01 2.668550621032260395e+01 7.158628554815442691e+00 nan nan nan nan nan nan nan nan nan nan nan nan nan
nan nan nan nan nan 4.332681988008607732e+01 4.227364421999697441e+01 4.324217286451168007e+01 4.333270945954669884e+01 4.370833328694518372e+01 4.180419747307289668e+01 3.873967653013198742e+01 3.599131700171324866e+01 3.004018078608968878e+01 2.368645387836106053e+01 1.138168548029822880e+01 4.729881937117312418e+00 nan nan nan nan nan nan nan nan nan nan nan
nan nan nan nan nan nan 3.862907751318222438e+01 3.749875188096655165e+01 3.764958748969176838e+01 3.804927360202793096e+01 3.690141946095067027e+01 3.507946215248344402e+01 3.242617824952910865e+01 2.929369778418205783e+01 2.390525701453613650e+01 1.905092912301436670e+01 1.086675930705214377e+01 5.399842680489787661e+00 nan nan nan nan nan nan nan nan nan nan
nan nan nan nan nan nan nan 3.347386377696800963e+01 3.316345774817983738e+01 3.348984553957468080e+01 3.288249308512487090e+01 3.087345935101781791e+01 2.870828801569426503e+01 2.629551196885288178e+01 2.264733961466468415e+01 1.696226561894087936e+01 1.462517525615157332e+01 1.379958764564195484e+01 9.182651253800324653e+00 nan nan 7.216350156763375878e+00 nan nan nan nan nan nan
nan nan nan nan nan nan nan 3.194194847450076580e+01 3.025067067455276870e+01 3.031371294385503390e+01 2.924208419512371293e+01 2.695456256067965839e+01 2.453790721517780682e+01 2.233960153853522002e+01 1.980973766377394440e+01 1.624664271152509443e+01 1.253478500885159441e+01 1.114993080460359032e+01 1.013158976011297696e+01 7.772152217555821530e+00 5.370556919576229937e+00 2.979419529645616294e+00 2.965254649690940880e+00 nan nan nan nan nan
nan nan nan nan nan nan nan nan 3.148126784577415904e+01 2.904178705929522764e+01 2.664275913953206398e+01 2.435028197233292246e+01 2.149248807230951641e+01 1.893315545527265797e+01 1.673918115906780102e+01 1.436464337540427039e+01 1.122540686155394063e+01 9.160663243789420207e+00 8.466367348029200102e+00 7.990768813775474655e+00 7.422331733374089247e+00 6.156909484589789372e+00 3.372725842206042657e+00 1.670249984015164335e+00 nan 3.039823903662272286e+00 2.458220348514557063e+00 nan
nan nan nan nan nan nan nan nan nan 2.951489658292522833e+01 2.575179357138149427e+01 2.302965973794722743e+01 1.976948873026514164e+01 1.700911548911275517e+01 1.471417591820088688e+01 1.178400922185574551e+01 1.000204351967319383e+01 7.447667692477014434e+00 7.112569152093478841e+00 7.338736630327833410e+00 7.593335524815322479e+00 8.703790441449994475e+00 9.466998802051591611e+00 8.761545309459970454e+00 nan 4.366755603667683339e+00 2.764495498849685706e+00 nan
nan nan nan nan nan nan nan nan nan nan 2.682961403187725580e+01 2.231666319327411330e+01 1.893446509687083079e+01 1.550720266758501964e+01 1.304907313953999903e+01 1.029532084324895180e+01 8.050653069893755287e+00 6.164348043867288851e+00 4.840223990085104511e+00 5.151361681471400722e+00 5.756655516513489168e+00 6.728877671257946780e+00 8.896628253778779083e+00 9.974966878018859617e+00 9.022924214353780670e+00 5.676245237983263969e+00 3.139157282204529498e+00 nan
nan nan nan nan nan nan nan nan nan nan nan nan 1.752364390381992010e+01 1.443302353634542179e+01 1.180268156803736979e+01 9.350400306343471968e+00 7.271337687229035396e+00 6.005771688599625513e+00 4.455750293254743255e+00 4.001379113298163759e+00 3.952259119195124626e+00 3.654448074812085334e+00 4.468070304313567220e+00 5.226438414022726242e+00 4.764668980696854739e+00 3.984374299375616602e+00 3.726218744693243323e+00 nan
nan nan nan nan nan nan nan nan nan nan nan nan nan 1.323247259827777533e+01 1.082499540867524246e+01 8.560037579742807878e+00 6.977892877289757045e+00 6.242383866733409725e+00 5.872528036493215531e+00 5.721341652002398526e+00 6.203148275850206339e+00 4.200395884997822016e+00 3.282625835253341062e+00 3.443720995627705950e+00 3.439246561753871223e+00 3.480375144291151912e+00 3.607635665072172149e+00 nan
nan nan nan nan nan nan nan nan nan nan nan nan nan nan nan 8.799881265884636150e+00 8.003166156307839785e+00 7.643289563085377658e+00 8.383173466829736853e+00 9.925263017084750672e+00 1.111693462748496586e+01 9.214982366008836578e+00 5.973328970771066615e+00 3.110444616162050480e+00 2.970258385678912649e+00 3.580698904621352430e+00 3.921864339845415603e+00 nan
nan nan nan nan nan nan nan nan nan nan nan nan nan nan nan nan nan 1.082217743219827888e+01 1.122712247839432109e+01 1.265207209168926816e+01 1.435398081712176044e+01 1.150862702059830234e+01 8.661372403758759830e+00 5.335980055081084750e+00 4.348193655518600487e+00 4.033162121345183593e+00 4.693344406281031667e+00 nan
nan nan nan nan nan nan nan nan nan nan nan nan nan nan nan nan nan nan nan nan 6.240198343032069772e+00 nan nan 1.244059505311872726e+01 9.496046239942435463e+00 6.517748409079767491e+00 nan nan
