nan nan nan 4.619068472906586287e+00 4.556110098394376529e+00 1.153018449512121890e+01 nan nan nan nan nan nan nan nan nan nan nan nan nan nan nan nan nan nan nan nan nan nan
nan nan 3.712556543102869977e+00 2.129052268053575947e+00 2.991432528362347298e+00 9.064564554219286308e+00 2.011028295340161520e+01 nan nan nan nan nan nan nan nan nan nan nan nan nan nan nan nan nan nan nan nan nan
nan nan 2.278303719193854437e+00 1.463325852253193560e+00 2.613435967592804499e+00 7.173988399391618920e+00 1.735341955842200079e+01 2.172305359083600607e+01 nan nan nan nan nan nan nan nan nan nan nan nan nan nan nan nan nan nan nan nan
nan 4.537217621590381889e+00 2.044229351328796351e+00 1.659774476569545465e+00 2.624258588734360576e+00 5.994043264045807895e+00 1.531664515007467564e+01 1.753726413202434031e+01 1.301701913978608083e+01 nan nan nan nan nan nan nan nan nan nan nan nan nan nan nan nan nan nan nan
9.259189408529985954e+00 4.586997310538806438e+00 2.252231899971242068e+00 1.956668614910453075e+00 2.615478594171296134e+00 5.525169413892801806e+00 1.402207675958558220e+01 1.850850556039011963e+01 1.647297538446629872e+01 6.660283725899472707e+00 nan nan nan nan nan nan nan nan nan nan nan nan nan nan nan nan nan nan
9.502798502729417507e+00 5.252308126207609895e+00 2.610692190196758578e+00 2.129085278144744464e+00 2.476933424198421552e+00 4.787248658035846205e+00 1.245923791968382943e+01 2.135994789648532333e+01 2.529457718080460538e+01 nan nan nan nan nan nan nan nan nan nan nan nan nan nan nan nan nan nan nan
9.992010999531659721e+00 6.100091527218140186e+00 3.234352296838549634e+00 2.209305576341105581e+00 2.242885013655748327e+00 4.161334405954751681e+00 1.067964043256196938e+01 2.259188372849094151e+01 3.172317796541496193e+01 nan nan nan nan nan nan nan nan nan nan nan nan nan nan nan nan nan nan nan
1.051540490337768929e+01 6.804396920701311302e+00 4.349017536037800724e+00 2.621774612183260356e+00 2.248526749696879712e+00 4.286440338097039948e+00 9.831865213593744102e+00 2.051449182867543541e+01 3.256361106519737803e+01 nan nan nan nan nan nan nan nan nan nan nan nan nan nan nan nan nan nan nan
nan 7.605057869460540410e+00 5.459303335343196117e+00 3.688753682965515424e+00 2.978031657187305559e+00 4.671433427778192815e+00 9.946290129657507251e+00 1.792725498944566453e+01 2.444005747055294009e+01 1.287919949545301712e+01 nan nan nan nan nan nan nan nan nan nan nan nan nan nan nan nan nan nan
nan 8.636979091669681807e+00 6.553201338119535535e+00 5.032807905807049842e+00 4.130895190904312564e+00 4.852162626756541641e+00 9.985887276534102241e+00 1.874518312731558112e+01 2.165936192826928774e+01 1.192099962242367894e+01 nan nan nan nan nan nan nan nan nan nan nan nan nan nan nan nan nan nan
nan 9.305730237449401088e+00 7.161543447911142835e+00 5.762359286918780299e+00 4.922299456092440018e+00 4.821939204351391339e+00 9.695621713733082458e+00 1.979206420464001326e+01 2.248652079171215590e+01 1.144362579241303024e+01 nan nan nan nan nan nan nan nan nan nan nan nan nan nan nan nan nan nan
nan nan 7.368635756270285775e+00 6.149692743754175517e+00 4.763934916410625497e+00 4.707490353504139691e+00 9.191327923465376415e+00 1.973791095077886482e+01 2.373376287844881105e+01 1.122454407854371361e+01 nan nan nan nan nan nan nan nan nan nan nan nan nan nan nan nan nan nan
nan nan 4.119635360812850422e+00 4.094958904740802375e+00 3.896312010534059400e+00 nan 9.029415537316195284e+00 1.780229505702461523e+01 2.402301083689930650e+01 1.268369853257199686e+01 nan nan nan nan nan nan nan nan nan nan nan nan nan nan nan nan nan nan
nan nan nan nan nan nan 8.890923653157111417e+00 1.612929841118161889e+01 2.354687895077910653e+01 1.203427497272872948e+01 nan nan 3.269297783432360216e+00 nan nan nan nan nan nan nan nan nan nan nan nan nan nan nan
nan nan nan nan nan 5.155940173989894681e+00 7.809617671108348702e+00 1.356094321328841623e+01 2.127762548497770823e+01 1.787658057224888708e+01 nan nan nan nan nan nan nan nan nan nan nan nan nan nan nan nan nan nan
nan nan nan nan nan 4.621405289196704125e+00 5.463483891748111887e+00 9.281856897372556148e+00 1.516759135322399743e+01 2.200289167599122564e+01 9.534046867451495544e+00 nan nan nan nan nan nan nan nan nan nan nan nan nan nan nan nan nan
nan nan nan nan nan 4.779651244201326143e+00 4.745000879577020214e+00 6.721621383559329921e+00 1.008321096633305380e+01 1.279645572140838539e+01 1.532656318764390413e+01 1.255914432803964509e+01 nan 4.139050481268896853e+00 nan nan nan nan nan nan nan nan nan nan nan nan nan nan
nan nan nan nan nan 5.406260447139644931e+00 4.854646952993054931e+00 5.468118284409546170e+00 7.409783134604876587e+00 9.025499046651999535e+00 9.250809096546207755e+00 1.036084440435104526e+01 1.069172334316005468e+01 7.636818405858651460e+00 3.459025112573054894e+00 nan nan nan nan nan nan nan nan nan nan nan nan nan
nan nan nan nan nan 5.195470340144473731e+00 4.477658206405364716e+00 4.488780944013389451e+00 5.387649745637845378e+00 6.463715507173159125e+00 6.970115281912065086e+00 7.537627133748628694e+00 9.297185796790607526e+00 9.193197610006277998e+00 7.445141753355632552e+00 5.518417387344837444e+00 2.549547611606037378e+00 nan nan nan nan nan nan nan nan nan nan nan
nan nan nan nan nan nan 3.550241320907761011e+00 3.520025042059002462e+00 4.088655905634308141e+00 4.695764706667993948e+00 4.769492081823142549e+00 5.088750602116911992e+00 6.119673262675245695e+00 9.439790982966828281e+00 1.163332944301103566e+01 1.316977357138131133e+01 9.192900568806464889e+00 6.117498518293956522e+00 nan nan nan nan nan nan nan nan nan nan
nan nan nan nan nan nan nan 2.705770551354640840e+00 3.130683438789782613e+00 3.512139334536465540e+00 3.465208071397575917e+00 3.545852482566246522e+00 3.740228094215851673e+00 5.183071312233972883e+00 7.480180900198372562e+00 9.754027507657031748e+00 1.213888628528137481e+01 1.666701163834578736e+01 1.460855331108822774e+01 nan nan 1.067223675350946088e+01 nan nan nan nan nan nan
nan nan nan nan nan nan nan 2.274014817406834421e+00 2.567668589725149886e+00 2.729215688042235133e+00 2.579523328535160420e+00 2.479896301952352555e+00 2.312660500774189831e+00 2.282318453629295529e+00 3.349340878984762071e+00 5.186089722316865824e+00 5.288065639581244426e+00 5.749579471771931516e+00 6.523670298921075528e+00 6.027831698548259176e+00 4.884797424867588944e+00 4.139690151551567610e+00 3.439093567558796583e+00 nan nan nan nan nan
nan nan nan nan nan nan nan nan 2.553969248826710281e+00 2.791456736933748406e+00 2.238822742160687884e+00 2.105811646619534905e+00 2.000664973938908187e+00 1.913489211056237593e+00 2.089669039649118432e+00 2.398254798671235477e+00 3.325626918050913705e+00 2.744295135401839669e+00 2.281656332745233495e+00 2.395820620600844553e+00 2.815290697322988311e+00 3.226772971685920144e+00 2.984307660564580189e+00 1.819778050430285843e+00 nan 3.091593547326123570e+00 3.219101058986659325e+00 nan
nan nan nan nan nan nan nan nan nan 3.026325862469052552e+00 2.385691253596274652e+00 2.317671252231200185e+00 2.468858471493016626e+00 2.802196288711513716e+00 2.891380682508256417e+00 2.878518200574753383e+00 3.177649908513053401e+00 3.248816616959398385e+00 3.513771249439078925e+00 3.557141114184507291e+00 2.975081236392171480e+00 3.243543623593703185e+00 3.742816547181324172e+00 3.864030618503641268e+00 nan 3.420962631407163723e+00 1.180980534774988433e+00 nan
nan nan nan nan nan nan nan nan nan nan 3.411940667422907580e+00 3.125802062230569334e+00 3.650895668840846042e+00 4.224910649517072514e+00 4.160273423065134146e+00 4.103269673981896126e+00 3.991440595026736649e+00 4.078455725980634661e+00 4.068847537983752538e+00 4.598879725157321907e+00 4.378844060787778325e+00 3.880842291516442444e+00 4.013672038004967746e+00 4.234697008884176661e+00 3.723812236016810662e+00 2.084192013455874903e+00 1.207315554583533457e+00 nan
nan nan nan nan nan nan nan nan nan nan nan nan 4.599168479748205307e+00 5.423009397942521126e+00 5.307036742622487147e+00 5.128193947735477209e+00 5.005528835646411601e+00 4.776668633910757578e+00 5.241868860659879559e+00 5.859121118438487485e+00 5.322103920573725944e+00 4.280544943076145081e+00 3.966322230890438671e+00 3.509906872124759492e+00 2.782917400888361925e+00 1.839428657015383051e+00 1.357962746320510616e+00 nan
nan nan nan nan nan nan nan nan nan nan nan nan nan 6.045838426613898697e+00 6.040226773776623759e+00 5.507973551579186555e+00 5.046801645305482253e+00 4.847068591020490480e+00 5.295846350876395547e+00 6.020949269343809362e+00 6.051506555399221554e+00 4.967580957421360743e+00 4.326175659185953926e+00 3.517840659623128641e+00 2.535709187221917293e+00 1.853735119187545743e+00 1.634955654921116830e+00 nan
nan nan nan nan nan nan nan nan nan nan nan nan nan nan nan 5.783306774981248566e+00 5.530865165513147552e+00 5.206984972621829577e+00 5.340316841194010955e+00 5.584828159384716884e+00 6.239282670445271073e+00 5.752097413357120104e+00 4.680138664619797773e+00 3.710015577733443592e+00 2.986264855389848094e+00 2.531248746135341232e+00 1.977198578600067869e+00 nan
nan nan nan nan nan nan nan nan nan nan nan nan nan nan nan nan nan 6.048592345178049889e+00 5.805499509185954032e+00 5.491606346077439582e+00 6.185248515202367514e+00 5.276914095985389075e+00 2.664871521232528018e+00 2.749513164786263175e+00 3.102545283665456122e+00 3.357336605793209916e+00 2.368018249487041427e+00 nan
nan nan nan nan nan nan nan nan nan nan nan nan nan nan nan nan nan nan nan nan 3.821769190880293987e+00 nan nan 2.671338471476207399e+00 3.083836176923317129e+00 3.729459372573697085e+00 nan nan
