nan nan nan 2.535633809971225006e+00 3.003584129268953795e+00 5.145489045923723914e+00 nan nan nan nan nan nan nan nan nan nan nan nan nan nan nan nan nan nan nan nan nan nan
nan nan 2.404374159263147348e+00 2.254793526200380427e+00 2.970949077970511887e+00 5.062065223517247858e+00 8.446438444094756193e+00 nan nan nan nan nan nan nan nan nan nan nan nan nan nan nan nan nan nan nan nan nan
nan nan 2.206377417641508742e+00 1.825321289523943680e+00 2.322055199005848003e+00 4.260802409930354528e+00 6.113703063450859787e+00 8.377179693095955670e+00 nan nan nan nan nan nan nan nan nan nan nan nan nan nan nan nan nan nan nan nan
nan 3.316443168254453511e+00 2.173007850920926298e+00 1.700205001771552871e+00 2.368664926221371481e+00 3.546900521690962371e+00 5.029837426078380247e+00 5.276290945180111436e+00 3.839614173855690371e+00 nan nan nan nan nan nan nan nan nan nan nan nan nan nan nan nan nan nan nan
4.285379337013094592e+00 3.239179007590230697e+00 2.537695785964518613e+00 2.630456066457261599e+00 3.412873024611659201e+00 4.043674203366237840e+00 4.797394137447688500e+00 5.522892211674506058e+00 4.491416822467881431e+00 1.083700722760311930e+00 nan nan nan nan nan nan nan nan nan nan nan nan nan nan nan nan nan nan
3.309653010748152990e+00 2.899547641589411917e+00 3.112668370645906180e+00 3.685698315211138887e+00 4.427842084868176542e+00 4.620859952365187873e+00 5.101333786598972075e+00 5.597433423370477890e+00 5.245360103304198773e+00 nan nan nan nan nan nan nan nan nan nan nan nan nan nan nan nan nan nan nan
2.868109256101091908e+00 2.883289103907574980e+00 3.658023490180315029e+00 4.472277687527169476e+00 4.772418100930580387e+00 4.903071553153197648e+00 4.798295469713224293e+00 5.011094446112411838e+00 4.314903071311507965e+00 nan nan nan nan nan nan nan nan nan nan nan nan nan nan nan nan nan nan nan
3.155744277173031076e+00 3.156249661930833117e+00 3.618597607663424753e+00 4.573632149885390241e+00 4.976458369191616882e+00 4.909285276902821238e+00 4.362315917436609070e+00 4.124305010736284416e+00 3.404262167193436550e+00 nan nan nan nan nan nan nan nan nan nan nan nan nan nan nan nan nan nan nan
nan 3.535455752672775454e+00 3.317944856569518208e+00 4.335428693747660489e+00 5.055538629496666658e+00 4.846611597570855245e+00 4.103867375572034959e+00 3.635241512149093523e+00 2.182726299423952909e+00 1.375957726694384098e+00 nan nan nan nan nan nan nan nan nan nan nan nan nan nan nan nan nan nan
nan 3.934751156406904649e+00 3.398143533135003835e+00 4.095683501243294167e+00 5.055162067960371708e+00 5.093459770965816702e+00 4.550859416196294305e+00 3.405504204067647755e+00 1.796684738463721454e+00 1.056356268202460313e+00 nan nan nan nan nan nan nan nan nan nan nan nan nan nan nan nan nan nan
nan 4.277700137517579826e+00 3.622236427244597490e+00 3.951120697291562234e+00 4.768580415984853715e+00 5.669492048349784596e+00 5.614967721904870146e+00 3.452728829790891574e+00 1.878579430544565998e+00 7.379683271791732668e-01 nan nan nan nan nan nan nan nan nan nan nan nan nan nan nan nan nan nan
nan nan 3.153186032849255582e+00 3.371629040691535906e+00 3.708973888979012923e+00 5.819237736941719419e+00 6.312980982508088701e+00 4.295146338850237555e+00 2.248270086500120613e+00 3.915029616091936226e-01 nan nan nan nan nan nan nan nan nan nan nan nan nan nan nan nan nan nan
nan nan 1.280743082221554419e+00 2.476081080148101243e+00 3.082446686855174978e+00 nan 6.974080551010410467e+00 4.780881362669033408e+00 3.096829479900053528e+00 9.423252031261165618e-01 nan nan nan nan nan nan nan nan nan nan nan nan nan nan nan nan nan nan
nan nan nan nan nan nan 5.413716582128049737e+00 5.258084240987083824e+00 4.626586327150111977e+00 1.810856365352726982e+00 nan nan 2.843245322099937078e-01 nan nan nan nan nan nan nan nan nan nan nan nan nan nan nan
nan nan nan nan nan 4.402973913973301734e+00 4.533210930770149361e+00 5.377568224377951012e+00 6.104658731056125553e+00 4.479227119232641385e+00 nan nan nan nan nan nan nan nan nan nan nan nan nan nan nan nan nan nan
nan nan nan nan nan 4.597381350563750857e+00 3.935399565643797892e+00 3.684868605126467855e+00 4.758362713266169663e+00 6.514010903003898179e+00 3.461278830166309550e+00 nan nan nan nan nan nan nan nan nan nan nan nan nan nan nan nan nan
nan nan nan nan nan 3.358152901423268055e+00 2.469444754049038515e+00 2.380415549314453205e+00 2.691066315508712670e+00 2.951852302923267057e+00 4.519246405390728860e+00 5.228188409460766906e+00 nan 3.713369371988176404e+00 nan nan nan nan nan nan nan nan nan nan nan nan nan nan
nan nan nan nan nan 2.199665805295289545e+00 1.564631344710085470e+00 1.411911177171587539e+00 1.694832296315460285e+00 1.909324041271169170e+00 2.542986160789752148e+00 3.704378722553985703e+00 5.099142975488362595e+00 5.584842089979325408e+00 3.564637973518264946e+00 nan nan nan nan nan nan nan nan nan nan nan nan nan
nan nan nan nan nan 3.117180319106833686e+00 2.333134791231586291e+00 1.520237121614074427e+00 1.350223081718350482e+00 1.692540919963724466e+00 2.198130580359115349e+00 2.783108557833875896e+00 3.515879589938120997e+00 4.159641729561748491e+00 4.763702451232022739e+00 5.754127664825086086e+00 3.004569805688856565e+00 nan nan nan nan nan nan nan nan nan nan nan
nan nan nan nan nan nan 3.485839665982171098e+00 2.434044816860391869e+00 1.827064504005822432e+00 1.918162383524163239e+00 2.430624112497340228e+00 2.594714400384154906e+00 3.103228523454350629e+00 3.038596536703625173e+00 2.793561735200566609e+00 3.832928452940207453e+00 4.057359029436927500e+00 3.210771464149289045e+00 nan nan nan nan nan nan nan nan nan nan
nan nan nan nan nan nan nan 3.407847268465586055e+00 2.579896345141358349e+00 2.427601394891255815e+00 2.556962175422641703e+00 2.583428917591560570e+00 3.047757406674407754e+00 2.975896310782320420e+00 2.327639591836388355e+00 2.003965219798654829e+00 2.369962910064862704e+00 3.651064043858106345e+00 5.622691612050248366e+00 nan nan 6.587251266718949338e+00 nan nan nan nan nan nan
nan nan nan nan nan nan nan 4.016848951837380000e+00 3.309290451466399663e+00 2.845782574511661167e+00 2.869449301731770152e+00 2.705876471095587377e+00 3.178882776786231545e+00 3.178758967509397682e+00 2.701017884161392324e+00 2.433345914683590738e+00 2.082953253665042581e+00 1.819266968409958940e+00 1.947338532423873669e+00 1.757264791290414019e+00 1.102867082727313264e+00 7.107999557035910021e-01 1.132722499118816062e+00 nan nan nan nan nan
nan nan nan nan nan nan nan nan 3.604981879285332536e+00 3.140605647667597644e+00 3.319521351228434725e+00 3.336396322785412316e+00 3.377580514670441847e+00 3.359721608364116818e+00 3.261317329999310566e+00 2.985052145099626575e+00 2.550203228308830283e+00 1.970102768255225012e+00 1.502036437909535005e+00 1.296747701076610193e+00 9.331223645174746562e-01 6.245388361981788483e-01 7.366189193969070459e-01 4.637136546797523962e-01 nan 3.017793671811464407e+00 2.855828511787633417e+00 nan
nan nan nan nan nan nan nan nan nan 3.300604391621089206e+00 3.284668560946908844e+00 4.090548094823327929e+00 4.177325629812020047e+00 3.885588535650100095e+00 3.695470648835790239e+00 3.664867214881311952e+00 3.016501046356704130e+00 2.312478204307377716e+00 1.488546127667936148e+00 1.208896367825200713e+00 1.048768821574677546e+00 1.074131889928965133e+00 1.296819006144512176e+00 1.613331216574581450e+00 nan 4.403503575355816935e+00 6.013965187043380567e+00 nan
nan nan nan nan nan nan nan nan nan nan 3.426676511373297096e+00 4.809016437519000320e+00 5.345434558061315400e+00 5.183484138050630463e+00 5.059921213578764565e+00 4.464607369916858914e+00 3.371839016264889466e+00 2.446890127537809434e+00 1.708879845191908942e+00 1.322653249414865506e+00 1.209098962703445634e+00 1.325329417451906355e+00 1.626629433914575928e+00 2.690298400827897840e+00 5.023165078771300252e+00 6.463269215247228416e+00 7.050301207253038882e+00 nan
nan nan nan nan nan nan nan nan nan nan nan nan 6.250451644543900009e+00 6.452025306106778046e+00 6.527625301470660446e+00 5.520508687908179724e+00 4.143805856106939522e+00 3.067910686872280301e+00 2.334272819287145584e+00 2.146103196492705756e+00 2.152316372000929956e+00 2.093340389574922078e+00 2.895482156097394011e+00 3.819999547876896440e+00 4.983111592452309502e+00 6.096459488613765743e+00 6.884386350494597906e+00 nan
nan nan nan nan nan nan nan nan nan nan nan nan nan 7.343193832540331201e+00 7.611811204749613147e+00 6.916664804447872683e+00 5.402570252528063222e+00 4.445426479034770395e+00 3.923443933971653586e+00 3.912122426369625039e+00 3.891913930606022198e+00 3.677862947748763656e+00 3.490252914318908939e+00 4.395593795714416885e+00 5.172917522285611192e+00 5.806068248971874013e+00 6.805682908396221364e+00 nan
nan nan nan nan nan nan nan nan nan nan nan nan nan nan nan 8.359712273633270740e+00 6.613903060888701724e+00 6.137001432890786035e+00 5.862847109273762847e+00 5.605797423659423018e+00 5.396528014182377042e+00 5.562035595271435540e+00 5.505383074091152906e+00 5.007175419758426393e+00 5.720603325418700535e+00 6.267003511255113679e+00 6.797761668769179977e+00 nan
nan nan nan nan nan nan nan nan nan nan nan nan nan nan nan nan nan 7.544197722245255200e+00 7.024532053924862574e+00 6.272958801122568318e+00 5.017985732786170772e+00 2.934083461551352912e+00 4.601356085109080674e+00 7.025747180655718793e+00 6.246088264465852191e+00 6.034082605845171088e+00 6.655983227372062494e+00 nan
nan nan nan nan nan nan nan nan nan nan nan nan nan nan nan nan nan nan nan nan 2.060242135726886303e+00 nan nan 7.791998093652855673e+00 8.111375190299556337e+00 5.877608919688644740e+00 nan nan
