nan nan nan 2.890380443196301741e+01 1.324494694263788475e+01 1.348130257363151063e+00 nan nan nan nan nan nan nan nan nan nan nan nan nan nan nan nan nan nan nan nan nan nan
nan nan 3.639684561084696668e+01 2.273786375349988020e+01 9.340228170074183822e+00 1.238652937695169820e+00 3.128307200563625656e+00 nan nan nan nan nan nan nan nan nan nan nan nan nan nan nan nan nan nan nan nan nan
nan nan 3.065724849655790507e+01 1.874361912249014495e+01 7.794057572019616131e+00 7.589655912308009844e-01 3.712122647424696442e+00 1.386706995957644040e+01 nan nan nan nan nan nan nan nan nan nan nan nan nan nan nan nan nan nan nan nan
nan 3.423972691017390702e+01 2.677424977734352041e+01 1.756376182005642050e+01 7.216143045569056724e+00 1.214274627561629405e+00 3.241944571359060667e+00 9.669193596119786349e+00 2.040014911340035297e+01 nan nan nan nan nan nan nan nan nan nan nan nan nan nan nan nan nan nan nan
3.326256314600578889e+01 2.956397578695878536e+01 2.402843266871174421e+01 1.604329178061166772e+01 6.830940366947683806e+00 2.965164975558572280e+00 4.941192583132655081e+00 1.116049295792212348e+01 2.611779407082736526e+01 1.581253386668847227e+01 nan nan nan nan nan nan nan nan nan nan nan nan nan nan nan nan nan nan
2.734347603436290797e+01 2.573722112057090072e+01 2.076409747796360961e+01 1.375635232195178403e+01 6.575351908574383231e+00 4.694770082961814417e+00 6.908491368074549221e+00 1.462667463357324849e+01 4.537620658417105801e+01 nan nan nan nan nan nan nan nan nan nan nan nan nan nan nan nan nan nan nan
2.346664830702742677e+01 2.154499328827018800e+01 1.625590132819759859e+01 9.877684349635476480e+00 5.823969738802727392e+00 4.881477235876817033e+00 7.297321663461639574e+00 1.714618073643457663e+01 4.829526678183537314e+01 nan nan nan nan nan nan nan nan nan nan nan nan nan nan nan nan nan nan nan
2.032031911838587490e+01 1.725960080759120530e+01 1.161683972771060525e+01 6.994793124716864874e+00 4.750559546247878018e+00 3.922065074532606666e+00 7.012950463511050003e+00 1.847533074796002239e+01 4.009428985167713222e+01 nan nan nan nan nan nan nan nan nan nan nan nan nan nan nan nan nan nan nan
nan 1.304319323923546214e+01 7.483370435552556543e+00 4.155453882953455746e+00 2.830099850952080942e+00 2.748907469038416540e+00 6.853365791265751739e+00 2.245802500368882804e+01 2.526245605743856970e+01 1.398862474354123009e+01 nan nan nan nan nan nan nan nan nan nan nan nan nan nan nan nan nan nan
nan 9.023343054117184181e+00 4.643727536381550003e+00 2.113547279804901979e+00 1.412643866762899769e+00 2.353508134099451699e+00 1.003195515705675334e+01 2.560968111088941868e+01 2.347876455281273422e+01 1.225564107143404868e+01 nan nan nan nan nan nan nan nan nan nan nan nan nan nan nan nan nan nan
nan 6.012171391340622506e+00 2.776612260832271417e+00 1.364850449440220492e+00 1.282105658084489619e+00 3.293286963802743106e+00 1.312024031054075301e+01 2.556729217442494573e+01 2.186581842116616414e+01 1.099977335574145698e+01 nan nan nan nan nan nan nan nan nan nan nan nan nan nan nan nan nan nan
nan nan 1.390797279483862559e+00 1.002046758556147665e+00 1.527009835114432779e+00 4.973212291684125042e+00 1.339261302945605081e+01 2.507848223924128561e+01 2.465321005323918158e+01 8.960086765339159598e+00 nan nan nan nan nan nan nan nan nan nan nan nan nan nan nan nan nan nan
nan nan 4.274080990689547166e-01 1.500679515402206343e+00 2.502124904254055870e+00 nan 1.059830086401794169e+01 2.386268938724015598e+01 2.932434939922210049e+01 1.254656875687197726e+01 nan nan nan nan nan nan nan nan nan nan nan nan nan nan nan nan nan nan
nan nan nan nan nan nan 9.110067633623524230e+00 1.969846589209006993e+01 3.128499586417056122e+01 1.439877350061662931e+01 nan nan 2.402223477637273064e+00 nan nan nan nan nan nan nan nan nan nan nan nan nan nan nan
nan nan nan nan nan 3.570445787197122911e+00 8.137169794127862232e+00 1.490645015226560766e+01 2.586579484121922690e+01 2.204319349308130072e+01 nan nan nan nan nan nan nan nan nan nan nan nan nan nan nan nan nan nan
nan nan nan nan nan 4.127223578057004794e+00 6.303259607221532335e+00 1.019611017818463949e+01 1.846067020410456649e+01 3.179991309707776992e+01 1.228589823984205154e+01 nan nan nan nan nan nan nan nan nan nan nan nan nan nan nan nan nan
nan nan nan nan nan 3.264072045884474083e+00 4.486366017401867801e+00 7.552903752341542543e+00 1.258775489626542310e+01 1.975666987820724430e+01 2.971298262196931006e+01 2.150113106054976697e+01 nan 4.739615426010352017e+00 nan nan nan nan nan nan nan nan nan nan nan nan nan nan
nan nan nan nan nan 1.479033516515205093e+00 2.905715987906838382e+00 5.268076402470245334e+00 9.173474324070276964e+00 1.384709555778885992e+01 2.157513707113729495e+01 2.842824573491122919e+01 3.087686206604557881e+01 1.724804527371409435e+01 3.432683469539648868e+00 nan nan nan nan nan nan nan nan nan nan nan nan nan
nan nan nan nan nan 9.951785698623665244e-01 2.496068316739035620e+00 4.293210384033277371e+00 7.041739398708892317e+00 1.140106927576982976e+01 1.684479497884105470e+01 2.187663785519120552e+01 2.993482592732651426e+01 3.317308608936227898e+01 2.360418540889295613e+01 1.047749892674451999e+01 3.697193036543970468e+00 nan nan nan nan nan nan nan nan nan nan nan
nan nan nan nan nan nan 3.113110374426586002e+00 4.486938935190459610e+00 6.639371224158240992e+00 1.046108293196669159e+01 1.650702528615850539e+01 2.178667296864903236e+01 2.715025938682257944e+01 3.311217388023968056e+01 3.406063159255355544e+01 2.701780054907374762e+01 1.198144860551978930e+01 4.896809032718397958e+00 nan nan nan nan nan nan nan nan nan nan
nan nan nan nan nan nan nan 4.810266949937663128e+00 5.523475601691629322e+00 7.683879428607354178e+00 1.156382625619550453e+01 1.786371998434325192e+01 2.406230106467443974e+01 2.836192155734942588e+01 3.366598749985613637e+01 3.147688091600475957e+01 2.541243847451223914e+01 1.772503624243510956e+01 8.793752925659841679e+00 nan nan 4.668101618228935656e+00 nan nan nan nan nan nan
nan nan nan nan nan nan nan 3.939197343333561196e+00 4.396003381085340500e+00 4.975629100226507617e+00 7.051694283139071651e+00 1.197605185962885166e+01 1.847683492670806515e+01 2.216937791948009817e+01 2.574394692693883258e+01 2.906515007597418432e+01 2.659943262891227178e+01 2.190551459208640850e+01 1.499942260211617473e+01 7.974652111509963781e+00 3.350616874544880552e+00 1.352953882749592385e+00 2.013492867333770420e+00 nan nan nan nan nan
nan nan nan nan nan nan nan nan 3.485121550426113046e+00 3.967932629893231589e+00 5.506799428102640448e+00 8.970850499575332648e+00 1.478606760754731653e+01 1.874409240713532299e+01 2.282502395456319988e+01 2.607436313902841718e+01 2.852804763149271139e+01 2.528063140209605564e+01 2.276647633882265254e+01 1.667889398522720157e+01 9.830432381764902416e+00 5.017173517952213224e+00 1.037188623584785363e+00 9.885703615827459156e-01 nan 2.291135592366805529e+00 1.369503327370347634e+00 nan
nan nan nan nan nan nan nan nan nan 3.751965362987882191e+00 5.184608959358659064e+00 7.254424382574099717e+00 1.096850442618917398e+01 1.500123337065875972e+01 1.883744752627541530e+01 2.272951107110593227e+01 2.603384579875971738e+01 2.726830037555349406e+01 2.684844068768532210e+01 2.687238516499780161e+01 2.108177223942698220e+01 1.531123948321390316e+01 1.131222638432130978e+01 6.536677730971480749e+00 nan 3.559731660871169101e+00 2.320509563284186783e+00 nan
nan nan nan nan nan nan nan nan nan nan 4.570402369812466503e+00 6.373840650318180145e+00 8.694158968985032487e+00 1.153396569677779127e+01 1.471685603052119973e+01 1.836737495272370069e+01 2.400461217611450593e+01 2.633517345683532795e+01 2.766248363191348858e+01 2.943109924712335257e+01 3.015234791367874578e+01 2.682556166552339505e+01 2.239124140285008480e+01 1.687073030844748089e+01 1.191679086461654435e+01 5.034017180174418904e+00 3.041026033987757948e+00 nan
nan nan nan nan nan nan nan nan nan nan nan nan 7.214890877272873482e+00 8.904975924030688716e+00 1.160892101317259950e+01 1.427104594821116912e+01 1.902877318092766146e+01 2.490062405882319041e+01 2.704078680288871439e+01 2.815971984640185966e+01 3.163464390221225031e+01 3.277982280029834783e+01 2.653955325677588206e+01 1.969167802464993144e+01 1.372530965832871530e+01 6.989866715941063902e+00 3.208656825406599022e+00 nan
nan nan nan nan nan nan nan nan nan nan nan nan nan 6.799247879628410374e+00 7.212441798609296129e+00 8.378245006759895475e+00 1.028431426513161107e+01 1.387016306230484020e+01 1.910366984910519150e+01 2.062989337379930888e+01 2.093734790008603852e+01 2.374098998265866101e+01 2.411191930464039856e+01 1.690884267799546947e+01 1.050689564355212191e+01 6.076307063022298394e+00 3.453353432279080426e+00 nan
nan nan nan nan nan nan nan nan nan nan nan nan nan nan nan 4.312143358898154588e+00 4.951768569103731643e+00 5.306059926219707457e+00 4.882007737350232190e+00 6.341820103646425899e+00 1.005599511025022252e+01 1.333097152507498961e+01 1.700741010749376869e+01 1.468279048396673758e+01 9.953518754415132008e+00 6.617059245862908945e+00 5.067944992377405811e+00 nan
nan nan nan nan nan nan nan nan nan nan nan nan nan nan nan nan nan 3.482583636239108937e+00 4.300887821454816518e+00 4.630603540807290308e+00 5.094596985917505094e+00 6.949271548281855893e+00 1.290910383730748379e+01 1.080854277099496485e+01 8.499533910371063428e+00 7.955255393022728327e+00 6.657082120354531618e+00 nan
nan nan nan nan nan nan nan nan nan nan nan nan nan nan nan nan nan nan nan nan 8.728988538834125066e+00 nan nan 9.119329942238158182e+00 7.517817102486414882e+00 8.537808577279880851e+00 nan nan
