nan nan nan 8.084787167098776095e+00 1.041715623617641739e+01 1.791782512961303908e+01 nan nan nan nan nan nan nan nan nan nan nan nan nan nan nan nan nan nan nan nan nan nan
nan nan 7.933197386330324896e+00 8.820497541926455298e+00 1.166006832737704180e+01 1.811705775047168387e+01 3.308407809038484970e+01 nan nan nan nan nan nan nan nan nan nan nan nan nan nan nan nan nan nan nan nan nan
nan nan 8.310611253748399818e+00 1.002850444026633703e+01 1.371303818474466674e+01 2.002100076009070051e+01 2.869883274118636862e+01 4.838660433087924417e+01 nan nan nan nan nan nan nan nan nan nan nan nan nan nan nan nan nan nan nan nan
nan 7.427024129819851161e+00 8.651696831184901626e+00 1.147170864276262314e+01 1.611184597016343645e+01 2.271835254454024877e+01 3.028395375418692836e+01 4.463612879869859995e+01 3.584740949761864925e+01 nan nan nan nan nan nan nan nan nan nan nan nan nan nan nan nan nan nan nan
7.206042754888621893e+00 7.779209037790629111e+00 9.011426455661043278e+00 1.261881557501287965e+01 1.785910709350138958e+01 2.572371646211020035e+01 3.753879911870545527e+01 5.101644837747276284e+01 5.345312513248424580e+01 1.552018422861114288e+01 nan nan nan nan nan nan nan nan nan nan nan nan nan nan nan nan nan nan
7.641361090807452960e+00 7.853943493430243450e+00 9.682349477420565620e+00 1.393751878463362992e+01 2.065172667139352924e+01 3.094488156832975179e+01 4.575925048630836756e+01 5.885901639653271644e+01 6.881051085435233006e+01 nan nan nan nan nan nan nan nan nan nan nan nan nan nan nan nan nan nan nan
7.859043822139661017e+00 8.124423569018810909e+00 1.086277817299734316e+01 1.665446855990602515e+01 2.535517620085495238e+01 3.633823075079325093e+01 4.946396743471539281e+01 6.394880398508754382e+01 6.668957455458048855e+01 nan nan nan nan nan nan nan nan nan nan nan nan nan nan nan nan nan nan nan
8.543799446008774723e+00 9.482423873254015589e+00 1.485044963736320689e+01 2.136459314906956664e+01 3.024448303524867399e+01 3.938578369814720759e+01 5.033483092343155363e+01 6.248915607335677436e+01 6.143270613715279893e+01 nan nan nan nan nan nan nan nan nan nan nan nan nan nan nan nan nan nan nan
nan 1.328102880542690833e+01 1.856326272497639351e+01 2.394384268918179259e+01 3.136357834057432115e+01 3.922254905386506607e+01 5.061221162921784611e+01 5.851943110308476292e+01 4.793794635798632697e+01 1.924370050804070686e+01 nan nan nan nan nan nan nan nan nan nan nan nan nan nan nan nan nan nan
nan 1.767124972783891934e+01 2.228808279754116128e+01 2.512734592085820395e+01 3.096138058412332228e+01 4.029119536531502632e+01 5.107461176149829640e+01 5.910800847077997133e+01 4.767122676452182617e+01 1.959468661113237786e+01 nan nan nan nan nan nan nan nan nan nan nan nan nan nan nan nan nan nan
nan 2.024883906075869078e+01 2.263363217174001463e+01 2.440746505916511566e+01 2.938796882945863942e+01 3.999522144404387802e+01 5.160662863437289616e+01 5.829371341887556923e+01 4.574010405953465153e+01 1.879516842877867333e+01 nan nan nan nan nan nan nan nan nan nan nan nan nan nan nan nan nan nan
nan nan 2.117916465812922766e+01 2.340565815101701830e+01 2.640410854997626799e+01 3.551610750678089801e+01 4.983876343590721802e+01 5.436891310312433490e+01 4.533658263748056783e+01 1.731117895856748135e+01 nan nan nan nan nan nan nan nan nan nan nan nan nan nan nan nan nan nan
nan nan 1.247276495294561904e+01 1.324711501132700953e+01 1.956958920067334518e+01 nan 4.622235119719061913e+01 5.048270347782880663e+01 4.878609836681578571e+01 2.103581951037111608e+01 nan nan nan nan nan nan nan nan nan nan nan nan nan nan nan nan nan nan
nan nan nan nan nan nan 3.987239815453552438e+01 4.585311428119212707e+01 5.055124738424981956e+01 2.247137444839818343e+01 nan nan 4.843337031284911554e+00 nan nan nan nan nan nan nan nan nan nan nan nan nan nan nan
nan nan nan nan nan 2.636039159373517649e+01 3.272366967456878228e+01 3.995304506212846718e+01 4.966974904158271187e+01 3.552892038340556269e+01 nan nan nan nan nan nan nan nan nan nan nan nan nan nan nan nan nan nan
nan nan nan nan nan 2.293377580249112313e+01 2.546810988211798588e+01 3.089431601242402436e+01 4.151350743655978448e+01 5.229981234232758425e+01 1.832254573158416022e+01 nan nan nan nan nan nan nan nan nan nan nan nan nan nan nan nan nan
nan nan nan nan nan 1.791855627310287247e+01 2.020359377294238001e+01 2.376667671497702372e+01 3.098010118276839009e+01 3.632971855299548025e+01 4.272331965331056836e+01 2.387587360720604579e+01 nan 5.534769940285588774e+00 nan nan nan nan nan nan nan nan nan nan nan nan nan nan
nan nan nan nan nan 1.500347234145796271e+01 1.689335057693088871e+01 1.824709145773979913e+01 2.344934547433518901e+01 2.554311159434258016e+01 2.829588100548001606e+01 3.517871221631429535e+01 2.936435196262647196e+01 1.713055010853132032e+01 4.836457781263817424e+00 nan nan nan nan nan nan nan nan nan nan nan nan nan
nan nan nan nan nan 1.368334986467486658e+01 1.388024984639429249e+01 1.470259516370588138e+01 1.657716193456327858e+01 2.032755857018690548e+01 2.218977874825572272e+01 2.571945902975860676e+01 3.375224074970723365e+01 3.167563368274438673e+01 2.213417866260729738e+01 1.129275183081077394e+01 4.632460718645190489e+00 nan nan nan nan nan nan nan nan nan nan nan
nan nan nan nan nan nan 1.242322386804108270e+01 1.274859205361303793e+01 1.357589658832963941e+01 1.635572626082576519e+01 1.771389394476785739e+01 1.946962379854565128e+01 2.479503012225424641e+01 3.458558397154497044e+01 3.555362763895788447e+01 2.990159727741266593e+01 1.769006217010456439e+01 8.782893638638684664e+00 nan nan nan nan nan nan nan nan nan nan
nan nan nan nan nan nan nan 1.208136684139268802e+01 1.203320761123677762e+01 1.407958498290168414e+01 1.483144144220535487e+01 1.578849255217379088e+01 1.928660598754307998e+01 2.479665017535572247e+01 3.226388186277717551e+01 3.151081532998007972e+01 2.789618469415436763e+01 2.372970122023464867e+01 1.477576948474806251e+01 nan nan 8.167943289284163910e+00 nan nan nan nan nan nan
nan nan nan nan nan nan nan 1.256097339394173140e+01 1.210586227346532695e+01 1.326593258484762572e+01 1.372342851713261780e+01 1.366742161007775280e+01 1.532786704909555198e+01 1.859636384585911983e+01 2.466387741570522962e+01 2.913785797488062812e+01 2.540102908250658587e+01 2.077353372671177567e+01 1.752395721068529966e+01 1.355275677785738075e+01 9.666985092366395804e+00 6.642987410880557775e+00 3.396309128516605824e+00 nan nan nan nan nan
nan nan nan nan nan nan nan nan 1.273719219030176930e+01 1.328288093190939811e+01 1.337048002459775908e+01 1.301634715485025140e+01 1.377930011956013168e+01 1.527699863239627298e+01 1.799819357413085541e+01 2.315770105346233265e+01 2.450297756976948449e+01 2.006681686641766404e+01 1.719942090024474268e+01 1.529230182654687731e+01 1.399512309883274952e+01 1.339610961998765504e+01 1.037891665189889778e+01 4.164185742565724269e+00 nan 5.410420562329297134e+00 8.230132469514387594e+00 nan
nan nan nan nan nan nan nan nan nan 1.331262735662380159e+01 1.329592964281886758e+01 1.246952474458326954e+01 1.277664649343243219e+01 1.423802269869490544e+01 1.628157228589648398e+01 1.936166413196885117e+01 2.269248524577553994e+01 2.112968701675084304e+01 1.909192711772694295e+01 1.966014997303893708e+01 1.982196122354701728e+01 2.049169581165743992e+01 2.154263465830499058e+01 2.331814827672867452e+01 nan 1.276520886583562309e+01 1.283733191721781530e+01 nan
nan nan nan nan nan nan nan nan nan nan 1.291195307782390245e+01 1.147753235806650274e+01 1.124211136603270234e+01 1.218705407889206960e+01 1.455052988037602013e+01 1.749497118261783157e+01 2.111080038090746669e+01 2.213198438796250045e+01 2.212300113986867345e+01 2.290397381375198904e+01 2.346921297327951450e+01 2.458028777531465892e+01 2.587290651168144962e+01 2.685384071524302740e+01 2.429928631107173587e+01 1.563792555412166685e+01 1.251435382306758193e+01 nan
nan nan nan nan nan nan nan nan nan nan nan nan 1.035552125625146580e+01 1.030983689257884883e+01 1.130700889761653549e+01 1.319953915177146797e+01 1.658813005707727939e+01 1.876559048181102796e+01 1.923877411688194172e+01 2.070183460583297474e+01 2.328072892078880329e+01 2.411375463277978426e+01 2.416428492492228486e+01 2.152238152745972499e+01 1.855007194063684040e+01 1.499163885260216666e+01 1.309563200031316654e+01 nan
nan nan nan nan nan nan nan nan nan nan nan nan nan 9.676116207835390171e+00 9.499981701823866587e+00 1.023128308291837918e+01 1.143123643701069625e+01 1.418422762141103810e+01 1.514411634630064185e+01 1.585795164491934095e+01 1.863075683863706544e+01 2.054669422357613584e+01 2.069547386281643142e+01 2.063004156249075649e+01 1.653235108721303348e+01 1.372332812933478152e+01 1.277898413659950450e+01 nan
nan nan nan nan nan nan nan nan nan nan nan nan nan nan nan 9.010451499889157390e+00 9.767261731130023605e+00 1.157103192966061833e+01 1.233610920435578073e+01 1.230435355104497397e+01 1.283269183421554516e+01 1.652035261137009670e+01 1.802303453919109444e+01 1.779002367012320462e+01 1.579257977585191064e+01 1.363397524737889377e+01 1.227307631915087960e+01 nan
nan nan nan nan nan nan nan nan nan nan nan nan nan nan nan nan nan 1.220805824870110179e+01 1.238387301515676775e+01 1.195281590074456801e+01 1.174228366771242804e+01 1.241968518363562879e+01 1.162953141513860977e+01 1.280592188346119009e+01 1.350203142390967948e+01 1.333014075152003919e+01 1.244805953516576835e+01 nan
nan nan nan nan nan nan nan nan nan nan nan nan nan nan nan nan nan nan nan nan 9.725641122963784468e+00 nan nan 1.151616851918385009e+01 1.293700285939624983e+01 1.346291065994623892e+01 nan nan
