nan nan nan 4.936987311438350901e+00 4.110755694613246192e+00 1.377699821625787191e+00 nan nan nan nan nan nan nan nan nan nan nan nan nan nan nan nan nan nan nan nan nan nan
nan nan 5.186245347809581574e+00 4.008996162550658049e+00 3.040781742795878095e+00 1.257897830035725528e+00 3.242304481104949510e-01 nan nan nan nan nan nan nan nan nan nan nan nan nan nan nan nan nan nan nan nan nan
nan nan 5.420217777733167708e+00 4.198417428064778356e+00 2.809427109118170396e+00 1.770537055751081779e+00 1.098336330103608871e+00 2.387308497997382428e+00 nan nan nan nan nan nan nan nan nan nan nan nan nan nan nan nan nan nan nan nan
nan 9.393444835979540386e+00 6.732281566676980411e+00 5.292520352021940155e+00 4.169502823336642017e+00 2.845973066647065952e+00 9.351708093450921133e-01 3.516633839666122308e-01 5.232392057239900751e+00 nan nan nan nan nan nan nan nan nan nan nan nan nan nan nan nan nan nan nan
1.272653693044105339e+01 1.043479487559722685e+01 8.388084170876066281e+00 6.848030928348491031e+00 5.735158078110763391e+00 4.307599032677480899e+00 2.397881344225471612e+00 1.026500243652453959e+00 4.038695446487134078e+00 7.296187512458564228e+00 nan nan nan nan nan nan nan nan nan nan nan nan nan nan nan nan nan nan
1.279892642377354406e+01 1.034514366321025669e+01 8.873669897488857927e+00 7.620308157494001478e+00 6.407900836225325136e+00 5.412580939515588163e+00 3.848500190701805934e+00 3.040262370773620937e+00 9.879389684383445669e+00 nan nan nan nan nan nan nan nan nan nan nan nan nan nan nan nan nan nan nan
1.348481632555707144e+01 1.090517569919332175e+01 9.203278168072728249e+00 8.165847802031141356e+00 6.812675655479425885e+00 5.945889138446387001e+00 4.753612379512115460e+00 4.546531926898430775e+00 1.160370289063675564e+01 nan nan nan nan nan nan nan nan nan nan nan nan nan nan nan nan nan nan nan
1.419621004869119041e+01 1.181550526282912195e+01 9.943226259626511521e+00 8.500189224148837042e+00 7.513888246285435280e+00 6.095187039541605678e+00 4.501450206761866468e+00 4.277927521744876671e+00 8.009316336012336279e+00 nan nan nan nan nan nan nan nan nan nan nan nan nan nan nan nan nan nan nan
nan 1.119433518538372851e+01 9.577235836941019542e+00 8.408557665011473503e+00 7.550781631347529554e+00 6.028410291991475489e+00 4.079072413795470808e+00 2.493618695154464326e+00 3.722689455854553131e+00 7.296116899432045777e+00 nan nan nan nan nan nan nan nan nan nan nan nan nan nan nan nan nan nan
nan 9.557673862704662682e+00 8.235365672918927515e+00 7.396344060651739660e+00 6.553761887549693022e+00 5.183499725303613026e+00 3.683796015391151535e+00 2.897042408336515162e+00 3.840703450523679674e+00 6.571208595386395679e+00 nan nan nan nan nan nan nan nan nan nan nan nan nan nan nan nan nan nan
nan 7.500788874062694234e+00 6.909371249250018110e+00 6.438399848487438071e+00 5.405995792373005315e+00 4.097202228765848275e+00 2.688931064975833340e+00 2.469944107150256585e+00 4.343419793159413622e+00 1.001885273962216871e+01 nan nan nan nan nan nan nan nan nan nan nan nan nan nan nan nan nan nan
nan nan 4.810763967529350538e+00 4.908159888896198808e+00 4.720929351181756495e+00 4.422595601045809843e+00 3.177162254197435587e+00 2.180360364995620248e+00 4.774201177668444984e+00 9.332619862242605535e+00 nan nan nan nan nan nan nan nan nan nan nan nan nan nan nan nan nan nan
nan nan 1.951681734810257973e+00 1.916029273996121107e+00 2.431034635028841429e+00 nan 3.616993147968766475e+00 2.638971236837890810e+00 4.439300643598763862e+00 8.874545701062469760e+00 nan nan nan nan nan nan nan nan nan nan nan nan nan nan nan nan nan nan
nan nan nan nan nan nan 2.754977311058675049e+00 1.835117829178210869e+00 3.442948577890756034e+00 7.531027618627271991e+00 nan nan 3.074923699853019610e+00 nan nan nan nan nan nan nan nan nan nan nan nan nan nan nan
nan nan nan nan nan 9.293256812318444471e-01 7.421223128784004697e-01 8.284348994171386593e-01 3.656771385581298439e+00 8.319143261363416642e+00 nan nan nan nan nan nan nan nan nan nan nan nan nan nan nan nan nan nan
nan nan nan nan nan 1.814284042762992766e-01 1.181889879457113102e-01 8.658820955515621476e-01 4.156930409774858504e+00 7.275071095774548802e+00 2.886850268448116985e+00 nan nan nan nan nan nan nan nan nan nan nan nan nan nan nan nan nan
nan nan nan nan nan 9.297472796679735751e-02 1.443882140830343996e-01 1.020466983583279585e+00 3.589437860749590037e+00 4.820741817264471152e+00 5.090314998007611891e+00 6.358955890394938137e+00 nan 2.336920179612894000e+00 nan nan nan nan nan nan nan nan nan nan nan nan nan nan
nan nan nan nan nan 2.537973386471084614e-01 3.072676940702872006e-01 1.103213357996162935e+00 2.972952984812199606e+00 3.840538260576176199e+00 3.566074467997489172e+00 3.483674665202085574e+00 5.582986669618770215e+00 6.700162898505147346e+00 1.466031992831217101e+00 nan nan nan nan nan nan nan nan nan nan nan nan nan
nan nan nan nan nan 6.746807672712326065e-01 6.550228707038440179e-01 8.329594356298911650e-01 1.717674719896037150e+00 2.354613205398274900e+00 2.479086606106119639e+00 3.058779438763765235e+00 4.117487225537352025e+00 7.248011068513699584e+00 8.689153800895006441e+00 3.924566031567390922e+00 1.285911978279701495e+00 nan nan nan nan nan nan nan nan nan nan nan
nan nan nan nan nan nan 9.259182898451341348e-01 4.761874921274689698e-01 5.808577303381120549e-01 9.455249800095351098e-01 9.950203528393350982e-01 1.915138753155172902e+00 2.556522192644486324e+00 3.364378659798018756e+00 8.143559200289081090e+00 8.808157050367260155e+00 3.656294867858374875e+00 1.600945500650470477e+00 nan nan nan nan nan nan nan nan nan nan
nan nan nan nan nan nan nan 1.795142611707501445e-01 4.184895829931170042e-01 6.925388434927198800e-01 7.423583796775208299e-01 1.507711177614156961e+00 1.935636855629819131e+00 2.615233281040690194e+00 3.048887012341735758e+00 4.134438959910724520e+00 4.964014298201121278e+00 4.350403497877574743e+00 2.303859704440766265e+00 nan nan 1.657510310252503061e+00 nan nan nan nan nan nan
nan nan nan nan nan nan nan 1.379789589987364951e-01 6.616403916914086469e-01 1.228560032897338505e+00 1.194676797590942918e+00 1.532001349239586752e+00 1.601796582496647803e+00 1.755788231639518582e+00 2.424962769827528675e+00 2.887387590793169423e+00 3.324887497176232554e+00 3.720736595880629771e+00 3.420023395076755790e+00 2.101801804829920517e+00 9.290022731772383802e-01 5.271082359799308392e-01 1.235577063259258868e+00 nan nan nan nan nan
nan nan nan nan nan nan nan nan 1.341560481333460286e+00 1.786556613323669884e+00 1.640389833539653841e+00 1.840898407393895875e+00 1.465859652340008701e+00 1.237165958129172960e+00 1.442187044392150064e+00 2.117437361320352540e+00 3.147044745723498682e+00 3.065365974085685341e+00 3.142968383479129546e+00 3.017318479243882301e+00 2.688012945743258886e+00 2.222021016180185882e+00 9.906012290625618721e-01 6.660874300094676848e-01 nan 2.785334152799499918e+00 2.462371176025898833e+00 nan
nan nan nan nan nan nan nan nan nan 2.028445176638716152e+00 1.943823271776488060e+00 1.958942929064536598e+00 1.260779742503051581e+00 1.112758518893199433e+00 1.522805373956958697e+00 1.652426857098442614e+00 2.714433956804633841e+00 3.489599728041955728e+00 3.714911145049675234e+00 4.243336713376788971e+00 3.890414390624000518e+00 4.995522537636589711e+00 5.793446972308260889e+00 4.786513266097935038e+00 nan 3.796479658252653877e+00 3.824578097369045082e+00 nan
nan nan nan nan nan nan nan nan nan nan 2.599493810171455088e+00 2.621570806420334243e+00 1.652217370712726119e+00 1.292292743148345746e+00 1.558602423731881848e+00 1.940474980718433828e+00 2.951059201049028857e+00 4.490487812030831805e+00 5.212025736431867173e+00 6.355549687250960034e+00 6.424215050487665835e+00 6.099950776681332343e+00 7.452985059450485394e+00 7.653435187273352369e+00 6.302414814406326116e+00 3.691545038490362973e+00 2.984324448857240242e+00 nan
nan nan nan nan nan nan nan nan nan nan nan nan 3.432412209463286956e+00 2.777094604651888510e+00 2.499661239105898325e+00 2.946035219528338356e+00 3.937858408916302011e+00 5.311772123523856415e+00 6.870463417601731848e+00 7.598643716987471208e+00 9.077913280586766831e+00 7.957369661926127158e+00 7.282987934631546700e+00 6.920435305791447611e+00 5.624970608144717055e+00 3.660815942737432938e+00 3.013143366125385469e+00 nan
nan nan nan nan nan nan nan nan nan nan nan nan nan 5.360321726554917454e+00 4.632155564164926353e+00 5.027284356852296021e+00 6.164879692851656934e+00 6.613538696791146698e+00 7.113056186541586889e+00 7.987924446770958475e+00 1.017551970823304686e+01 9.995695976300684293e+00 7.965617549875408265e+00 6.421466530832335984e+00 4.907569639188475108e+00 3.858595649927833993e+00 3.208961928946660880e+00 nan
nan nan nan nan nan nan nan nan nan nan nan nan nan nan nan 5.971599464307325356e+00 7.177741488752724663e+00 7.978130137797023735e+00 7.857642428820193814e+00 7.208876669667636961e+00 8.663369297862853813e+00 1.081048641086433015e+01 9.213970533690178044e+00 6.170191087608467129e+00 4.589803062242205911e+00 3.974661685994915761e+00 3.596852328146726396e+00 nan
nan nan nan nan nan nan nan nan nan nan nan nan nan nan nan nan nan 6.688362710233310970e+00 5.858230098277029008e+00 4.004700000766982626e+00 3.654068829550744635e+00 5.764431154280555525e+00 7.146593966998720404e+00 4.755499302442838250e+00 4.051211783634668606e+00 3.997634999384099164e+00 3.895609680977448086e+00 nan
nan nan nan nan nan nan nan nan nan nan nan nan nan nan nan nan nan nan nan nan 9.162493149907501300e-01 nan nan 2.924500989074239499e+00 3.203027263525470403e+00 4.051863789010739403e+00 nan nan
