nan nan nan 1.852914521502090039e+01 2.087713161483046420e+01 2.417149048445700643e+01 nan nan nan nan nan nan nan nan nan nan nan nan nan nan nan nan nan nan nan nan nan nan
nan nan 1.671057975966862230e+01 1.760030705924327421e+01 1.888634693321230884e+01 2.101747232621424644e+01 2.357392307107705776e+01 nan nan nan nan nan nan nan nan nan nan nan nan nan nan nan nan nan nan nan nan nan
nan nan 1.660805047278292079e+01 1.698733144666728734e+01 1.768288600192407145e+01 1.907954757007128777e+01 2.001541211813479038e+01 2.028003541809317056e+01 nan nan nan nan nan nan nan nan nan nan nan nan nan nan nan nan nan nan nan nan
nan 1.586027444372589024e+01 1.645291939523379199e+01 1.645379000042546735e+01 1.690168352282735853e+01 1.813047823954345716e+01 1.823154645668354235e+01 1.748515757290033434e+01 7.259034363158309411e+00 nan nan nan nan nan nan nan nan nan nan nan nan nan nan nan nan nan nan nan
1.542769773225979968e+01 1.576613055783249173e+01 1.603902190253414872e+01 1.594715830273496060e+01 1.644468988269936816e+01 1.774640331985452235e+01 1.882721501555373678e+01 1.914889427144630929e+01 1.318096480975215989e+01 6.070666613140701662e-01 nan nan nan nan nan nan nan nan nan nan nan nan nan nan nan nan nan nan
1.572286606770014572e+01 1.579831605196583588e+01 1.589290166812330618e+01 1.567564379463834179e+01 1.624082851430923213e+01 1.791289910374636918e+01 2.014518600290397998e+01 2.287413867606163720e+01 1.932808821496502105e+01 nan nan nan nan nan nan nan nan nan nan nan nan nan nan nan nan nan nan nan
1.546073649413660434e+01 1.586747001671670354e+01 1.588202387630892964e+01 1.571615282536452440e+01 1.648260614972247140e+01 1.781323760859470440e+01 2.086274034260515364e+01 2.493860473885814599e+01 2.146175832119530469e+01 nan nan nan nan nan nan nan nan nan nan nan nan nan nan nan nan nan nan nan
1.499051930104357666e+01 1.578230985654263030e+01 1.607281829200852030e+01 1.561828769266829475e+01 1.635354864563522881e+01 1.830835525881235171e+01 2.100650636975959173e+01 2.458709804337611260e+01 2.172662169296064860e+01 nan nan nan nan nan nan nan nan nan nan nan nan nan nan nan nan nan nan nan
nan 1.548093716657709251e+01 1.547673202374688906e+01 1.495831365128299950e+01 1.611587264193180502e+01 1.878132291707058599e+01 2.173598340138380181e+01 2.281969921160207093e+01 1.823183456143442882e+01 7.416078515667314797e+00 nan nan nan nan nan nan nan nan nan nan nan nan nan nan nan nan nan nan
nan 1.490845659584242178e+01 1.471194125910903416e+01 1.420299886531502409e+01 1.555425034796719252e+01 1.946905663154262456e+01 2.331806589228648363e+01 2.442786603302220172e+01 1.988977183548296779e+01 7.662766954432782995e+00 nan nan nan nan nan nan nan nan nan nan nan nan nan nan nan nan nan nan
nan 1.445520502874929747e+01 1.300682468282853677e+01 1.253120717405347939e+01 1.510881722025955831e+01 2.023310370741723929e+01 2.606031194473203882e+01 2.523385979930105805e+01 2.233700113973382884e+01 1.060503392839808967e+01 nan nan nan nan nan nan nan nan nan nan nan nan nan nan nan nan nan nan
nan nan 1.091191097642229302e+01 1.037047619316041569e+01 1.296425473937933504e+01 1.931852350680290797e+01 2.938684962082889740e+01 2.700522669260771735e+01 2.477766442181992090e+01 1.139292013955767935e+01 nan nan nan nan nan nan nan nan nan nan nan nan nan nan nan nan nan nan
nan nan 5.188051345825519967e+00 5.721815995662210774e+00 1.095789351914857868e+01 nan 2.940285231912216446e+01 2.664038865197592187e+01 2.542305090725578154e+01 1.499956874267308571e+01 nan nan nan nan nan nan nan nan nan nan nan nan nan nan nan nan nan nan
nan nan nan nan nan nan 2.454000481340108664e+01 2.749524597332292331e+01 2.492917232601066857e+01 1.452741653703944458e+01 nan nan 3.758402734708327753e+00 nan nan nan nan nan nan nan nan nan nan nan nan nan nan nan
nan nan nan nan nan 2.169582320648140339e+01 2.385607779057103173e+01 2.663246327934231417e+01 2.432101474672636243e+01 1.848507576991910284e+01 nan nan nan nan nan nan nan nan nan nan nan nan nan nan nan nan nan nan
nan nan nan nan nan 1.892144122237239046e+01 2.205435734945870152e+01 2.266986508589988603e+01 2.120303835687089489e+01 1.801238367026241249e+01 6.137490687797126476e+00 nan nan nan nan nan nan nan nan nan nan nan nan nan nan nan nan nan
nan nan nan nan nan 1.587448601781702529e+01 1.809322993656818568e+01 1.856908467360162618e+01 1.713928163957510975e+01 1.406048968742319083e+01 9.898620985723441734e+00 5.374295427091671407e+00 nan 1.052124282278289247e+00 nan nan nan nan nan nan nan nan nan nan nan nan nan nan
nan nan nan nan nan 1.236422248000681456e+01 1.484410308915340870e+01 1.529823236495907501e+01 1.418147417715558589e+01 1.199961744636588357e+01 8.554145880579801187e+00 5.068858505451419916e+00 3.285221095612326447e+00 2.422899772525709761e+00 8.225507498184745359e-01 nan nan nan nan nan nan nan nan nan nan nan nan nan
nan nan nan nan nan 9.687494025907858131e+00 1.177545554342960799e+01 1.271532902111297147e+01 1.197962600089200436e+01 1.087465781117511376e+01 8.763726892161002979e+00 6.486881397805571048e+00 3.716039571572629541e+00 2.353601054170118001e+00 2.010085146349116059e+00 1.237523919728310329e+00 4.922096715280810941e-01 nan nan nan nan nan nan nan nan nan nan nan
nan nan nan nan nan nan 9.407227328673352318e+00 1.071731580577782417e+01 1.072007232085388928e+01 1.016976777817349742e+01 9.096961538197341213e+00 7.540720845035958853e+00 4.818890700608655209e+00 2.350754603930453879e+00 1.149077673773109654e+00 5.905590021941597989e-01 2.458828616226899078e-01 4.214470075167664476e-01 nan nan nan nan nan nan nan nan nan nan
nan nan nan nan nan nan nan 8.631673534657236857e+00 9.247150291604221195e+00 9.594000688847886593e+00 9.352067481216009170e+00 7.958993233674532597e+00 5.776734460542262362e+00 2.976171271807948937e+00 1.293418435496465291e+00 4.386933124798508277e-01 2.050145601039465859e-01 1.549587719113728335e-01 1.477887525960229209e-01 nan nan 2.558794700665522059e-01 nan nan nan nan nan nan
nan nan nan nan nan nan nan 6.488688862943251756e+00 7.703860323411002575e+00 9.109836970528883526e+00 9.028313917857362370e+00 7.892151742538959347e+00 6.418610368560618618e+00 4.198298850069563493e+00 2.145537030596940564e+00 9.070687934485989201e-01 3.952080135628139868e-01 2.694277439476898683e-01 3.528386947372039728e-01 4.657834008070758647e-01 5.084718497938885973e-01 3.397428361914046069e-01 2.056281728950458410e-01 nan nan nan nan nan
nan nan nan nan nan nan nan nan 6.530572958685272766e+00 8.412056374153133120e+00 8.380140431897372011e+00 8.131284580986502419e+00 6.932062429655402092e+00 5.177168969721148706e+00 3.355378138716600400e+00 1.778458693785000655e+00 9.138910764988907864e-01 5.798026464714446382e-01 5.517228250947611157e-01 6.412116019935393263e-01 6.436166542803318791e-01 5.199906292605637192e-01 4.211867977862800427e-01 4.748952885205190988e-01 nan 5.149013873715811984e-01 3.006796222694539944e-01 nan
nan nan nan nan nan nan nan nan nan 7.906388103667243428e+00 8.914266786231056727e+00 8.251217979740040676e+00 7.593592039336826360e+00 5.921182740248771559e+00 4.172856682986540555e+00 2.772916040586761000e+00 1.922075662046098143e+00 1.374116346127853383e+00 1.153175841492975140e+00 1.103658705771342952e+00 1.098776362108883076e+00 1.107997854926937586e+00 1.156079263706160765e+00 1.315321934486001432e+00 nan 1.091263277226511619e+00 1.001517009854171247e+00 nan
nan nan nan nan nan nan nan nan nan nan 8.714695948330147601e+00 8.470566476294512981e+00 8.038558181785296242e+00 6.753660695907043987e+00 4.965224615466964586e+00 3.620748773247570274e+00 2.641100743633451486e+00 2.172889859610112051e+00 2.012001257627703321e+00 2.307215749475452160e+00 2.578981027917523150e+00 2.892506642165631803e+00 3.182879164089383650e+00 3.394411307043962100e+00 3.913967264644870436e+00 3.639121227850820262e+00 2.229167874251400505e+00 nan
nan nan nan nan nan nan nan nan nan nan nan nan 8.837531014186522427e+00 7.504097637745682725e+00 5.920912734988877268e+00 4.771795543969273190e+00 3.891950943316083933e+00 3.659499767524542424e+00 3.522409347326503237e+00 4.222390583825783139e+00 4.797165713302524281e+00 4.976728947861777108e+00 5.054080770157961311e+00 4.715038532227254109e+00 4.419491185190017823e+00 4.115620497922932941e+00 3.367118975200615427e+00 nan
nan nan nan nan nan nan nan nan nan nan nan nan nan 8.730688330049433787e+00 7.169418506538000280e+00 5.966025427734774844e+00 5.247838098800143847e+00 5.127180289953839676e+00 5.214414410178703108e+00 5.859502056311683305e+00 6.846610206469005533e+00 6.359113011872268295e+00 5.982117955555363409e+00 5.411102926053803053e+00 4.667375345813407961e+00 4.062318409569738442e+00 3.505833939721442416e+00 nan
nan nan nan nan nan nan nan nan nan nan nan nan nan nan nan 7.359436619267525792e+00 6.400240274325184053e+00 6.225248018067119915e+00 6.251514156052739857e+00 6.742810605867660456e+00 7.187462374431736301e+00 7.632844932127107462e+00 5.788605587506659766e+00 5.020840849045728582e+00 4.280665544264738109e+00 3.753299250382448715e+00 3.402532484794063450e+00 nan
nan nan nan nan nan nan nan nan nan nan nan nan nan nan nan nan nan 6.784834420635309726e+00 6.313107079050116255e+00 6.026308139318042656e+00 5.828527270488913281e+00 4.465831565374782208e+00 3.137439205766487493e+00 3.617541972281091756e+00 3.751515551840398643e+00 3.503993762043281279e+00 3.305140891754411836e+00 nan
nan nan nan nan nan nan nan nan nan nan nan nan nan nan nan nan nan nan nan nan 9.824456344013117182e-01 nan nan 1.770018539882041608e+00 2.530928365912633371e+00 3.022884918073538874e+00 nan nan
