nan nan nan 5.597810500311460657e+00 1.530154031990773600e+00 2.139632978171191469e-01 nan nan nan nan nan nan nan nan nan nan nan nan nan nan nan nan nan nan nan nan nan nan
nan nan 7.572245139308765971e+00 3.282016573821081806e+00 8.718683825154988076e-01 7.105779377360160742e-02 2.694436778789056852e+00 nan nan nan nan nan nan nan nan nan nan nan nan nan nan nan nan nan nan nan nan nan
nan nan 5.219208294119789038e+00 2.202058862216994761e+00 7.928653346511305156e-01 2.660959599735647219e-01 1.937247738843914435e+00 6.549992023228248250e+00 nan nan nan nan nan nan nan nan nan nan nan nan nan nan nan nan nan nan nan nan
nan 6.978540415740084768e+00 3.882407437645337911e+00 1.918894956878558489e+00 7.276364809736356465e-01 2.541540711782472317e-01 1.599441008198517533e+00 3.592777346306500252e+00 5.613480168644663593e+00 nan nan nan nan nan nan nan nan nan nan nan nan nan nan nan nan nan nan nan
9.007967614358458164e+00 5.553349086480061203e+00 3.164875071352693858e+00 1.571334240935613025e+00 5.329148285456931644e-01 3.607946641706235580e-01 2.312250513362167581e+00 4.266053357787377820e+00 6.839703821979288278e+00 3.679333328477417009e+00 nan nan nan nan nan nan nan nan nan nan nan nan nan nan nan nan nan nan
7.294467741369941471e+00 4.522640965990206929e+00 2.763808676429313937e+00 1.291553939912129856e+00 2.771450200695023680e-01 7.446604807996288766e-01 2.929149852025171530e+00 5.954213444525420229e+00 1.120158713967003195e+01 nan nan nan nan nan nan nan nan nan nan nan nan nan nan nan nan nan nan nan
6.651415660768586591e+00 4.118036802559366549e+00 2.285331438064187370e+00 9.032174056133678297e-01 3.053578068839714055e-01 1.025812137239134447e+00 3.426343128282470563e+00 8.126397865507380303e+00 1.431939782240830716e+01 nan nan nan nan nan nan nan nan nan nan nan nan nan nan nan nan nan nan nan
5.989970925464554341e+00 3.408014816466027330e+00 1.755737449720172982e+00 8.321145200656685503e-01 5.339640352361022524e-01 1.370186455257539793e+00 4.400360870582760597e+00 9.938211744077111831e+00 1.497997348987962951e+01 nan nan nan nan nan nan nan nan nan nan nan nan nan nan nan nan nan nan nan
nan 2.830972218967821252e+00 1.810311421503842055e+00 1.299593280004469387e+00 1.268436110820285290e+00 2.308090741649438726e+00 6.004883288739205405e+00 9.557591335210123162e+00 1.098313039129385160e+01 5.473325584148909684e+00 nan nan nan nan nan nan nan nan nan nan nan nan nan nan nan nan nan nan
nan 2.487060380592649000e+00 2.043593252320957010e+00 2.106993365412154873e+00 2.607766328493530850e+00 3.807574774012461472e+00 7.011431683052377295e+00 9.139574325774926677e+00 9.958017355138109039e+00 5.356640152892199858e+00 nan nan nan nan nan nan nan nan nan nan nan nan nan nan nan nan nan nan
nan 2.206132133592358713e+00 1.946439504005514243e+00 2.740911268528738898e+00 3.954045594844193712e+00 4.929306344415074648e+00 7.505535265929559330e+00 9.635334062684551171e+00 9.600274100112255127e+00 4.800006594170910468e+00 nan nan nan nan nan nan nan nan nan nan nan nan nan nan nan nan nan nan
nan nan 1.808519360833569456e+00 3.158332254386460924e+00 4.386110576562215257e+00 5.616777433068758540e+00 7.353479146706595415e+00 9.921555937089127752e+00 8.921970336683193281e+00 2.958072023798216765e+00 nan nan nan nan nan nan nan nan nan nan nan nan nan nan nan nan nan nan
nan nan 1.210913508998339827e+00 2.220894434069527357e+00 2.730687128445148382e+00 nan 6.830931839935427519e+00 9.376369807100704890e+00 8.489154058560366423e+00 2.345945117374149902e+00 nan nan nan nan nan nan nan nan nan nan nan nan nan nan nan nan nan nan
nan nan nan nan nan nan 5.829271762348206209e+00 8.761590415965583745e+00 9.097155798557647444e+00 2.564140674857900315e+00 nan nan 5.918956463949148761e-01 nan nan nan nan nan nan nan nan nan nan nan nan nan nan nan
nan nan nan nan nan 2.825913927570087303e+00 3.970643889494017920e+00 8.014786547123028626e+00 9.978615311412392330e+00 5.699681672884769235e+00 nan nan nan nan nan nan nan nan nan nan nan nan nan nan nan nan nan nan
nan nan nan nan nan 2.303700678938270574e+00 3.530192567044633467e+00 6.043161269838376981e+00 9.170152732403167306e+00 9.004132737140539078e+00 2.045936877245643437e+00 nan nan nan nan nan nan nan nan nan nan nan nan nan nan nan nan nan
nan nan nan nan nan 2.880167229762287562e+00 3.396853704483723924e+00 5.187395165690926291e+00 7.352310916055118994e+00 7.270525451889585433e+00 4.484203536262649337e+00 3.156757262733378866e+00 nan 2.063901789730833158e+00 nan nan nan nan nan nan nan nan nan nan nan nan nan nan
nan nan nan nan nan 2.424165282416375078e+00 3.598368583559820255e+00 5.132556696715407263e+00 6.838027897053359894e+00 6.960729999178496996e+00 5.322366426423619679e+00 3.316323902588163008e+00 2.689684826480648550e+00 3.001040273951441684e+00 1.490980854664262445e+00 nan nan nan nan nan nan nan nan nan nan nan nan nan
nan nan nan nan nan 2.239141092154065760e+00 3.411108017246017088e+00 4.823374160477179373e+00 6.191829452680457813e+00 7.440467082641820440e+00 7.154010175753922063e+00 5.838627801121980987e+00 4.091029112466409323e+00 3.011271892362405556e+00 2.450979577116340735e+00 3.252155016203778004e+00 1.520356243140500441e+00 nan nan nan nan nan nan nan nan nan nan nan
nan nan nan nan nan nan 2.807697369107862162e+00 4.051139178103069227e+00 5.202123388503968826e+00 6.192574121741849069e+00 6.737383349312285219e+00 6.956747174888198160e+00 6.464489956561382478e+00 4.758704278052679371e+00 3.242434045151411759e+00 2.745438640198361036e+00 2.779555599384332609e+00 2.357491717279537102e+00 nan nan nan nan nan nan nan nan nan nan
nan nan nan nan nan nan nan 3.470195696558727061e+00 4.034906951614281034e+00 4.373705444063308079e+00 4.943915801529408682e+00 5.192515769736561815e+00 5.267604746026201212e+00 5.181017350866419235e+00 4.368691208776602330e+00 3.351993454423954244e+00 2.904133068328766054e+00 4.157730305022154127e+00 4.272233224982236344e+00 nan nan 2.850031944151177221e+00 nan nan nan nan nan nan
nan nan nan nan nan nan nan 2.818045118473319288e+00 2.721819532294237121e+00 2.790246160017172627e+00 2.946745936885795558e+00 3.097022356466143211e+00 3.295335748248794161e+00 3.767295845366446017e+00 3.922988132991682697e+00 3.397952693597483975e+00 2.592648149018842219e+00 2.195769037695129100e+00 2.779659939308026573e+00 2.774874099290094875e+00 1.992216684146567163e+00 1.085145826449474438e+00 5.634518936902634945e-01 nan nan nan nan nan
nan nan nan nan nan nan nan nan 2.062760264180826031e+00 2.031849559918597059e+00 2.242369632525089251e+00 2.320026673971195663e+00 2.269396814099286175e+00 2.093091522809329419e+00 2.585440740298315276e+00 2.855422522987969725e+00 2.596480789818000012e+00 1.918569547422977362e+00 1.480342316431789484e+00 1.534770291172114387e+00 1.819276429087068658e+00 1.777058075758548128e+00 1.471683230318654667e+00 3.656074036437508279e-01 nan 1.129562517697859425e+00 7.551613336450161418e-01 nan
nan nan nan nan nan nan nan nan nan 2.031830921801361711e+00 2.086745578489748176e+00 2.184725992631193048e+00 2.448416801722117953e+00 2.265499949662662438e+00 2.233592735302372123e+00 2.294830946211428468e+00 2.337977084827122631e+00 1.955306133503041721e+00 1.581545159050479876e+00 1.295840815764803811e+00 1.274636626351975943e+00 1.620478672433628642e+00 1.876967719109325694e+00 1.901924030084990891e+00 nan 9.500253075637585809e-01 2.732678801437730676e-01 nan
nan nan nan nan nan nan nan nan nan nan 2.240456915052114972e+00 2.257125235239852756e+00 2.607616526240811972e+00 2.826804776756727478e+00 2.584387419989575108e+00 2.672959161521398119e+00 2.753660200053816176e+00 2.671784942389246353e+00 2.283911315650858587e+00 1.948000129663363333e+00 1.506326039494666702e+00 1.464362641514187935e+00 1.661762987340513753e+00 1.794741862792971876e+00 1.635093829082309158e+00 6.476291872611702471e-01 2.626402936632744045e-01 nan
nan nan nan nan nan nan nan nan nan nan nan nan 2.701803025787355317e+00 2.971344720802468142e+00 2.992473127070794270e+00 3.011628998925338863e+00 3.295826439843371425e+00 3.211335416631587947e+00 3.073452074342460705e+00 3.039810323016373328e+00 2.433042291525046252e+00 1.993947154017668755e+00 1.666236495131044215e+00 1.554458727919795002e+00 1.286953700485256924e+00 8.372540537216974776e-01 6.504229621205475098e-01 nan
nan nan nan nan nan nan nan nan nan nan nan nan nan 2.812775812054080671e+00 2.876141989926747744e+00 2.955803005347256818e+00 3.434328368703132295e+00 3.646784963444219763e+00 3.293589165299244836e+00 3.379957582607187927e+00 3.223272690752472247e+00 2.810407432982030329e+00 2.217455494030528662e+00 2.030570765513488141e+00 1.501226050990803973e+00 9.860420218016479055e-01 9.165875878060999460e-01 nan
nan nan nan nan nan nan nan nan nan nan nan nan nan nan nan 2.545725525640111009e+00 2.789090894238722473e+00 3.340354929487499458e+00 3.626085984851717292e+00 3.623223157055761590e+00 3.640848485180174787e+00 3.388878584188181442e+00 2.642311276994209646e+00 2.271233004961290103e+00 1.875106802305867237e+00 1.413470976376545840e+00 1.126179974906912573e+00 nan
nan nan nan nan nan nan nan nan nan nan nan nan nan nan nan nan nan 2.251554533726287222e+00 3.043869290248934600e+00 2.891927318035194094e+00 2.467298393225656916e+00 2.561476007144485756e+00 1.866602374499518602e+00 1.619737859925122869e+00 1.793085051829607757e+00 1.594849697336337968e+00 1.242432811167286877e+00 nan
nan nan nan nan nan nan nan nan nan nan nan nan nan nan nan nan nan nan nan nan 5.955588150553945415e-01 nan nan 1.148298970833189436e+00 1.287254011117160868e+00 1.881280998789310432e+00 nan nan
