nan nan nan 3.968420890323343997e+00 6.627111282309723350e+00 1.308713263329083709e+01 nan nan nan nan nan nan nan nan nan nan nan nan nan nan nan nan nan nan nan nan nan nan
nan nan 3.685290898744859156e+00 4.093340120031758289e+00 6.357233973890634715e+00 1.144423084368420263e+01 2.065237132662331732e+01 nan nan nan nan nan nan nan nan nan nan nan nan nan nan nan nan nan nan nan nan nan
nan nan 3.749898915919705367e+00 4.659594820448859309e+00 7.069191000808020320e+00 1.136472524003255025e+01 1.739299826760747081e+01 2.558205960726518313e+01 nan nan nan nan nan nan nan nan nan nan nan nan nan nan nan nan nan nan nan nan
nan 2.807627965176996643e+00 3.618701115392506829e+00 5.102878535088249734e+00 8.329033768140131855e+00 1.236328494855338178e+01 1.549801370732836325e+01 2.109536857532165044e+01 1.941007046503187539e+01 nan nan nan nan nan nan nan nan nan nan nan nan nan nan nan nan nan nan nan
1.800921247915194812e+00 2.286637158054920516e+00 3.452882584359713292e+00 5.551785338084194166e+00 9.272988383860534256e+00 1.359913408505729393e+01 1.871006074393127960e+01 2.413382174775645694e+01 2.427146725344881872e+01 7.771489424993588635e+00 nan nan nan nan nan nan nan nan nan nan nan nan nan nan nan nan nan nan
1.245044607828656558e+00 2.133542282669592893e+00 3.477004103284272674e+00 5.863315488701662304e+00 9.528488920667525619e+00 1.528702938612128293e+01 2.261714447247324244e+01 3.309323290522975469e+01 3.422921362261199363e+01 nan nan nan nan nan nan nan nan nan nan nan nan nan nan nan nan nan nan nan
1.183678706349417631e+00 2.536307263459734340e+00 4.313441037369017295e+00 6.521715567100774713e+00 9.494123663992214190e+00 1.544305923545313597e+01 2.472265976210320559e+01 3.927377395921868697e+01 4.208277377572966316e+01 nan nan nan nan nan nan nan nan nan nan nan nan nan nan nan nan nan nan nan
1.811466599398105393e+00 3.501347085862629882e+00 5.522488632341788772e+00 6.996531485459855482e+00 9.723057075280340911e+00 1.539967209699122463e+01 2.623334359069082211e+01 3.939778623103970290e+01 4.324963329481569474e+01 nan nan nan nan nan nan nan nan nan nan nan nan nan nan nan nan nan nan nan
nan 5.094490341940598022e+00 6.488505299715996877e+00 7.740785528531628046e+00 1.065076662753638814e+01 1.577559000964015823e+01 2.464975419220950670e+01 3.479620147073151770e+01 3.479784170782419039e+01 1.449707455921750388e+01 nan nan nan nan nan nan nan nan nan nan nan nan nan nan nan nan nan nan
nan 8.011502108924560162e+00 8.072645938010424516e+00 8.860140927416228607e+00 1.174790765968985262e+01 1.697643114747253179e+01 2.276467132361650414e+01 3.196768845841414475e+01 3.323296871250238382e+01 1.559957080059219336e+01 nan nan nan nan nan nan nan nan nan nan nan nan nan nan nan nan nan nan
nan 1.122320855948820295e+01 1.044928305311638184e+01 1.016003023289198914e+01 1.279867884463084060e+01 1.719730249787016163e+01 2.307525769722715481e+01 2.937050438297798038e+01 3.492666989209222095e+01 1.643980104192127101e+01 nan nan nan nan nan nan nan nan nan nan nan nan nan nan nan nan nan nan
nan nan 1.185572456583848755e+01 1.081812372482564655e+01 1.240456944754520840e+01 1.676537644409261674e+01 2.346264132997746898e+01 2.944990513983384517e+01 4.071551458726350603e+01 1.789373656372971766e+01 nan nan nan nan nan nan nan nan nan nan nan nan nan nan nan nan nan nan
nan nan 8.403498416645604152e+00 7.183261151738470573e+00 1.055525702352102435e+01 nan 2.214097454366808648e+01 2.958696628536202411e+01 4.418756953290132117e+01 2.478717213992024071e+01 nan nan nan nan nan nan nan nan nan nan nan nan nan nan nan nan nan nan
nan nan nan nan nan nan 1.902909237206218407e+01 2.818720259425080243e+01 4.700806276056820820e+01 2.530405636038637240e+01 nan nan 5.598681062752896231e+00 nan nan nan nan nan nan nan nan nan nan nan nan nan nan nan
nan nan nan nan nan 1.358263554210966539e+01 1.388926402499536117e+01 2.309660786113164477e+01 4.173996053767777425e+01 3.796322744739612887e+01 nan nan nan nan nan nan nan nan nan nan nan nan nan nan nan nan nan nan
nan nan nan nan nan 1.300483855080296536e+01 9.892772174730632528e+00 1.527357587603845346e+01 2.913818338333438618e+01 4.590062322813249551e+01 1.602518083654478076e+01 nan nan nan nan nan nan nan nan nan nan nan nan nan nan nan nan nan
nan nan nan nan nan 8.430465597511226150e+00 6.765779750727903163e+00 1.029394995506054755e+01 1.681055226182362361e+01 2.491840262401703754e+01 2.916705208155988771e+01 1.579629456611555938e+01 nan 3.668688348857363835e+00 nan nan nan nan nan nan nan nan nan nan nan nan nan nan
nan nan nan nan nan 5.442237691318103643e+00 4.872877316693659644e+00 8.151719703757427382e+00 1.284813343236941741e+01 1.602636353163800820e+01 1.938591853500547657e+01 1.842649650689524776e+01 1.480089927352209500e+01 8.096417272304849533e+00 3.122338397930501497e+00 nan nan nan nan nan nan nan nan nan nan nan nan nan
nan nan nan nan nan 3.373448099476042294e+00 3.769487394510336653e+00 7.324567120264491749e+00 1.056881249934278344e+01 1.213697690564528209e+01 1.475792842597683574e+01 1.664282670514246831e+01 1.575953677350668869e+01 1.225377445039561763e+01 7.912756195810996651e+00 5.474212687889190576e+00 3.108921013909048181e+00 nan nan nan nan nan nan nan nan nan nan nan
nan nan nan nan nan nan 3.046758955237681477e+00 6.022678472112357184e+00 8.869166074900478591e+00 9.144445527752452563e+00 1.060531921677504741e+01 1.330450082301851111e+01 1.461139097654167252e+01 1.453276481322379254e+01 1.294862945729460613e+01 8.939317100012386774e+00 3.634800456954307535e+00 2.417709885030716599e+00 nan nan nan nan nan nan nan nan nan nan
nan nan nan nan nan nan nan 4.849586727108125217e+00 6.836835102049283464e+00 6.898763193549454442e+00 7.734292187517187500e+00 1.038824628561144259e+01 1.230635774434456842e+01 1.354213261098880849e+01 1.330000092401553147e+01 1.291363672525028505e+01 1.110822014053786333e+01 9.304038040262687659e+00 8.934667180991057833e+00 nan nan 9.254736552383887371e+00 nan nan nan nan nan nan
nan nan nan nan nan nan nan 4.119948372407280957e+00 5.340609450917582990e+00 5.651588283355364339e+00 6.083332972293474583e+00 8.198514832266205588e+00 1.077318832727960896e+01 1.167122071392619631e+01 1.294873275997587392e+01 1.303682314815132059e+01 1.250682770563410884e+01 1.152888608421759287e+01 8.720980106419986555e+00 5.818119822669556740e+00 3.954606433246293573e+00 2.469265483552945728e+00 3.106129467747668293e+00 nan nan nan nan nan
nan nan nan nan nan nan nan nan 4.343444440647252769e+00 4.940649333227001172e+00 5.382854873230157544e+00 6.176568886305377148e+00 8.608086521998799867e+00 1.064530367699156699e+01 1.253931131609164140e+01 1.401138955783063444e+01 1.426700351566070069e+01 1.276287965758606902e+01 1.046181497767062041e+01 7.932580149602370234e+00 4.811567630609705049e+00 3.021274392358037186e+00 1.689733457625431923e+00 1.864332343244960777e+00 nan 5.155713314740046016e+00 3.683697227832881449e+00 nan
nan nan nan nan nan nan nan nan nan 4.142982161485801562e+00 5.143756003820358025e+00 6.307750512067962667e+00 8.197242436024660961e+00 1.065084570632900096e+01 1.229575868377380665e+01 1.361238019583761805e+01 1.567401646430627693e+01 1.622396431792798310e+01 1.434786493896873871e+01 1.222871683006854404e+01 9.823597775223575468e+00 8.240727157012871729e+00 7.536384326881079510e+00 7.548597763393199322e+00 nan 9.487038167277134448e+00 9.772030212045065056e+00 nan
nan nan nan nan nan nan nan nan nan nan 3.800452079900558111e+00 5.705438405210578878e+00 7.248503628677473998e+00 9.799074565150442950e+00 1.119912004698752206e+01 1.195643109845078733e+01 1.366729927320218962e+01 1.675997934512368559e+01 1.869481963127557123e+01 1.822712059306495647e+01 1.626532989638080551e+01 1.430863999278246368e+01 1.434574526637890202e+01 1.428822090294291591e+01 1.548531189691787802e+01 1.346852016819412690e+01 1.329379442740341588e+01 nan
nan nan nan nan nan nan nan nan nan nan nan nan 5.364111948622833026e+00 6.566745834479315036e+00 8.621340115433088869e+00 9.346054023881112727e+00 1.019449979744336332e+01 1.176258194571330584e+01 1.431885280509140301e+01 1.767991767356922850e+01 2.112264306739807296e+01 2.105377464914694485e+01 1.966686280950465004e+01 1.781936538874400711e+01 1.654847829752840482e+01 1.409656122590972060e+01 1.254373617257665785e+01 nan
nan nan nan nan nan nan nan nan nan nan nan nan nan 4.324586219788372432e+00 5.405157860615878107e+00 6.418374352363713342e+00 7.856610902270395158e+00 9.681555197751652742e+00 1.267716693277529316e+01 1.564077156907227462e+01 1.895350603462431494e+01 2.265283257062711186e+01 2.517685111485680949e+01 2.287449956548290686e+01 1.780262443755587043e+01 1.344320471885374957e+01 1.089647480739130003e+01 nan
nan nan nan nan nan nan nan nan nan nan nan nan nan nan nan 4.647455294691656746e+00 6.121959151238549168e+00 8.522733668953396347e+00 1.110101495535690574e+01 1.393937113484802026e+01 1.639312433408082015e+01 1.826744969896738624e+01 2.129556716947482897e+01 2.284889897075861143e+01 1.873561916595060239e+01 1.408667281574633634e+01 1.044460294372804476e+01 nan
nan nan nan nan nan nan nan nan nan nan nan nan nan nan nan nan nan 7.520246578392193904e+00 9.346108451399731010e+00 1.068421210029404733e+01 1.133483704324830654e+01 1.115959929855011268e+01 1.091155397493587920e+01 1.734765899892581587e+01 1.799624646659328420e+01 1.538710315882304513e+01 1.164227655621870028e+01 nan
nan nan nan nan nan nan nan nan nan nan nan nan nan nan nan nan nan nan nan nan 2.816764550486787755e+00 nan nan 1.240079034665447821e+01 1.604074045893845124e+01 1.540342048854793866e+01 nan nan
