nan nan nan 4.681716044384204523e+00 9.216008670471025344e-01 4.068341258682712375e-02 nan nan nan nan nan nan nan nan nan nan nan nan nan nan nan nan nan nan nan nan nan nan
nan nan 9.455633052696398977e+00 3.795932136221803699e+00 7.498041989799599794e-01 3.509976879874625588e-01 2.015796636195284375e+00 nan nan nan nan nan nan nan nan nan nan nan nan nan nan nan nan nan nan nan nan nan
nan nan 8.555879521293423551e+00 3.645671852681593883e+00 1.306398623936982251e+00 1.553881668387007364e+00 3.566273131840580923e+00 7.087464370459138685e+00 nan nan nan nan nan nan nan nan nan nan nan nan nan nan nan nan nan nan nan nan
nan 1.290499633863095674e+01 7.835976744515755321e+00 3.806936863623433531e+00 1.895543656031630775e+00 2.646938281829667616e+00 4.337806273501003673e+00 6.895487226734911879e+00 1.192405382212155907e+01 nan nan nan nan nan nan nan nan nan nan nan nan nan nan nan nan nan nan nan
1.740404198340191044e+01 1.207409322379946914e+01 7.323512858682840410e+00 3.650715434257173708e+00 1.728475528959058094e+00 1.992604701285179081e+00 3.097878299359513310e+00 4.150255811595942035e+00 6.533815784091405732e+00 6.675389519180812137e+00 nan nan nan nan nan nan nan nan nan nan nan nan nan nan nan nan nan nan
1.711336313722186375e+01 1.120869508669684755e+01 6.439845283982381652e+00 2.874025666649650645e+00 1.023044552267774909e+00 1.099864091394109122e+00 2.368560501913651084e+00 3.816485031435538300e+00 1.123212297855971897e+01 nan nan nan nan nan nan nan nan nan nan nan nan nan nan nan nan nan nan nan
1.550586861806594641e+01 8.844001604542087946e+00 4.736778748262301164e+00 1.830658228291872858e+00 4.906548998653900151e-01 1.503945321646317224e+00 3.242575317635068011e+00 6.065280836719315616e+00 1.379411783129630464e+01 nan nan nan nan nan nan nan nan nan nan nan nan nan nan nan nan nan nan nan
1.237862732259418941e+01 6.206142903071397043e+00 3.233922238581822040e+00 1.042126766694731366e+00 5.486274036734423154e-01 2.579250967774118664e+00 4.338296742735717970e+00 8.165566091131902127e+00 1.409933412846558198e+01 nan nan nan nan nan nan nan nan nan nan nan nan nan nan nan nan nan nan nan
nan 4.571297733130982976e+00 2.551954182098736368e+00 7.185060039612505278e-01 1.240540867200844888e+00 4.055898758769811430e+00 6.142438578771567848e+00 8.765698367765395460e+00 1.241266235529349871e+01 4.744986346609350036e+00 nan nan nan nan nan nan nan nan nan nan nan nan nan nan nan nan nan nan
nan 4.451469270297002900e+00 2.293354587290439284e+00 8.648620547877130527e-01 2.384012108517327366e+00 5.715100371913956145e+00 7.605651897138601569e+00 7.458291564965414899e+00 9.670216777409425646e+00 5.961660124179847031e+00 nan nan nan nan nan nan nan nan nan nan nan nan nan nan nan nan nan nan
nan 5.080773675520582344e+00 2.529156122505159754e+00 1.193874088820257917e+00 3.782544044307882825e+00 8.023172692762363667e+00 9.522477108883798280e+00 7.084913285961954799e+00 7.855204217568928726e+00 3.834930816363076200e+00 nan nan nan nan nan nan nan nan nan nan nan nan nan nan nan nan nan nan
nan nan 2.471929648045435357e+00 1.251655907078808916e+00 3.185487237791481796e+00 9.422144775278029627e+00 1.149641285746830910e+01 8.369794068130461895e+00 8.294490997832625112e+00 3.191411087118361856e+00 nan nan nan nan nan nan nan nan nan nan nan nan nan nan nan nan nan nan
nan nan 1.484894588184736630e+00 9.190949402981978267e-01 2.793678254751668533e+00 nan 1.300570834515798779e+01 9.924515712958740465e+00 9.683902812021541351e+00 4.687450821198841489e+00 nan nan nan nan nan nan nan nan nan nan nan nan nan nan nan nan nan nan
nan nan nan nan nan nan 1.290779914312145848e+01 1.320672323476645005e+01 1.393535242480465186e+01 5.444970508926027186e+00 nan nan 8.768976739828444611e-01 nan nan nan nan nan nan nan nan nan nan nan nan nan nan nan
nan nan nan nan nan 7.980645498256922821e+00 1.278023657665936952e+01 1.519678370467382500e+01 1.928431185213806032e+01 1.454284756786673327e+01 nan nan nan nan nan nan nan nan nan nan nan nan nan nan nan nan nan nan
nan nan nan nan nan 7.696813254593733333e+00 1.245707212040604617e+01 1.548938582548038845e+01 2.121232398230366911e+01 2.865566553016410722e+01 9.610299431413979576e+00 nan nan nan nan nan nan nan nan nan nan nan nan nan nan nan nan nan
nan nan nan nan nan 9.053198516015688924e+00 1.325394226009762022e+01 1.680675221858597723e+01 2.090354052811065699e+01 2.798427974343296754e+01 2.402967898968111982e+01 1.289428895892978666e+01 nan 2.752041936609447070e+00 nan nan nan nan nan nan nan nan nan nan nan nan nan nan
nan nan nan nan nan 9.509767498264295682e+00 1.375051286975855191e+01 1.754617710477536363e+01 2.118182152464393653e+01 2.591012140853602475e+01 2.611948901433688519e+01 2.266713894549613784e+01 1.762604220349379247e+01 1.181371464481143896e+01 3.854351568403537875e+00 nan nan nan nan nan nan nan nan nan nan nan nan nan
nan nan nan nan nan 9.951025506687257050e+00 1.306212334854915724e+01 1.627245238081603063e+01 2.007006789740020380e+01 2.528049337161445820e+01 2.666101361672801318e+01 2.483141692516705135e+01 2.167819780381541861e+01 1.658327882500787709e+01 1.202400523809432720e+01 4.934651196764433756e+00 2.060314872201656655e+00 nan nan nan nan nan nan nan nan nan nan nan
nan nan nan nan nan nan 1.293214205073828360e+01 1.580396758592592477e+01 1.940195308557252218e+01 2.395370527112704551e+01 2.569883816921407771e+01 2.446531782394489696e+01 2.308222190412429953e+01 2.017246803241421560e+01 1.827984541624072179e+01 1.274653134031598256e+01 6.307162123880876159e+00 2.548165769021398575e+00 nan nan nan nan nan nan nan nan nan nan
nan nan nan nan nan nan nan 1.590542790110347404e+01 1.898972240347712059e+01 2.233257933963336583e+01 2.342007362551058947e+01 2.342747286276364349e+01 2.285813131931061903e+01 2.119092238233510983e+01 2.080614214927639694e+01 2.064795261781950941e+01 1.810330452645318289e+01 1.685320907350548580e+01 1.255802319593036565e+01 nan nan 8.358257946266103744e+00 nan nan nan nan nan nan
nan nan nan nan nan nan nan 1.552802069131042018e+01 1.874075437592896876e+01 2.120033260628162708e+01 2.209804136767814242e+01 2.175593668423153559e+01 2.302388647884046335e+01 2.122657007652218297e+01 2.042793130046512928e+01 2.303100214745798624e+01 1.985358576823112742e+01 1.553668868621693200e+01 1.144228170438570125e+01 9.060613503705416960e+00 5.555841192057814126e+00 2.502925041923893978e+00 2.650369681667988253e+00 nan nan nan nan nan
nan nan nan nan nan nan nan nan 1.961142340867011313e+01 2.244101358032989069e+01 2.255309792439580008e+01 2.152996063096376389e+01 2.336027975477541574e+01 2.244430657502691773e+01 2.114484984374141163e+01 2.258693792878139561e+01 2.194055541030963852e+01 1.634691713425569048e+01 1.241180395669447734e+01 9.191886856453889365e+00 5.755309253446508677e+00 4.067488702548145874e+00 2.654347580815065388e+00 1.898813513362519023e+00 nan 4.341486046713233904e+00 2.652011445199004669e+00 nan
nan nan nan nan nan nan nan nan nan 2.292635495270026169e+01 2.306379519240041986e+01 2.208803153142250153e+01 2.218820360340029652e+01 2.167882998535769801e+01 2.106027541596131414e+01 1.993439200897453034e+01 2.041173364899156084e+01 1.988493342173583045e+01 1.606532970668324012e+01 1.363562085858053763e+01 1.215825409969858839e+01 1.042744659443525279e+01 7.349992881045872117e+00 6.159051140828538884e+00 nan 7.732337083902572239e+00 4.047078386761553404e+00 nan
nan nan nan nan nan nan nan nan nan nan 2.495902651891511681e+01 2.475901628355837758e+01 2.321195165486619771e+01 2.128127069745996280e+01 1.979803884093341182e+01 1.879222611650459385e+01 1.845086321383705297e+01 2.180431987405256677e+01 2.166056279919734706e+01 2.001684415156050534e+01 1.867206632196558758e+01 1.746525096961872237e+01 1.389265878731041859e+01 1.181278318032738284e+01 1.139625895746516626e+01 7.252014274574655417e+00 5.697799285529687729e+00 nan
nan nan nan nan nan nan nan nan nan nan nan nan 2.432257928310184880e+01 2.114781978304323573e+01 1.987255368999851868e+01 1.825825442711569835e+01 1.751005935883435782e+01 1.895116355588229951e+01 1.977516147538544189e+01 2.079086517804372392e+01 2.461018950087393264e+01 2.684943508651507571e+01 2.537749620155546637e+01 2.030189361973359752e+01 1.538059126250539776e+01 9.614460617444745338e+00 6.610351715805827588e+00 nan
nan nan nan nan nan nan nan nan nan nan nan nan nan 2.299449466637155837e+01 2.097416138101999294e+01 1.868831883538938143e+01 1.693697156605273335e+01 1.702002054955428889e+01 1.738762063100253741e+01 1.857607969341443521e+01 2.111044005741004526e+01 2.625378846646062669e+01 2.886099657214348824e+01 2.531570697782486334e+01 1.823677246129377494e+01 1.103862901789765338e+01 8.377558516512580766e+00 nan
nan nan nan nan nan nan nan nan nan nan nan nan nan nan nan 1.890203550549249556e+01 1.688590120909755043e+01 1.573409387399858161e+01 1.538288543237299955e+01 1.459526935581001617e+01 1.329553131292172274e+01 1.638860522414338305e+01 2.227714114907535503e+01 2.216946515449446764e+01 1.763637967940312024e+01 1.238556936749313309e+01 8.968521233797966730e+00 nan
nan nan nan nan nan nan nan nan nan nan nan nan nan nan nan nan nan 1.488087631030419900e+01 1.359361226803043010e+01 1.108562891124535277e+01 7.177267891842065595e+00 7.132416520871950993e+00 9.334633651339824922e+00 1.377483098704020925e+01 1.460041103496733861e+01 1.256210820162390718e+01 7.992013582511196645e+00 nan
nan nan nan nan nan nan nan nan nan nan nan nan nan nan nan nan nan nan nan nan 4.854354678820338442e+00 nan nan 4.077916538475097497e+00 6.153284351484305859e+00 8.054416497764741223e+00 nan nan
