nan nan nan 8.152637341608160781e+00 8.917814089621751705e+00 1.272351552676279596e+01 nan nan nan nan nan nan nan nan nan nan nan nan nan nan nan nan nan nan nan nan nan nan
nan nan 7.922515516146876990e+00 7.282453250509878906e+00 8.939415944366199795e+00 1.299802992501286347e+01 2.133268773637237459e+01 nan nan nan nan nan nan nan nan nan nan nan nan nan nan nan nan nan nan nan nan nan
nan nan 7.519119934725416066e+00 7.667114012577257220e+00 1.025476101276499818e+01 1.446458188659684119e+01 2.026642359656978343e+01 3.086259798438550561e+01 nan nan nan nan nan nan nan nan nan nan nan nan nan nan nan nan nan nan nan nan
nan 7.960930948929346052e+00 7.324710832661376791e+00 8.757651818324562853e+00 1.217083468480162800e+01 1.648456923451762179e+01 2.171640279768296011e+01 3.184460036811390182e+01 3.200560268994184554e+01 nan nan nan nan nan nan nan nan nan nan nan nan nan nan nan nan nan nan nan
6.900490169385901318e+00 7.219131640628052793e+00 8.077881310616390920e+00 1.062300932157626221e+01 1.436264254381388916e+01 1.850770404297459137e+01 2.635277552682888924e+01 3.747709519841959036e+01 4.363005491483972520e+01 1.782476918720618997e+01 nan nan nan nan nan nan nan nan nan nan nan nan nan nan nan nan nan nan
5.708564717563453961e+00 7.117020605836707148e+00 9.272812361945613091e+00 1.241358279968497413e+01 1.608974461467268569e+01 2.176518731685014885e+01 3.250695302290349531e+01 4.255249112280566237e+01 5.226127420583034677e+01 nan nan nan nan nan nan nan nan nan nan nan nan nan nan nan nan nan nan nan
5.734093994834783103e+00 7.543787150886088533e+00 1.023198124629848316e+01 1.373756882671461632e+01 1.869837454092374784e+01 2.534363489849895856e+01 3.465718520865220142e+01 4.403093911292251050e+01 5.306503208074487787e+01 nan nan nan nan nan nan nan nan nan nan nan nan nan nan nan nan nan nan nan
6.684614696918154131e+00 8.790084027648596532e+00 1.129816553163989568e+01 1.527543091720294832e+01 2.050734291724350555e+01 2.674424464851560401e+01 3.373485873093189724e+01 4.264722725408457649e+01 4.980114465837872473e+01 nan nan nan nan nan nan nan nan nan nan nan nan nan nan nan nan nan nan nan
nan 1.086690050653060702e+01 1.369763057830838271e+01 1.665065337734820616e+01 2.053341078227831673e+01 2.624653216826521529e+01 3.320685575936308709e+01 4.147295494524252746e+01 3.943781128104082967e+01 1.912708391683839793e+01 nan nan nan nan nan nan nan nan nan nan nan nan nan nan nan nan nan nan
nan 1.413767980535454605e+01 1.576114309424999327e+01 1.769644059944475600e+01 2.122689687491052624e+01 2.595270263681598877e+01 3.295287968257112254e+01 4.074474634498511705e+01 3.861885570961438674e+01 2.050695816014239981e+01 nan nan nan nan nan nan nan nan nan nan nan nan nan nan nan nan nan nan
nan 1.539743685269851170e+01 1.631874055547944735e+01 1.768999012023534689e+01 1.931419711419039942e+01 2.311856394360140499e+01 3.070304119195867898e+01 3.823068121859268587e+01 3.909006231352463345e+01 2.115929813406271265e+01 nan nan nan nan nan nan nan nan nan nan nan nan nan nan nan nan nan nan
nan nan 1.689297636735437536e+01 1.678337289774036023e+01 1.545310279899630501e+01 2.037250156524153866e+01 2.924102060870845321e+01 3.655200262092083818e+01 3.921433809613058230e+01 2.058904446429767532e+01 nan nan nan nan nan nan nan nan nan nan nan nan nan nan nan nan nan nan
nan nan 1.156462550194909511e+01 9.630978008551993597e+00 1.339897413629744172e+01 nan 2.899343811917593072e+01 3.324019218186126778e+01 3.708614782432916712e+01 2.252087393227519030e+01 nan nan nan nan nan nan nan nan nan nan nan nan nan nan nan nan nan nan
nan nan nan nan nan nan 2.629305148295973993e+01 3.046789708610181435e+01 3.176847120346143427e+01 2.105383335406453682e+01 nan nan 6.359801047499107796e+00 nan nan nan nan nan nan nan nan nan nan nan nan nan nan nan
nan nan nan nan nan 1.871311192111792110e+01 2.467041553508831342e+01 2.624869187520228664e+01 2.560325092439211758e+01 2.248075102919209556e+01 nan nan nan nan nan nan nan nan nan nan nan nan nan nan nan nan nan nan
nan nan nan nan nan 2.217951708692265811e+01 2.265373330608326441e+01 2.174401980435463599e+01 2.074475165151257627e+01 1.803593305752045239e+01 5.506549178589991378e+00 nan nan nan nan nan nan nan nan nan nan nan nan nan nan nan nan nan
nan nan nan nan nan 1.867763826606240585e+01 1.890844940178173772e+01 1.906655179422973490e+01 1.687520836201493424e+01 1.300021117471641752e+01 7.138399325277224428e+00 2.723153914318579449e+00 nan 1.132093508540538140e+00 nan nan nan nan nan nan nan nan nan nan nan nan nan nan
nan nan nan nan nan 1.641445707301517132e+01 1.638846282316002245e+01 1.688249936409790664e+01 1.531520660275973889e+01 1.159252194416093396e+01 7.107159546668715855e+00 3.968333547219192070e+00 2.715400384398154454e+00 1.767511938534346072e+00 1.259923059930863065e+00 nan nan nan nan nan nan nan nan nan nan nan nan nan
nan nan nan nan nan 1.433738300185778947e+01 1.439934668731364376e+01 1.514358675557782874e+01 1.368551307188143618e+01 1.073990196056769975e+01 7.066619385861133473e+00 4.480775202644768029e+00 3.581066571685144861e+00 2.609554316364979254e+00 2.226325007411783741e+00 2.475192873867384513e+00 1.226269630855832071e+00 nan nan nan nan nan nan nan nan nan nan nan
nan nan nan nan nan nan 1.327372952810384099e+01 1.360490938210084799e+01 1.267744680761686560e+01 9.999124870083631933e+00 7.074142872821777672e+00 5.314048643359099877e+00 4.722334300259346307e+00 4.424069010879351005e+00 3.640792054574184533e+00 3.993518186546030080e+00 2.774440208629895377e+00 1.442300967242946319e+00 nan nan nan nan nan nan nan nan nan nan
nan nan nan nan nan nan nan 1.196184370429372734e+01 1.086401308213864070e+01 9.158133375168603152e+00 7.555096611654948724e+00 6.048188243716139390e+00 5.632972426989809378e+00 5.589961791755037268e+00 5.914384259023742096e+00 5.263561803905507652e+00 5.343311506660778143e+00 4.890487711736826171e+00 5.207678212528384698e+00 nan nan 5.705624124833768462e+00 nan nan nan nan nan nan
nan nan nan nan nan nan nan 1.089707067342621372e+01 9.218860489167854055e+00 8.537461265625195139e+00 7.454003647552153389e+00 6.617032972899228760e+00 6.256387371146466592e+00 6.285505129742975150e+00 7.212839249424148669e+00 7.693636673877737309e+00 6.550855831562209630e+00 6.324005944603264595e+00 5.107188036130426489e+00 3.866695674939553129e+00 2.535639859756757541e+00 1.075188903322726430e+00 1.353657773937994024e+00 nan nan nan nan nan
nan nan nan nan nan nan nan nan 8.673231342186623394e+00 8.474053161341117857e+00 7.690078838114495774e+00 7.004705044379330836e+00 6.913614974093577281e+00 7.110777850101453801e+00 7.597001828881801977e+00 8.681155159539580168e+00 8.618267831940665147e+00 7.878543411429522081e+00 6.713107496093980053e+00 5.489849964167159868e+00 3.978104678594803545e+00 2.504373844503369195e+00 1.109477080315574904e+00 6.690429093193485111e-01 nan 2.787110335258805804e+00 1.496192073863578997e+00 nan
nan nan nan nan nan nan nan nan nan 8.683227134817860460e+00 8.896795976150995600e+00 7.237430137940651598e+00 7.021486466472551591e+00 7.555569906285538373e+00 7.847272416915906490e+00 8.136293247658892724e+00 9.491442279240430935e+00 8.933636225136732278e+00 8.626960628697020184e+00 7.388474262111948576e+00 5.825799672373221938e+00 4.886337331644213577e+00 3.976343207332378782e+00 3.479010829088423407e+00 nan 4.454863714974979239e+00 3.832243932160177113e+00 nan
nan nan nan nan nan nan nan nan nan nan 9.366989976939763096e+00 8.307860322204229320e+00 7.165342737634531112e+00 7.051938825810926126e+00 7.699136300556155277e+00 8.977006538439498584e+00 1.045448564819621318e+01 1.124493660014553420e+01 9.876051405091262225e+00 9.368422613112429076e+00 8.436646203601767979e+00 7.074418453398113371e+00 6.861640705979614729e+00 7.131057598153508259e+00 7.141989655147760629e+00 5.764692851258399031e+00 5.213414224987240608e+00 nan
nan nan nan nan nan nan nan nan nan nan nan nan 9.361669787031672740e+00 8.161585591220912761e+00 7.629830021056267064e+00 8.295595783298274739e+00 1.040592105723314198e+01 1.152669944441039007e+01 1.155592221753923354e+01 1.150815460397106627e+01 1.113017334016327275e+01 9.520956702601774069e+00 8.048849785720209482e+00 7.344967524974610029e+00 6.692214546756157567e+00 5.980886468987185900e+00 5.573579042421119567e+00 nan
nan nan nan nan nan nan nan nan nan nan nan nan nan 9.631178770834152303e+00 8.500150579040537835e+00 7.520147891397900075e+00 7.267306539908600094e+00 7.795883480412348909e+00 8.660743809166092433e+00 9.488331287219319066e+00 1.133709552780820928e+01 1.187401312012342203e+01 1.040587493089574345e+01 8.156530688644258120e+00 6.622362391686557714e+00 6.220753079799645313e+00 5.725703679784680311e+00 nan
nan nan nan nan nan nan nan nan nan nan nan nan nan nan nan 5.530937507943737508e+00 5.075865676579421226e+00 5.937773890652660924e+00 6.720501670876989131e+00 7.887605983727021375e+00 8.818373061571428195e+00 8.943698118840691436e+00 1.140192302642118527e+01 9.692943746139180305e+00 6.897504027673389437e+00 6.514751660117841681e+00 6.383393022397249261e+00 nan
nan nan nan nan nan nan nan nan nan nan nan nan nan nan nan nan nan 5.312664744185570775e+00 5.955883235284009203e+00 6.651446518774005057e+00 8.025028484639156190e+00 7.870046897877455372e+00 7.744819312977917924e+00 8.124197661582519103e+00 6.960756902804117630e+00 6.284211669693047675e+00 6.625471833486133555e+00 nan
nan nan nan nan nan nan nan nan nan nan nan nan nan nan nan nan nan nan nan nan 2.792112886832983865e+00 nan nan 6.316295311722452510e+00 6.318805807876807457e+00 5.668871941917942081e+00 nan nan
