nan nan nan 2.402304457223725365e+01 2.694340100933361271e+01 3.148271828558756980e+01 nan nan nan nan nan nan nan nan nan nan nan nan nan nan nan nan nan nan nan nan nan nan
nan nan 1.961799674192681309e+01 2.240653512038717210e+01 2.387597997527297977e+01 2.566815447194604971e+01 3.133165497013947842e+01 nan nan nan nan nan nan nan nan nan nan nan nan nan nan nan nan nan nan nan nan nan
nan nan 1.967711975684369818e+01 2.101479710551359403e+01 2.146306636042381299e+01 2.248541231356738379e+01 2.389342522385679501e+01 2.849879345091748917e+01 nan nan nan nan nan nan nan nan nan nan nan nan nan nan nan nan nan nan nan nan
nan 1.877055921690088169e+01 1.932930016733006795e+01 1.997014155155087067e+01 1.997012836889869547e+01 2.053405346708962043e+01 2.129216323951800405e+01 2.138162977788958585e+01 1.287628009216384584e+01 nan nan nan nan nan nan nan nan nan nan nan nan nan nan nan nan nan nan nan
1.866146026958129411e+01 1.878741955146125164e+01 1.964274195560743763e+01 1.947152211090083895e+01 1.946303804478886335e+01 1.930047467880032386e+01 2.051065440505054127e+01 2.025584256855568199e+01 1.678055037527484572e+01 1.204011915337498850e+00 nan nan nan nan nan nan nan nan nan nan nan nan nan nan nan nan nan nan
1.913752658032393228e+01 1.975279206097907547e+01 1.995551498701250637e+01 1.850827267053553626e+01 1.813063210617704257e+01 1.801994565535066783e+01 1.947751061753820423e+01 2.114089500806529642e+01 1.911834900531988168e+01 nan nan nan nan nan nan nan nan nan nan nan nan nan nan nan nan nan nan nan
1.942086729575153470e+01 1.920098838334522995e+01 1.854277081541463446e+01 1.749842041056918873e+01 1.690793485884742609e+01 1.685797319600192168e+01 1.843206068134746189e+01 1.999308076228483699e+01 1.628647922165636786e+01 nan nan nan nan nan nan nan nan nan nan nan nan nan nan nan nan nan nan nan
1.869645011614691654e+01 1.791842316799903756e+01 1.707135928819515414e+01 1.672628506008126337e+01 1.618490754706949630e+01 1.631924584352878682e+01 1.653330581326599358e+01 1.665958203935970872e+01 1.394887384930368057e+01 nan nan nan nan nan nan nan nan nan nan nan nan nan nan nan nan nan nan nan
nan 1.525721988256150929e+01 1.501557982525671342e+01 1.517870444470913149e+01 1.506682148050357206e+01 1.560201504590654586e+01 1.528195865496578421e+01 1.324133943804669933e+01 1.001203130367462002e+01 2.775344819756421888e+00 nan nan nan nan nan nan nan nan nan nan nan nan nan nan nan nan nan nan
nan 1.254751689591851083e+01 1.206633508322710391e+01 1.282455218857647594e+01 1.387648298404385550e+01 1.513040013815292717e+01 1.545758340413884291e+01 1.319624110314983056e+01 8.878554930097443787e+00 3.249530360544942820e+00 nan nan nan nan nan nan nan nan nan nan nan nan nan nan nan nan nan nan
nan 9.842980535268464948e+00 9.406616875093595453e+00 1.047445296075507848e+01 1.336509050929515041e+01 1.487837675420430195e+01 1.654207343934292496e+01 1.316459528892403341e+01 9.082936728067179999e+00 3.046040490246883170e+00 nan nan nan nan nan nan nan nan nan nan nan nan nan nan nan nan nan nan
nan nan 7.208383131118684339e+00 9.108710142590659586e+00 1.126306164025293377e+01 1.322859575294840795e+01 1.900302242825031129e+01 1.341092211059217298e+01 8.115466153877674671e+00 1.859215619382206031e+00 nan nan nan nan nan nan nan nan nan nan nan nan nan nan nan nan nan nan
nan nan 2.387686901870347267e+00 5.989251861570484614e+00 1.002047511117724277e+01 nan 1.911138870078919183e+01 1.299843474359391671e+01 7.721758214789844033e+00 2.232344916788324252e+00 nan nan nan nan nan nan nan nan nan nan nan nan nan nan nan nan nan nan
nan nan nan nan nan nan 1.356625817895722719e+01 1.239401236835336384e+01 7.237590418017057381e+00 2.308972692555497641e+00 nan nan 7.732905457276849637e-01 nan nan nan nan nan nan nan nan nan nan nan nan nan nan nan
nan nan nan nan nan 1.510003170462710465e+01 1.224846104163928651e+01 1.184402732998261776e+01 7.720275064627453609e+00 3.017746010772206944e+00 nan nan nan nan nan nan nan nan nan nan nan nan nan nan nan nan nan nan
nan nan nan nan nan 1.080700446467812448e+01 1.210078730294875449e+01 1.144503833785101143e+01 8.836626922706150467e+00 4.840323330571314919e+00 1.169523856482731938e+00 nan nan nan nan nan nan nan nan nan nan nan nan nan nan nan nan nan
nan nan nan nan nan 1.023505682103931669e+01 1.195550179886497055e+01 1.138534941717003157e+01 9.622335404083871779e+00 7.413342210285224887e+00 4.336874264884055030e+00 2.307703287826309957e+00 nan 4.145153430782493875e-01 nan nan nan nan nan nan nan nan nan nan nan nan nan nan
nan nan nan nan nan 1.057369952425843884e+01 1.289559620893207459e+01 1.219103971709330558e+01 1.119410698010960026e+01 9.319537617596553858e+00 6.832865274192055693e+00 3.990894763359336128e+00 2.485411239797763905e+00 1.184625768197044682e+00 3.259711121504969555e-01 nan nan nan nan nan nan nan nan nan nan nan nan nan
nan nan nan nan nan 1.355413641944482883e+01 1.344609020692858259e+01 1.313528678527460158e+01 1.198522587393986250e+01 1.077242345311855587e+01 9.073830952088666635e+00 6.614839022179967998e+00 4.163861140687520113e+00 3.020426962158284656e+00 2.237253042374570899e+00 1.117505753779383548e+00 5.013388074939472139e-01 nan nan nan nan nan nan nan nan nan nan nan
nan nan nan nan nan nan 1.503637832421060772e+01 1.450431119355200771e+01 1.385145327947722649e+01 1.283098156463204731e+01 1.151599032796288213e+01 9.596315104868399004e+00 6.679493584322308664e+00 4.585518080709081623e+00 3.717890868030151896e+00 3.555713092571552547e+00 2.079994819765033309e+00 1.082833071682655079e+00 nan nan nan nan nan nan nan nan nan nan
nan nan nan nan nan nan nan 1.619180733826098262e+01 1.551689874562603499e+01 1.461837091631772090e+01 1.364015227681806586e+01 1.198046801794395400e+01 9.511837216835283826e+00 6.767318794741469468e+00 5.028603685265451873e+00 4.410504803476167801e+00 3.905450570781324071e+00 3.217717585612942965e+00 2.477444567199083014e+00 nan nan 1.433748705111987709e+00 nan nan nan nan nan nan
nan nan nan nan nan nan nan 1.775467566656840290e+01 1.682044383281069955e+01 1.567835343371335455e+01 1.475404201427888928e+01 1.340837832627065929e+01 1.144633674782710386e+01 9.423023032667021681e+00 7.767372984014897952e+00 6.250663842376153134e+00 5.238171818856883988e+00 4.380567450418790365e+00 3.130588226281545428e+00 2.020091778513300351e+00 9.536156357109240034e-01 3.257854514996749162e-01 5.923797060458596553e-01 nan nan nan nan nan
nan nan nan nan nan nan nan nan 1.678306982640964051e+01 1.674993269047604016e+01 1.544640820809209458e+01 1.435363842974827087e+01 1.260761211945780325e+01 1.114923608906741315e+01 1.018683151271716092e+01 9.304532754717209642e+00 7.429424964796731423e+00 5.926455511299547396e+00 4.803497832648375265e+00 3.519729814658104416e+00 2.835296031806896710e+00 1.606304581084831762e+00 4.650591981484585857e-01 2.619092959724381164e-01 nan 1.583788462226952909e+00 1.110622777318430954e+00 nan
nan nan nan nan nan nan nan nan nan 1.644898639718461197e+01 1.683271555376349582e+01 1.531199200877003364e+01 1.360633495522777991e+01 1.227375932903705547e+01 1.136563029052057061e+01 1.057662661661627546e+01 1.033660533793095304e+01 8.231284363885423616e+00 6.903854613245012928e+00 6.108805807508321806e+00 5.088484257323671045e+00 4.463328856496494801e+00 3.651953253332472116e+00 2.872846096693246754e+00 nan 2.359985847442750195e+00 2.123567385991012468e+00 nan
nan nan nan nan nan nan nan nan nan nan 1.656257196964750733e+01 1.634855847826982611e+01 1.416370181180839971e+01 1.316482812939192115e+01 1.207843901917595097e+01 1.107188363338345738e+01 1.071580901207763681e+01 1.156730327553955995e+01 1.007682179884790230e+01 8.803115956863528879e+00 7.725273504059379626e+00 7.197062104885119105e+00 6.980672459740354441e+00 6.500451890522552567e+00 4.828838077611152357e+00 2.986324402600093464e+00 2.674456254074117023e+00 nan
nan nan nan nan nan nan nan nan nan nan nan nan 1.493552378041224848e+01 1.352160294355198999e+01 1.268864336625111378e+01 1.233078502551648370e+01 1.184911547190880476e+01 1.236090343913910061e+01 1.306263400564301058e+01 1.357630042919711322e+01 1.237699718686764605e+01 9.898277504313131914e+00 9.380976847477759506e+00 8.458623619586322917e+00 6.803398856917309168e+00 4.905710756862861288e+00 4.070138019324800460e+00 nan
nan nan nan nan nan nan nan nan nan nan nan nan nan 1.370548354529459090e+01 1.294510478377707585e+01 1.300887725682279061e+01 1.249293035035007904e+01 1.261081637374180531e+01 1.345864365620403724e+01 1.470186744726749062e+01 1.636555542868681457e+01 1.348107067853437080e+01 1.078480930710964181e+01 9.402225325466664785e+00 7.883097077592927882e+00 6.733540877574512251e+00 5.830612796943992926e+00 nan
nan nan nan nan nan nan nan nan nan nan nan nan nan nan nan 1.324272431223692159e+01 1.248282041907209816e+01 1.181561149923093446e+01 1.215556239677300532e+01 1.325354532801768848e+01 1.618646845064914785e+01 1.743440573174146024e+01 1.126583032641428161e+01 9.245204658417931043e+00 8.663350905151057546e+00 8.361814625878663421e+00 7.649710144838888226e+00 nan
nan nan nan nan nan nan nan nan nan nan nan nan nan nan nan nan nan 1.109085278939102714e+01 1.076449883262834106e+01 1.167638358929906239e+01 1.177825664965951802e+01 1.264183004392956455e+01 8.280482263563376577e+00 8.172682458771431513e+00 8.733470669806800757e+00 9.035482704413631438e+00 8.717616007847084347e+00 nan
nan nan nan nan nan nan nan nan nan nan nan nan nan nan nan nan nan nan nan nan 5.557695324040028417e+00 nan nan 6.356837621212473088e+00 8.267772863236592329e+00 9.234566947890195721e+00 nan nan
