nan nan nan 1.889801515458857040e+01 1.276132447820066318e+01 1.970752431737269461e+01 nan nan nan nan nan nan nan nan nan nan nan nan nan nan nan nan nan nan nan nan nan nan
nan nan 2.470075822112914921e+01 1.648260895043194196e+01 1.151866575800807624e+01 1.937067839416788573e+01 3.214219430542124201e+01 nan nan nan nan nan nan nan nan nan nan nan nan nan nan nan nan nan nan nan nan nan
nan nan 2.397755309723947192e+01 1.467250731844460354e+01 1.136214872854182545e+01 1.974382492191555727e+01 3.545930506214295974e+01 4.693371651875219186e+01 nan nan nan nan nan nan nan nan nan nan nan nan nan nan nan nan nan nan nan nan
nan 2.856446500769326846e+01 2.017248476725150041e+01 1.258508991630450602e+01 1.218324095835943588e+01 2.122454379277030156e+01 3.657779513295103868e+01 4.670859870117953960e+01 3.229836879993791143e+01 nan nan nan nan nan nan nan nan nan nan nan nan nan nan nan nan nan nan nan
3.641976356865620090e+01 2.502798626174763541e+01 1.688183979459664741e+01 1.124171077076359992e+01 1.282862766633359541e+01 2.319120863090929063e+01 4.040705653254583751e+01 5.157944863814630310e+01 4.775733024203693589e+01 8.105840176371220451e+00 nan nan nan nan nan nan nan nan nan nan nan nan nan nan nan nan nan nan
3.313695102913656143e+01 2.228729106234805002e+01 1.492948142292092228e+01 9.730531504415512956e+00 1.207946413109870498e+01 2.581270579288472788e+01 5.167587298798024165e+01 7.019036583710912680e+01 6.649595208073887420e+01 nan nan nan nan nan nan nan nan nan nan nan nan nan nan nan nan nan nan nan
2.810996045245843433e+01 1.884769557882023605e+01 1.306755342668001063e+01 6.407182991560631535e+00 1.034804449339232235e+01 3.052523629540738170e+01 6.451283539463324246e+01 8.568545244681628503e+01 7.559967795212355668e+01 nan nan nan nan nan nan nan nan nan nan nan nan nan nan nan nan nan nan nan
2.434640344523426947e+01 1.630036470395733161e+01 9.094761810144877501e+00 3.266289631941562632e+00 8.944575577316678405e+00 3.463000027013043081e+01 7.182115430933784239e+01 9.612501138080490648e+01 8.134535346570854131e+01 nan nan nan nan nan nan nan nan nan nan nan nan nan nan nan nan nan nan nan
nan 1.179473982323363934e+01 4.284748179696877379e+00 1.677987328494369379e+00 1.206259621709919472e+01 4.045456674621411963e+01 7.860376078979979297e+01 9.681165329056557312e+01 7.210003575968750056e+01 1.902218863488747758e+01 nan nan nan nan nan nan nan nan nan nan nan nan nan nan nan nan nan nan
nan 7.226663745131888916e+00 1.447627016318864479e+00 4.561144916837978514e+00 1.986537541044813082e+01 4.504296690860758190e+01 8.187631291275292256e+01 1.030573799806029456e+02 8.136472182619635873e+01 2.127632413221547125e+01 nan nan nan nan nan nan nan nan nan nan nan nan nan nan nan nan nan nan
nan 4.579813582511372161e+00 2.109654267187991206e+00 9.427543706431009696e+00 2.475804488417582050e+01 4.680990608106934303e+01 8.467860070158056374e+01 1.139470087612010332e+02 8.826874293475322020e+01 2.305329409497432280e+01 nan nan nan nan nan nan nan nan nan nan nan nan nan nan nan nan nan nan
nan nan 4.467616867027500938e+00 1.354637859086673757e+01 2.411829763565853568e+01 4.296167388378957241e+01 8.750276827331134655e+01 1.184865931222255995e+02 1.097996058527825767e+02 3.024741284403604524e+01 nan nan nan nan nan nan nan nan nan nan nan nan nan nan nan nan nan nan
nan nan 4.316847594270550204e+00 1.049768925708538347e+01 2.253670139656676952e+01 nan 8.324585206394790760e+01 1.162072625220077384e+02 1.289256056706924483e+02 5.163614698024561278e+01 nan nan nan nan nan nan nan nan nan nan nan nan nan nan nan nan nan nan
nan nan nan nan nan nan 7.267413704064186675e+01 1.105073708763850391e+02 1.304435276769007430e+02 6.650738464903922420e+01 nan nan 1.016044381957807907e+01 nan nan nan nan nan nan nan nan nan nan nan nan nan nan nan
nan nan nan nan nan 4.698790859225120187e+01 6.754516688424254767e+01 9.637412445780202574e+01 1.163186874798979034e+02 1.011541469072876964e+02 nan nan nan nan nan nan nan nan nan nan nan nan nan nan nan nan nan nan
nan nan nan nan nan 4.580238466983944079e+01 6.525320854258544045e+01 8.639273651065005311e+01 9.155817145069752883e+01 1.097755036612329889e+02 3.364515576550319764e+01 nan nan nan nan nan nan nan nan nan nan nan nan nan nan nan nan nan
nan nan nan nan nan 4.409042175270027997e+01 6.555373617601730984e+01 7.821149477462329003e+01 7.457168576242105473e+01 6.999118324782777734e+01 7.407206427747821920e+01 3.672476808836372442e+01 nan 4.891551500689242715e+00 nan nan nan nan nan nan nan nan nan nan nan nan nan nan
nan nan nan nan nan 4.002925283284761804e+01 6.228018046363560956e+01 6.694972310479138855e+01 6.349123731024664608e+01 5.648235371406952510e+01 5.101325933004608260e+01 5.046833033364758592e+01 3.972028667463462170e+01 1.944600334953420173e+01 3.965547592965183998e+00 nan nan nan nan nan nan nan nan nan nan nan nan nan
nan nan nan nan nan 3.449833612204960787e+01 5.424193762443083955e+01 5.808266680065329979e+01 5.448057375897131749e+01 4.948453149697336784e+01 4.359968627957917420e+01 4.148740542541401766e+01 4.609374268361455051e+01 3.461181102360301765e+01 1.763517831523372337e+01 6.978841648798071340e+00 3.139155614414983031e+00 nan nan nan nan nan nan nan nan nan nan nan
nan nan nan nan nan nan 4.586847038252639663e+01 5.090924747856785615e+01 4.924604467440344990e+01 4.441375948461313783e+01 4.062739550800368704e+01 3.786008317737211826e+01 3.471772307195511331e+01 4.108068386249581749e+01 2.858218353586979887e+01 1.523346882748098352e+01 4.358390107964778437e+00 2.024469828414758421e+00 nan nan nan nan nan nan nan nan nan nan
nan nan nan nan nan nan nan 4.447830220219246655e+01 4.506192319456232553e+01 4.171587038861702013e+01 4.053539444758933996e+01 3.929977347255309894e+01 3.497420677598286431e+01 3.193340123277846487e+01 3.337671528972020951e+01 2.165315679027567342e+01 1.269214077662480022e+01 8.584223527637893980e+00 7.741845119831671340e+00 nan nan 6.928378179662116665e+00 nan nan nan nan nan nan
nan nan nan nan nan nan nan 3.704062805532091573e+01 4.056057237486037081e+01 3.958148574304191669e+01 3.999115047337078721e+01 4.142567495477828032e+01 3.829853815346410784e+01 3.174505736184125126e+01 2.866325903788237639e+01 2.724004744473684170e+01 1.730624778623908711e+01 9.936816772179390966e+00 6.394607803072820396e+00 4.203303378906047882e+00 2.792651809884718617e+00 1.691109842579190170e+00 3.914004988273417140e+00 nan nan nan nan nan
nan nan nan nan nan nan nan nan 3.585576835549920816e+01 3.741975077242932457e+01 3.541393176157995271e+01 3.747634137965026468e+01 3.897826638823337930e+01 3.469286850070621853e+01 2.832073851203021420e+01 2.737369969906360723e+01 2.296880691187245205e+01 1.323524677431941754e+01 8.278498748689445463e+00 5.391134167551125955e+00 3.037791216378456838e+00 1.626976583753242833e+00 6.441919992972244824e-01 2.140287246945715705e+00 nan 9.381188076684336963e+00 6.241934490277455616e+00 nan
nan nan nan nan nan nan nan nan nan 3.566510798602644883e+01 3.578974584869706632e+01 3.532353087442142936e+01 3.588772543201992704e+01 3.463365189467282335e+01 2.893725481432984381e+01 2.438405736889713893e+01 2.519760096543333106e+01 2.026801224793664247e+01 1.283598603308210606e+01 8.745400833868574253e+00 6.023091935016152476e+00 5.457879122973131381e+00 6.740517868192952733e+00 1.128100239411969596e+01 nan 2.707368592960020948e+01 4.384354251932531099e+01 nan
nan nan nan nan nan nan nan nan nan nan 3.711905207998488976e+01 3.723048855577361849e+01 3.492750957502645548e+01 3.333656110356764657e+01 2.937877626298326916e+01 2.593006826819128108e+01 2.306120226978209331e+01 2.381034616517789360e+01 2.309413656798989578e+01 1.999902033875640939e+01 1.615961420167182183e+01 1.419742136180143888e+01 1.838344331463336800e+01 2.964247205823453157e+01 4.072268613941014337e+01 4.708572000000192048e+01 5.408022308545042023e+01 nan
nan nan nan nan nan nan nan nan nan nan nan nan 3.567372061843055064e+01 3.352083737587578582e+01 3.111573482214723541e+01 2.953865584445113157e+01 2.649603183644277493e+01 2.545267254211602292e+01 2.668901733874526272e+01 3.107591764584750038e+01 3.172066196047343922e+01 2.967411427867207863e+01 2.963160442306786990e+01 3.601246757754181971e+01 4.263126595108259664e+01 4.464038306111568488e+01 4.553044691485666107e+01 nan
nan nan nan nan nan nan nan nan nan nan nan nan nan 3.519918382712516802e+01 3.349412991880949875e+01 3.198823069232349070e+01 3.035067564445791177e+01 3.000531044056277707e+01 3.234418251462550131e+01 3.621937443863516393e+01 4.153022442049417862e+01 4.253350784693857634e+01 4.213977565356022126e+01 4.180693356468958655e+01 3.894837913052554512e+01 3.622391889844941915e+01 3.653329741568084188e+01 nan
nan nan nan nan nan nan nan nan nan nan nan nan nan nan nan 3.341697978545892056e+01 3.189953147031075176e+01 3.258362474750984461e+01 3.595970052464723210e+01 3.919304165550673957e+01 4.318314859348954116e+01 4.290062960752163690e+01 3.886921942210942404e+01 3.841609244771308340e+01 3.459718507154424572e+01 3.295749632544980301e+01 2.917002440996193968e+01 nan
nan nan nan nan nan nan nan nan nan nan nan nan nan nan nan nan nan 2.911044328032467021e+01 3.178622876419984777e+01 3.447452184029693001e+01 3.775969052493933731e+01 3.165980062521180471e+01 1.785539066168912470e+01 2.867621840882551965e+01 2.819215264319237590e+01 2.564918744166065068e+01 2.167477594053041301e+01 nan
nan nan nan nan nan nan nan nan nan nan nan nan nan nan nan nan nan nan nan nan 5.838634007325563147e+00 nan nan 1.548755264391461139e+01 2.004095072393775467e+01 1.766880759316883598e+01 nan nan
