nan nan nan 9.038484767013081012e+00 6.651947149834088968e+00 8.285262033404675819e+00 nan nan nan nan nan nan nan nan nan nan nan nan nan nan nan nan nan nan nan nan nan nan
nan nan 1.172879156259352840e+01 7.102763289818092574e+00 5.857858697867090569e+00 7.913137761662042635e+00 1.564888742237232577e+01 nan nan nan nan nan nan nan nan nan nan nan nan nan nan nan nan nan nan nan nan nan
nan nan 1.072291045013134969e+01 6.640847621452955707e+00 6.638631714937662132e+00 9.559080826909067241e+00 1.592864713607950478e+01 2.637460053362879719e+01 nan nan nan nan nan nan nan nan nan nan nan nan nan nan nan nan nan nan nan nan
nan 1.464822715395147590e+01 9.872417338258751229e+00 7.542800946160226339e+00 7.885308623898573899e+00 1.220263908282298360e+01 1.811979050035443706e+01 2.170034352108952547e+01 1.920748889663778414e+01 nan nan nan nan nan nan nan nan nan nan nan nan nan nan nan nan nan nan nan
1.821172278758515617e+01 1.360492169965273668e+01 1.009631700409521926e+01 8.667725051636789857e+00 9.264667889919094179e+00 1.432524513813854128e+01 1.958110606222701122e+01 2.035092747762872634e+01 1.722886317362903341e+01 5.468786455460690199e+00 nan nan nan nan nan nan nan nan nan nan nan nan nan nan nan nan nan nan
1.642074183718480995e+01 1.302836879233348277e+01 1.112288110197096636e+01 1.061468779647733562e+01 1.217341886205073997e+01 1.490869513179497119e+01 1.870390027349783324e+01 2.033849889406517164e+01 2.048595673965280994e+01 nan nan nan nan nan nan nan nan nan nan nan nan nan nan nan nan nan nan nan
1.547753624214113621e+01 1.364028330146663848e+01 1.356846727371849681e+01 1.363160400775324632e+01 1.290483347965834504e+01 1.389656559416302706e+01 1.644045052614083957e+01 1.997814729658534461e+01 2.246328987236499941e+01 nan nan nan nan nan nan nan nan nan nan nan nan nan nan nan nan nan nan nan
1.563911253591341044e+01 1.555602722683122607e+01 1.601672954995416731e+01 1.391943663773886719e+01 1.247015018620818694e+01 1.275195080856601493e+01 1.442206436130908820e+01 1.911860929875532733e+01 2.174091455849881172e+01 nan nan nan nan nan nan nan nan nan nan nan nan nan nan nan nan nan nan nan
nan 1.712985911768751990e+01 1.671284610281484717e+01 1.311132454204397391e+01 1.202131395313798912e+01 1.222087864856651684e+01 1.371330806965127636e+01 1.882883276804266259e+01 1.734356948165130419e+01 7.126357747406058429e+00 nan nan nan nan nan nan nan nan nan nan nan nan nan nan nan nan nan nan
nan 1.722620768986418227e+01 1.549085051305437766e+01 1.309328560101232597e+01 1.250403206081982432e+01 1.301861003223836200e+01 1.527818650431095726e+01 2.150221944887404746e+01 1.783863391968079171e+01 7.548859502113837827e+00 nan nan nan nan nan nan nan nan nan nan nan nan nan nan nan nan nan nan
nan 1.784610854088495202e+01 1.546689946567857277e+01 1.415237676555027946e+01 1.377408939825931355e+01 1.432014090782628557e+01 1.816657758124455668e+01 2.440165986605197546e+01 2.074452454405133395e+01 9.838208334620212270e+00 nan nan nan nan nan nan nan nan nan nan nan nan nan nan nan nan nan nan
nan nan 1.393064543046345882e+01 1.358460205721350356e+01 1.295500024925296323e+01 1.370875630559319980e+01 2.077784788678373573e+01 2.586341855566390180e+01 2.305298521372509057e+01 1.082289428832820910e+01 nan nan nan nan nan nan nan nan nan nan nan nan nan nan nan nan nan nan
nan nan 8.263889949867108342e+00 7.579750349557904165e+00 9.837734069663214953e+00 nan 2.070190486504969130e+01 2.588204366724502492e+01 2.546132149779201015e+01 1.414621196061025898e+01 nan nan nan nan nan nan nan nan nan nan nan nan nan nan nan nan nan nan
nan nan nan nan nan nan 1.970858666421127126e+01 2.474017340453402980e+01 2.710079701530839813e+01 1.580024924361280192e+01 nan nan 3.894063338173013644e+00 nan nan nan nan nan nan nan nan nan nan nan nan nan nan nan
nan nan nan nan nan 1.576026257100231653e+01 1.888221125405491208e+01 2.270359227848775063e+01 2.580476913727246924e+01 2.467653645459207112e+01 nan nan nan nan nan nan nan nan nan nan nan nan nan nan nan nan nan nan
nan nan nan nan nan 1.447155234417878233e+01 1.677240225482981018e+01 2.006516004066086722e+01 2.206085186777111673e+01 2.961902410474127478e+01 1.224750584323803793e+01 nan nan nan nan nan nan nan nan nan nan nan nan nan nan nan nan nan
nan nan nan nan nan 1.330516469817344039e+01 1.495759950931582516e+01 1.830429955187276292e+01 1.924891494021766292e+01 2.002615511137902260e+01 2.560218436142065102e+01 1.442341701903132112e+01 nan 3.300291671126108550e+00 nan nan nan nan nan nan nan nan nan nan nan nan nan nan
nan nan nan nan nan 1.252923146481503558e+01 1.322728298283051807e+01 1.524898355092400415e+01 1.692352761303088471e+01 1.654398784463203143e+01 1.672855377281091549e+01 1.828792089721325098e+01 1.552273902539013939e+01 7.260397498316713438e+00 2.128436022224980739e+00 nan nan nan nan nan nan nan nan nan nan nan nan nan
nan nan nan nan nan 1.248315086328761403e+01 1.205598141733911710e+01 1.284238942014796159e+01 1.335607762745720350e+01 1.469417314685214215e+01 1.565447525045350829e+01 1.662773584499907997e+01 1.653820624629124936e+01 1.439118351350166769e+01 7.791887322518785020e+00 5.181450153577707773e+00 2.551273865401094465e+00 nan nan nan nan nan nan nan nan nan nan nan
nan nan nan nan nan nan 1.153769362246150187e+01 1.143397117875128544e+01 1.142294015549334851e+01 1.243034385452396329e+01 1.430452971667651951e+01 1.567437991437276423e+01 1.713853667949772230e+01 1.828858775813131032e+01 1.444093393889986210e+01 1.005666767366573033e+01 5.264327602353358948e+00 4.081644248511097750e+00 nan nan nan nan nan nan nan nan nan nan
nan nan nan nan nan nan nan 1.038199060895896331e+01 1.032139910695112484e+01 1.061592617573527519e+01 1.317717709305166984e+01 1.484852847465895387e+01 1.646917343051515914e+01 1.806413227145749190e+01 1.922632745030229628e+01 1.556922262796212486e+01 1.249804876530487796e+01 1.134619300472446390e+01 1.012908721764050846e+01 nan nan 1.103136640002959901e+01 nan nan nan nan nan nan
nan nan nan nan nan nan nan 1.061288505408673899e+01 9.695182925390676942e+00 9.718555586133014401e+00 1.181220337947295462e+01 1.411586329905246906e+01 1.505418253627442482e+01 1.725203590902809836e+01 1.976920061413855123e+01 1.857441165869617805e+01 1.484120232532212391e+01 1.177250553913989073e+01 9.305804047757250785e+00 7.000918540356870778e+00 4.863035357448764806e+00 3.299455412120421816e+00 4.458663127702004125e+00 nan nan nan nan nan
nan nan nan nan nan nan nan nan 9.957148365084302455e+00 9.083102273555594408e+00 1.012083892144847930e+01 1.259189750788084972e+01 1.352657653104800595e+01 1.498557931733815884e+01 1.772177882723528697e+01 1.949159240088370026e+01 1.671225403403838428e+01 1.207504581074146444e+01 8.967319839226552958e+00 6.822792462919278655e+00 4.983845230571380291e+00 3.537997538003283982e+00 2.520551068829626207e+00 3.993144053152180017e+00 nan 9.491718365314941508e+00 8.897885621221005792e+00 nan
nan nan nan nan nan nan nan nan nan 9.430066387784046711e+00 8.662061760790818354e+00 1.002106601175566603e+01 1.175738280620862675e+01 1.309745821307203961e+01 1.471998208369217309e+01 1.719054071861390653e+01 1.787625951572036698e+01 1.483452624919685015e+01 1.109431342361805939e+01 8.521254374888638239e+00 7.195289816918195136e+00 7.681952563446969862e+00 1.065530824959372147e+01 1.588598117294562506e+01 nan 1.972837476213938501e+01 2.603102657227413275e+01 nan
nan nan nan nan nan nan nan nan nan nan 8.803618598907716475e+00 9.161261429587282734e+00 1.078565720170857567e+01 1.188066221652628407e+01 1.321905795452141774e+01 1.480906305682475477e+01 1.606557452742525527e+01 1.627262182606894569e+01 1.593712096370500753e+01 1.408160447126088144e+01 1.252388416853333375e+01 1.313839664558044262e+01 1.712632487169614492e+01 2.513892010508898167e+01 2.889359501568231892e+01 2.806220514236795793e+01 2.893128298923261710e+01 nan
nan nan nan nan nan nan nan nan nan nan nan nan 1.071943579817096825e+01 1.227715083422204145e+01 1.314638955552843491e+01 1.430747642056088864e+01 1.536695208736009910e+01 1.653037732281828553e+01 1.745495489598103589e+01 1.878560557335327630e+01 1.965281438720813867e+01 1.821963688643574741e+01 2.068475157571071676e+01 2.457358139016492160e+01 2.711683529439562435e+01 2.691198199001506097e+01 2.634184416564707121e+01 nan
nan nan nan nan nan nan nan nan nan nan nan nan nan 1.339418388634482149e+01 1.398313167403712498e+01 1.507296278889618257e+01 1.616571549441999878e+01 1.744754429980703136e+01 1.974537778165980129e+01 2.205777382174870738e+01 2.369886118000623654e+01 2.348894098042805112e+01 2.057843344859955792e+01 2.068220369924052093e+01 2.198555057369248900e+01 2.267180839984385443e+01 2.230385322687130767e+01 nan
nan nan nan nan nan nan nan nan nan nan nan nan nan nan nan 1.715260795278540229e+01 1.767647994867697747e+01 1.870042306514417518e+01 2.039199911051167291e+01 2.246516121096907526e+01 2.531094595881289422e+01 2.284084771414996240e+01 1.711307163833525991e+01 1.503588990112131007e+01 1.656801085298794263e+01 1.820875639695262649e+01 1.924130779013892223e+01 nan
nan nan nan nan nan nan nan nan nan nan nan nan nan nan nan nan nan 1.869287622378623581e+01 1.930655944975795180e+01 2.028599495424775867e+01 2.219165102215777097e+01 1.885006550663806735e+01 8.577080503227307418e+00 9.776473577908353363e+00 1.226343990484472357e+01 1.501170338976480423e+01 1.652781162343029919e+01 nan
nan nan nan nan nan nan nan nan nan nan nan nan nan nan nan nan nan nan nan nan 5.869015730705588574e+00 nan nan 5.937692623211719756e+00 9.721603025323013014e+00 1.266864550836420023e+01 nan nan
