nan nan nan 0.000000000000000000e+00 0.000000000000000000e+00 0.000000000000000000e+00 nan nan nan nan nan nan nan nan nan nan nan nan nan nan nan nan nan nan nan nan nan nan
nan nan 0.000000000000000000e+00 0.000000000000000000e+00 0.000000000000000000e+00 0.000000000000000000e+00 0.000000000000000000e+00 nan nan nan nan nan nan nan nan nan nan nan nan nan nan nan nan nan nan nan nan nan
nan nan 0.000000000000000000e+00 0.000000000000000000e+00 0.000000000000000000e+00 0.000000000000000000e+00 0.000000000000000000e+00 0.000000000000000000e+00 nan nan nan nan nan nan nan nan nan nan nan nan nan nan nan nan nan nan nan nan
nan 0.000000000000000000e+00 0.000000000000000000e+00 0.000000000000000000e+00 0.000000000000000000e+00 0.000000000000000000e+00 0.000000000000000000e+00 0.000000000000000000e+00 2.884680032730102539e-01 nan nan nan nan nan nan nan nan nan nan nan nan nan nan nan nan nan nan nan
0.000000000000000000e+00 0.000000000000000000e+00 0.000000000000000000e+00 0.000000000000000000e+00 0.000000000000000000e+00 0.000000000000000000e+00 0.000000000000000000e+00 0.000000000000000000e+00 0.000000000000000000e+00 1.576806753873825073e-01 nan nan nan nan nan nan nan nan nan nan nan nan nan nan nan nan nan nan
0.000000000000000000e+00 0.000000000000000000e+00 0.000000000000000000e+00 0.000000000000000000e+00 0.000000000000000000e+00 0.000000000000000000e+00 0.000000000000000000e+00 0.000000000000000000e+00 3.381022761265436993e-01 nan nan nan nan nan nan nan nan nan nan nan nan nan nan nan nan nan nan nan
0.000000000000000000e+00 0.000000000000000000e+00 0.000000000000000000e+00 0.000000000000000000e+00 0.000000000000000000e+00 0.000000000000000000e+00 0.000000000000000000e+00 0.000000000000000000e+00 1.017030874888102288e+00 nan nan nan nan nan nan nan nan nan nan nan nan nan nan nan nan nan nan nan
0.000000000000000000e+00 0.000000000000000000e+00 0.000000000000000000e+00 0.000000000000000000e+00 0.000000000000000000e+00 0.000000000000000000e+00 0.000000000000000000e+00 0.000000000000000000e+00 9.966892202695211145e-01 nan nan nan nan nan nan nan nan nan nan nan nan nan nan nan nan nan nan nan
nan 0.000000000000000000e+00 0.000000000000000000e+00 0.000000000000000000e+00 0.000000000000000000e+00 0.000000000000000000e+00 0.000000000000000000e+00 0.000000000000000000e+00 1.254361748695373535e+00 4.856733083724975586e+00 nan nan nan nan nan nan nan nan nan nan nan nan nan nan nan nan nan nan
nan 0.000000000000000000e+00 0.000000000000000000e+00 0.000000000000000000e+00 0.000000000000000000e+00 0.000000000000000000e+00 0.000000000000000000e+00 0.000000000000000000e+00 7.079505721728006629e-01 4.147008419036865234e+00 nan nan nan nan nan nan nan nan nan nan nan nan nan nan nan nan nan nan
nan 0.000000000000000000e+00 0.000000000000000000e+00 0.000000000000000000e+00 0.000000000000000000e+00 0.000000000000000000e+00 0.000000000000000000e+00 0.000000000000000000e+00 6.639154752095540735e-01 3.354779640833536636e+00 nan nan nan nan nan nan nan nan nan nan nan nan nan nan nan nan nan nan
nan nan 0.000000000000000000e+00 0.000000000000000000e+00 0.000000000000000000e+00 0.000000000000000000e+00 0.000000000000000000e+00 0.000000000000000000e+00 1.870674649874369377e+00 2.271438161532083999e+00 nan nan nan nan nan nan nan nan nan nan nan nan nan nan nan nan nan nan
nan nan 0.000000000000000000e+00 0.000000000000000000e+00 nan 0.000000000000000000e+00 0.000000000000000000e+00 0.000000000000000000e+00 2.149086475372314453e+00 1.458450615406036377e+00 nan nan nan nan nan nan nan nan nan nan nan nan nan nan nan nan nan nan
nan nan nan nan nan nan 0.000000000000000000e+00 0.000000000000000000e+00 1.057261586189270020e+00 2.452270587285359849e+00 nan nan nan nan nan nan nan nan nan nan nan nan nan nan nan nan nan nan
nan nan nan nan nan 0.000000000000000000e+00 0.000000000000000000e+00 0.000000000000000000e+00 3.952401081720988141e-01 3.115547100702921401e+00 nan nan nan nan nan nan nan nan nan nan nan nan nan nan nan nan nan nan
nan nan nan nan nan 0.000000000000000000e+00 0.000000000000000000e+00 0.000000000000000000e+00 0.000000000000000000e+00 2.107448021570841323e+00 1.061206777890523201e+00 nan nan nan nan nan nan nan nan nan nan nan nan nan nan nan nan nan
nan nan nan nan nan 0.000000000000000000e+00 0.000000000000000000e+00 0.000000000000000000e+00 0.000000000000000000e+00 8.497497340043386194e-01 3.971257607142130386e+00 3.727428356806437026e+00 nan nan nan nan nan nan nan nan nan nan nan nan nan nan nan nan
nan nan nan nan 0.000000000000000000e+00 0.000000000000000000e+00 0.000000000000000000e+00 0.000000000000000000e+00 0.000000000000000000e+00 0.000000000000000000e+00 4.851198643445968628e-01 1.594738384087880378e+00 1.679309487342834473e+00 1.497826973597208733e+00 1.263693014780680413e+00 nan nan nan nan nan nan nan nan nan nan nan nan nan
nan nan nan nan nan 0.000000000000000000e+00 0.000000000000000000e+00 0.000000000000000000e+00 0.000000000000000000e+00 0.000000000000000000e+00 0.000000000000000000e+00 6.802315711975097656e-01 1.450182716051737541e+00 1.152756979068120247e+00 4.551357229550679340e-01 nan nan nan nan nan nan nan nan nan nan nan nan nan
nan nan nan nan nan nan 0.000000000000000000e+00 0.000000000000000000e+00 0.000000000000000000e+00 0.000000000000000000e+00 0.000000000000000000e+00 0.000000000000000000e+00 1.072575052579243904e+00 2.009542624155680191e+00 1.283177624146143669e+00 9.458585580190023157e-01 nan nan nan nan nan nan nan nan nan nan nan nan
nan nan nan nan nan nan nan 0.000000000000000000e+00 0.000000000000000000e+00 0.000000000000000000e+00 0.000000000000000000e+00 0.000000000000000000e+00 0.000000000000000000e+00 8.864858746528625488e-01 1.066860099633534675e+00 1.095589498678843254e+00 1.103253146012624031e+00 1.767682909965515137e+00 2.266160567601521958e+00 nan nan nan nan nan nan nan nan nan
nan nan nan nan nan nan nan 0.000000000000000000e+00 0.000000000000000000e+00 0.000000000000000000e+00 0.000000000000000000e+00 0.000000000000000000e+00 0.000000000000000000e+00 7.914187014102935791e-02 4.582354923089345111e-01 1.441483398278554207e+00 1.122522493203480964e+00 1.218922773996989006e+00 1.567763328552246094e+00 1.783295790354410881e+00 1.367274641990661621e+00 1.555924495061238533e+00 nan nan nan nan nan nan
nan nan nan nan nan nan nan nan 0.000000000000000000e+00 0.000000000000000000e+00 0.000000000000000000e+00 0.000000000000000000e+00 0.000000000000000000e+00 0.000000000000000000e+00 5.455050865809122490e-02 3.916834394137064801e-01 1.172702689965565925e+00 1.357763409614562988e+00 1.435593883196512932e+00 1.372606515884399414e+00 1.184931576251983643e+00 2.283829768498738755e+00 2.287711898485819351e+00 nan nan nan 2.748525460561116684e+00 nan
nan nan nan nan nan nan nan nan nan 0.000000000000000000e+00 0.000000000000000000e+00 0.000000000000000000e+00 0.000000000000000000e+00 0.000000000000000000e+00 0.000000000000000000e+00 0.000000000000000000e+00 5.060662130514780310e-01 1.103767752647399902e+00 1.216268539428710938e+00 1.335855205853780037e+00 1.180971125761667961e+00 9.335424602031707764e-01 1.032424956560134888e+00 7.304939826329549524e-01 nan nan 2.212362527847290039e+00 nan
nan nan nan nan nan nan nan nan nan nan 0.000000000000000000e+00 0.000000000000000000e+00 0.000000000000000000e+00 0.000000000000000000e+00 0.000000000000000000e+00 0.000000000000000000e+00 0.000000000000000000e+00 1.480054060618082590e-01 5.960300316413243982e-01 7.638193170229593543e-01 1.291012207667032952e+00 1.272387524445851570e+00 1.584495663642883301e+00 1.712869485219319587e+00 1.976619084676106697e+00 2.498011906941731919e+00 2.405587355295816909e+00 nan
nan nan nan nan nan nan nan nan nan nan nan nan 0.000000000000000000e+00 0.000000000000000000e+00 0.000000000000000000e+00 0.000000000000000000e+00 0.000000000000000000e+00 0.000000000000000000e+00 0.000000000000000000e+00 0.000000000000000000e+00 5.970480243364969519e-01 1.054456929365793938e+00 1.293455521265665764e+00 1.807729959487915039e+00 1.926350355148315430e+00 2.290839433670043945e+00 2.307350715001424302e+00 nan
nan nan nan nan nan nan nan nan nan nan nan nan nan 0.000000000000000000e+00 0.000000000000000000e+00 0.000000000000000000e+00 0.000000000000000000e+00 0.000000000000000000e+00 0.000000000000000000e+00 0.000000000000000000e+00 0.000000000000000000e+00 4.815879464149475098e-01 9.699524442354837683e-01 1.742474238077799553e+00 1.985277493794759041e+00 2.090216477711995591e+00 2.229531844456990708e+00 nan
nan nan nan nan nan nan nan nan nan nan nan nan nan nan nan 0.000000000000000000e+00 0.000000000000000000e+00 0.000000000000000000e+00 0.000000000000000000e+00 0.000000000000000000e+00 0.000000000000000000e+00 0.000000000000000000e+00 6.454905966917673377e-01 1.529337207476298088e+00 1.726242820421854729e+00 1.818611423174540276e+00 2.018080949783325195e+00 nan
nan nan nan nan nan nan nan nan nan nan nan nan nan nan nan nan nan 0.000000000000000000e+00 0.000000000000000000e+00 0.000000000000000000e+00 0.000000000000000000e+00 0.000000000000000000e+00 0.000000000000000000e+00 1.388136863708496094e+00 1.626781582832336426e+00 1.640887975692749023e+00 2.099306583404541016e+00 nan
nan nan nan nan nan nan nan nan nan nan nan nan nan nan nan nan nan nan nan nan 0.000000000000000000e+00 nan nan 1.088284214337666755e+00 1.990359425544738770e+00 1.865046302477518791e+00 nan nan
