nan nan nan 0.000000000000000000e+00 0.000000000000000000e+00 0.000000000000000000e+00 nan nan nan nan nan nan nan nan nan nan nan nan nan nan nan nan nan nan nan nan nan nan
nan nan 0.000000000000000000e+00 0.000000000000000000e+00 0.000000000000000000e+00 0.000000000000000000e+00 0.000000000000000000e+00 nan nan nan nan nan nan nan nan nan nan nan nan nan nan nan nan nan nan nan nan nan
nan nan 0.000000000000000000e+00 0.000000000000000000e+00 0.000000000000000000e+00 0.000000000000000000e+00 0.000000000000000000e+00 0.000000000000000000e+00 nan nan nan nan nan nan nan nan nan nan nan nan nan nan nan nan nan nan nan nan
nan 0.000000000000000000e+00 0.000000000000000000e+00 0.000000000000000000e+00 0.000000000000000000e+00 0.000000000000000000e+00 0.000000000000000000e+00 0.000000000000000000e+00 0.000000000000000000e+00 nan nan nan nan nan nan nan nan nan nan nan nan nan nan nan nan nan nan nan
0.000000000000000000e+00 0.000000000000000000e+00 0.000000000000000000e+00 0.000000000000000000e+00 0.000000000000000000e+00 0.000000000000000000e+00 0.000000000000000000e+00 0.000000000000000000e+00 0.000000000000000000e+00 0.000000000000000000e+00 nan nan nan nan nan nan nan nan nan nan nan nan nan nan nan nan nan nan
0.000000000000000000e+00 0.000000000000000000e+00 0.000000000000000000e+00 0.000000000000000000e+00 0.000000000000000000e+00 0.000000000000000000e+00 0.000000000000000000e+00 0.000000000000000000e+00 0.000000000000000000e+00 0.000000000000000000e+00 nan nan nan nan nan nan nan nan nan nan nan nan nan nan nan nan nan nan
0.000000000000000000e+00 0.000000000000000000e+00 0.000000000000000000e+00 0.000000000000000000e+00 0.000000000000000000e+00 0.000000000000000000e+00 0.000000000000000000e+00 0.000000000000000000e+00 0.000000000000000000e+00 nan nan nan nan nan nan nan nan nan nan nan nan nan nan nan nan nan nan nan
0.000000000000000000e+00 0.000000000000000000e+00 0.000000000000000000e+00 0.000000000000000000e+00 0.000000000000000000e+00 0.000000000000000000e+00 0.000000000000000000e+00 0.000000000000000000e+00 1.038062870502471924e-01 nan nan nan nan nan nan nan nan nan nan nan nan nan nan nan nan nan nan nan
nan 0.000000000000000000e+00 0.000000000000000000e+00 0.000000000000000000e+00 0.000000000000000000e+00 0.000000000000000000e+00 0.000000000000000000e+00 0.000000000000000000e+00 9.172129631042480469e-02 2.403492927551269531e-01 nan nan nan nan nan nan nan nan nan nan nan nan nan nan nan nan nan nan
nan 0.000000000000000000e+00 0.000000000000000000e+00 0.000000000000000000e+00 0.000000000000000000e+00 0.000000000000000000e+00 0.000000000000000000e+00 0.000000000000000000e+00 9.898280352354049683e-02 1.518260389566421509e+00 nan nan nan nan nan nan nan nan nan nan nan nan nan nan nan nan nan nan
nan 0.000000000000000000e+00 0.000000000000000000e+00 0.000000000000000000e+00 0.000000000000000000e+00 0.000000000000000000e+00 0.000000000000000000e+00 0.000000000000000000e+00 7.152445912361145020e-01 2.865991592407226562e-01 nan nan nan nan nan nan nan nan nan nan nan nan nan nan nan nan nan nan
nan nan 0.000000000000000000e+00 0.000000000000000000e+00 0.000000000000000000e+00 0.000000000000000000e+00 0.000000000000000000e+00 0.000000000000000000e+00 6.417171657085418701e-01 4.514209851622581482e-01 nan nan nan nan nan nan nan nan nan nan nan nan nan nan nan nan nan nan
nan nan 0.000000000000000000e+00 0.000000000000000000e+00 0.000000000000000000e+00 0.000000000000000000e+00 0.000000000000000000e+00 0.000000000000000000e+00 7.524741739034652710e-01 9.829698270186781883e-01 nan nan nan nan nan nan nan nan nan nan nan nan nan nan nan nan nan nan
nan nan nan nan nan nan 0.000000000000000000e+00 0.000000000000000000e+00 6.574357151985168457e-01 3.170875310897827148e-01 nan nan nan nan nan nan nan nan nan nan nan nan nan nan nan nan nan nan
nan nan nan nan nan 0.000000000000000000e+00 0.000000000000000000e+00 0.000000000000000000e+00 0.000000000000000000e+00 5.484627336263656616e-01 nan nan nan nan nan nan nan nan nan nan nan nan nan nan nan nan nan nan
nan nan nan nan nan 0.000000000000000000e+00 0.000000000000000000e+00 0.000000000000000000e+00 0.000000000000000000e+00 8.748892843723297119e-01 5.959176123142242432e-01 nan nan nan nan nan nan nan nan nan nan nan nan nan nan nan nan nan
nan nan nan nan nan 0.000000000000000000e+00 0.000000000000000000e+00 0.000000000000000000e+00 0.000000000000000000e+00 5.911773145198822021e-01 1.298942625522613525e+00 1.301709026098251343e+00 nan nan nan nan nan nan nan nan nan nan nan nan nan nan nan nan
nan nan nan nan 0.000000000000000000e+00 0.000000000000000000e+00 0.000000000000000000e+00 0.000000000000000000e+00 0.000000000000000000e+00 0.000000000000000000e+00 6.043561100959777832e-01 1.193951189517974854e+00 1.424636483192443848e+00 1.026942074298858643e+00 8.397836983203887939e-01 nan nan nan nan nan nan nan nan nan nan nan nan nan
nan nan nan nan nan 0.000000000000000000e+00 0.000000000000000000e+00 0.000000000000000000e+00 0.000000000000000000e+00 0.000000000000000000e+00 0.000000000000000000e+00 4.251318275928497314e-01 1.182280302047729492e+00 1.361322790384292603e+00 6.482723653316497803e-01 nan nan nan nan nan nan nan nan nan nan nan nan nan
nan nan nan nan nan nan 0.000000000000000000e+00 0.000000000000000000e+00 0.000000000000000000e+00 0.000000000000000000e+00 0.000000000000000000e+00 0.000000000000000000e+00 7.965152859687805176e-01 1.015376746654510498e+00 9.537762999534606934e-01 8.183497488498687744e-01 nan nan nan nan nan nan nan nan nan nan nan nan
nan nan nan nan nan nan nan 0.000000000000000000e+00 0.000000000000000000e+00 0.000000000000000000e+00 0.000000000000000000e+00 0.000000000000000000e+00 0.000000000000000000e+00 4.931620061397552490e-01 9.186027050018310547e-01 1.210827708244323730e+00 9.502613544464111328e-01 5.269655957818031311e-01 7.051725089550018311e-01 nan nan nan nan nan nan nan nan nan
nan nan nan nan nan nan nan 0.000000000000000000e+00 0.000000000000000000e+00 0.000000000000000000e+00 0.000000000000000000e+00 0.000000000000000000e+00 0.000000000000000000e+00 0.000000000000000000e+00 -7.267436385154724121e-02 5.354836136102676392e-01 8.474757373332977295e-01 8.553229272365570068e-01 1.371119767427444458e+00 9.381752908229827881e-01 9.300872385501861572e-01 5.748416483402252197e-01 nan nan nan nan nan nan
nan nan nan nan nan nan nan nan 0.000000000000000000e+00 0.000000000000000000e+00 0.000000000000000000e+00 0.000000000000000000e+00 0.000000000000000000e+00 0.000000000000000000e+00 0.000000000000000000e+00 0.000000000000000000e+00 8.707520663738250732e-01 1.091630697250366211e+00 1.083580374717712402e+00 1.446363866329193115e+00 1.048273712396621704e+00 8.476566374301910400e-01 8.013706207275390625e-01 nan nan nan 1.522043585777282715e+00 nan
nan nan nan nan nan nan nan nan nan 0.000000000000000000e+00 0.000000000000000000e+00 0.000000000000000000e+00 0.000000000000000000e+00 0.000000000000000000e+00 0.000000000000000000e+00 0.000000000000000000e+00 0.000000000000000000e+00 5.775340795516967773e-01 1.291963696479797363e+00 1.036285191774368286e+00 1.089790165424346924e+00 7.349771261215209961e-01 7.817027866840362549e-01 5.275922119617462158e-01 nan nan 1.497136294841766357e+00 nan
nan nan nan nan nan nan nan nan nan nan 0.000000000000000000e+00 0.000000000000000000e+00 0.000000000000000000e+00 0.000000000000000000e+00 0.000000000000000000e+00 0.000000000000000000e+00 0.000000000000000000e+00 9.798091650009155273e-02 5.491470694541931152e-01 6.688398420810699463e-01 9.039322733879089355e-01 1.059653490781784058e+00 1.133407860994338989e+00 9.291831851005554199e-01 1.093531847000122070e+00 1.425255239009857178e+00 1.638669312000274658e+00 nan
nan nan nan nan nan nan nan nan nan nan nan nan 0.000000000000000000e+00 0.000000000000000000e+00 0.000000000000000000e+00 0.000000000000000000e+00 0.000000000000000000e+00 0.000000000000000000e+00 0.000000000000000000e+00 2.773954868316650391e-01 7.886732816696166992e-01 1.204371631145477295e+00 1.251890957355499268e+00 1.181416690349578857e+00 1.144974529743194580e+00 1.089454650878906250e+00 1.635431110858917236e+00 nan
nan nan nan nan nan nan nan nan nan nan nan nan nan 0.000000000000000000e+00 0.000000000000000000e+00 0.000000000000000000e+00 0.000000000000000000e+00 0.000000000000000000e+00 0.000000000000000000e+00 0.000000000000000000e+00 0.000000000000000000e+00 6.308003067970275879e-01 6.912831664085388184e-01 1.406513750553131104e+00 1.538271784782409668e+00 1.662676811218261719e+00 1.502411067485809326e+00 nan
nan nan nan nan nan nan nan nan nan nan nan nan nan nan nan 0.000000000000000000e+00 0.000000000000000000e+00 0.000000000000000000e+00 0.000000000000000000e+00 0.000000000000000000e+00 0.000000000000000000e+00 0.000000000000000000e+00 1.586511135101318359e-01 1.100010335445404053e+00 1.690204322338104248e+00 1.401076734066009521e+00 1.575484633445739746e+00 nan
nan nan nan nan nan nan nan nan nan nan nan nan nan nan nan nan nan 0.000000000000000000e+00 0.000000000000000000e+00 0.000000000000000000e+00 0.000000000000000000e+00 0.000000000000000000e+00 0.000000000000000000e+00 1.047180667519569397e-01 1.217747420072555542e+00 1.423588454723358154e+00 1.411468446254730225e+00 nan
nan nan nan nan nan nan nan nan nan nan nan nan nan nan nan nan nan nan nan nan 0.000000000000000000e+00 nan nan 0.000000000000000000e+00 5.985934585332870483e-01 1.747708141803741455e+00 nan nan
