nan nan nan -1.426882207355463228e+00 -2.692979419833594346e+00 -4.590268151253493301e+00 nan nan nan nan nan nan nan nan nan nan nan nan nan nan nan nan nan nan nan nan nan nan
nan nan -8.619425745738756861e-01 -1.428031494939532964e+00 -2.533847903675211288e+00 -4.108841996453153733e+00 -6.068073885020010216e+00 nan nan nan nan nan nan nan nan nan nan nan nan nan nan nan nan nan nan nan nan nan
nan nan -1.033224928155233258e+00 -1.512853218892514784e+00 -2.440207197858401678e+00 -3.510877120647106775e+00 -5.365245924286213608e+00 -7.221316021698307885e+00 nan nan nan nan nan nan nan nan nan nan nan nan nan nan nan nan nan nan nan nan
nan -1.344131964641674282e+00 -1.512813274673694863e+00 -1.879822082707943709e+00 -2.573869365735280912e+00 -3.323576647629474135e+00 -4.501569074773767554e+00 -6.008160168522207023e+00 -6.123660534180713988e+00 nan nan nan nan nan nan nan nan nan nan nan nan nan nan nan nan nan nan nan
-1.509047401572372493e+00 -1.739341699881161496e+00 -1.944063485453392692e+00 -2.282892821449570953e+00 -2.716908638584139002e+00 -3.314471386478920589e+00 -3.833662598127736576e+00 -4.955357516204699664e+00 -5.254785141901931134e+00 -2.754607497348227074e+00 nan nan nan nan nan nan nan nan nan nan nan nan nan nan nan nan nan nan
-1.586851734908779399e+00 -1.857815294641475434e+00 -2.124731759260530595e+00 -2.394441995504295040e+00 -2.819189255804795735e+00 -3.338810120725077990e+00 -3.768971996383172485e+00 -4.801679900126845091e+00 -5.771615617325823955e+00 nan nan nan nan nan nan nan nan nan nan nan nan nan nan nan nan nan nan nan
-1.663055292263505791e+00 -1.876059152599369950e+00 -2.121663608484285479e+00 -2.502546517503927870e+00 -3.032571347009850982e+00 -3.464183365477227827e+00 -3.870305071753321613e+00 -4.881901322590873171e+00 -5.911461018419238655e+00 nan nan nan nan nan nan nan nan nan nan nan nan nan nan nan nan nan nan nan
-1.866507026208158448e+00 -1.946235940137929665e+00 -2.256819884901773321e+00 -2.619675208382868714e+00 -3.112619756470704768e+00 -3.699382025922177686e+00 -4.014404577723683865e+00 -4.947306980054591463e+00 -6.059570696102433374e+00 nan nan nan nan nan nan nan nan nan nan nan nan nan nan nan nan nan nan nan
nan -2.097023561418911441e+00 -2.484120501513106039e+00 -2.813408273516605274e+00 -3.215063805731065205e+00 -3.802402963964669258e+00 -4.219467831045366601e+00 -4.710943355950546696e+00 -5.041331960501639564e+00 -3.845733024649405252e+00 nan nan nan nan nan nan nan nan nan nan nan nan nan nan nan nan nan nan
nan -2.354042251562037613e+00 -2.621449947910864609e+00 -2.929297119296140561e+00 -3.333973134369957236e+00 -3.875810843485515189e+00 -4.570924359349374910e+00 -4.543348257689146408e+00 -4.066050935039249303e+00 -3.128372622109901968e+00 nan nan nan nan nan nan nan nan nan nan nan nan nan nan nan nan nan nan
nan -2.590258054973076707e+00 -2.812402224824114061e+00 -3.146888018203217285e+00 -3.476644225576349445e+00 -4.068611077443190283e+00 -4.948147806045944286e+00 -4.628028831545182520e+00 -3.837617504150559355e+00 -2.592989083726440658e+00 nan nan nan nan nan nan nan nan nan nan nan nan nan nan nan nan nan nan
nan nan -3.089910379204461321e+00 -3.547278242211173716e+00 -3.559500489462099626e+00 -4.127229397808139133e+00 -5.187857088181604404e+00 -4.985917717343551381e+00 -3.998146257937408965e+00 -1.913830257087048459e+00 nan nan nan nan nan nan nan nan nan nan nan nan nan nan nan nan nan nan
nan nan -2.474529633744072754e+00 -3.463070356426040775e+00 -3.632331614269981745e+00 nan -5.155373483637680110e+00 -5.652064246137972425e+00 -4.685010873667218689e+00 -2.420594797614576521e+00 nan nan nan nan nan nan nan nan nan nan nan nan nan nan nan nan nan nan
nan nan nan nan nan nan -5.147780409897623422e+00 -6.140538233797060208e+00 -5.956567426924281428e+00 -3.445382057164360745e+00 nan nan -1.293220107218659320e+00 nan nan nan nan nan nan nan nan nan nan nan nan nan nan nan
nan nan nan nan nan -4.579233206629136355e+00 -5.519078516561255476e+00 -6.498850374787430439e+00 -7.141374204404882242e+00 -5.807788692124901786e+00 nan nan nan nan nan nan nan nan nan nan nan nan nan nan nan nan nan nan
nan nan nan nan nan -4.549832515845500858e+00 -5.729815697068765701e+00 -6.616392487045466453e+00 -7.568858936932710613e+00 -8.329482602107965761e+00 -4.890942215033984297e+00 nan nan nan nan nan nan nan nan nan nan nan nan nan nan nan nan nan
nan nan nan nan nan -4.708882747142712155e+00 -5.723412488294761680e+00 -6.503003776347541454e+00 -7.172260216985423931e+00 -7.921931428527176244e+00 -7.797307756465083450e+00 -5.385580162259620884e+00 nan -2.087745039259775393e+00 nan nan nan nan nan nan nan nan nan nan nan nan nan nan
nan nan nan nan nan -4.614000985227126428e+00 -5.564498618194274826e+00 -6.291895359538458798e+00 -6.839885304825490842e+00 -7.054351320628885702e+00 -7.099594919501806878e+00 -6.993384917163115055e+00 -6.042589553947302683e+00 -4.232664067363395510e+00 -2.075477143302351557e+00 nan nan nan nan nan nan nan nan nan nan nan nan nan
nan nan nan nan nan -4.753765838432851609e+00 -5.321174629656439947e+00 -5.869851290439349611e+00 -6.498617314327426620e+00 -6.898245707305072472e+00 -6.813633276639284198e+00 -6.675020343631083541e+00 -6.694883986875201032e+00 -5.967757590380379895e+00 -4.774449770028867945e+00 -2.801793191174887010e+00 -1.556498872945800471e+00 nan nan nan nan nan nan nan nan nan nan nan
nan nan nan nan nan nan -4.883224108297683053e+00 -5.351491539977145884e+00 -6.017298932342245443e+00 -6.621738900301255448e+00 -6.742221900793636813e+00 -6.563962288581074667e+00 -6.538779334146987310e+00 -6.597805030975535168e+00 -6.250148210869163279e+00 -5.641392796176941893e+00 -3.955529689101615176e+00 -2.604276186109979907e+00 nan nan nan nan nan nan nan nan nan nan
nan nan nan nan nan nan nan -4.729565218476948552e+00 -5.194172766984821443e+00 -5.865864489463227471e+00 -6.232076424285698302e+00 -6.344498069681240970e+00 -6.394635241006128012e+00 -6.505197903244035018e+00 -6.676420598317432287e+00 -6.274156812306401321e+00 -5.616302082391352535e+00 -5.012701283060005508e+00 -3.567216922419392144e+00 nan nan -2.040467360204492042e+00 nan nan nan nan nan nan
nan nan nan nan nan nan nan -4.256650819449308010e+00 -4.544281969304403646e+00 -5.058763664133429039e+00 -5.422036498570125929e+00 -5.477413076518491408e+00 -5.672799900357136771e+00 -5.925657871027645740e+00 -6.348933903762268294e+00 -6.513089196106570000e+00 -5.932449839147139414e+00 -5.121021141241866026e+00 -4.478391823806716410e+00 -3.519981430795424249e+00 -2.384996077542158144e+00 -1.765902609415340052e+00 -1.628382358991459222e+00 nan nan nan nan nan
nan nan nan nan nan nan nan nan -4.187517591471666911e+00 -4.701778677989798538e+00 -5.083593785354483252e+00 -5.091393667411471036e+00 -5.278875967449697448e+00 -5.634369371050820696e+00 -5.949914669321299421e+00 -6.252133847179666581e+00 -6.324941719695157616e+00 -5.648219541391394038e+00 -4.812138341969531830e+00 -4.190987631294026627e+00 -3.461185540976940533e+00 -2.626883587221156446e+00 -1.662748903646779963e+00 -1.658143258865310443e+00 nan -6.195901008826889544e-01 -1.281892441080455969e+00 nan
nan nan nan nan nan nan nan nan nan -4.701356800435335437e+00 -5.066695248043497024e+00 -5.158384368873671910e+00 -5.262708733870437250e+00 -5.495143494271920837e+00 -5.873915864667115905e+00 -6.082158311637662962e+00 -6.440430696683637990e+00 -6.285325518437936410e+00 -5.606956960682819791e+00 -5.043813586998431298e+00 -4.461572406804174662e+00 -3.903724272566101217e+00 -3.295937650709133138e+00 -3.060845349520473491e+00 nan -1.118362705537093715e+00 -2.067781563747546958e+00 nan
nan nan nan nan nan nan nan nan nan nan -5.092001058699718641e+00 -5.276820546412374746e+00 -5.292940873784748312e+00 -5.228137272981913775e+00 -5.294466347675167661e+00 -5.500342900639341615e+00 -5.741969478455476228e+00 -6.255677382770009842e+00 -6.504526296049413681e+00 -6.373244624138650671e+00 -5.763178553106957480e+00 -5.056611983541290378e+00 -4.663202424712274308e+00 -4.355493599476063515e+00 -3.687221447922536921e+00 -2.726096865635985633e+00 -2.609649293526372649e+00 nan
nan nan nan nan nan nan nan nan nan nan nan nan -5.354176822652856771e+00 -5.321475962719378394e+00 -5.318972321834912087e+00 -5.277159529669602556e+00 -5.201713937608666072e+00 -5.350911492135023373e+00 -5.658777379980058697e+00 -6.263296016087540607e+00 -6.827702532008750325e+00 -6.248669890239541225e+00 -5.538450616743493704e+00 -4.751363910001184188e+00 -4.191153255953654622e+00 -3.436401364681449522e+00 -2.939917450950739752e+00 nan
nan nan nan nan nan nan nan nan nan nan nan nan nan -5.418508124085614774e+00 -5.322988579028023359e+00 -5.157109389549709100e+00 -5.032484070231308948e+00 -5.050451938327289447e+00 -5.233898884053867384e+00 -5.495374512930870203e+00 -6.066899613865312624e+00 -6.581049718294177175e+00 -6.436398376819364664e+00 -5.279202565436179384e+00 -4.441638692214011641e+00 -3.799606460008586595e+00 -3.236180780642852639e+00 nan
nan nan nan nan nan nan nan nan nan nan nan nan nan nan nan -4.979668217949726916e+00 -4.804055694779211017e+00 -4.697243906272528413e+00 -4.821661602023936233e+00 -4.911171142920515820e+00 -5.071617587239043878e+00 -5.607891270277431950e+00 -5.963233791595683897e+00 -5.440351202538657560e+00 -4.594941355409271289e+00 -3.789903733718123391e+00 -3.251511861033739681e+00 nan
nan nan nan nan nan nan nan nan nan nan nan nan nan nan nan nan nan -3.784335322815257197e+00 -3.738718885563392380e+00 -3.815337782691827329e+00 -3.884260605592698479e+00 -3.975598595506461663e+00 -3.855604302071140577e+00 -4.620832794262467402e+00 -4.246430068790025381e+00 -3.324437594885059966e+00 -2.727823523602378675e+00 nan
nan nan nan nan nan nan nan nan nan nan nan nan nan nan nan nan nan nan nan nan -1.911071946293078971e+00 nan nan -2.998382268794099303e+00 -3.420894118986916421e+00 -2.903558764990339824e+00 nan nan
