nan nan nan -1.793490276734819977e+00 -2.553849901815778978e+00 -3.592459186005326544e+00 nan nan nan nan nan nan nan nan nan nan nan nan nan nan nan nan nan nan nan nan nan nan
nan nan -1.541605487613555647e+00 -1.817801878858722908e+00 -2.407669960503335815e+00 -3.131110521872467078e+00 -4.649676659567536952e+00 nan nan nan nan nan nan nan nan nan nan nan nan nan nan nan nan nan nan nan nan nan
nan nan -1.481664001181798085e+00 -1.623440161817397476e+00 -2.104879859255436081e+00 -2.773977098341065428e+00 -3.757134569700515403e+00 -5.337880845605260660e+00 nan nan nan nan nan nan nan nan nan nan nan nan nan nan nan nan nan nan nan nan
nan -1.488129640555318600e+00 -1.586270733226548879e+00 -1.573304063070178005e+00 -1.900303671294858887e+00 -2.399186681328365545e+00 -3.100888784061782921e+00 -3.780822181519357450e+00 -3.695919164731135353e+00 nan nan nan nan nan nan nan nan nan nan nan nan nan nan nan nan nan nan nan
-1.476829660631753249e+00 -1.587725522877340367e+00 -1.691564553553812855e+00 -1.680662062648537791e+00 -1.840396351708348366e+00 -2.149298116836948491e+00 -2.628923566697996428e+00 -3.125041698600493412e+00 -2.828782782297280640e+00 -1.529486224265845795e+00 nan nan nan nan nan nan nan nan nan nan nan nan nan nan nan nan nan nan
-1.587600045519999448e+00 -1.774836415747037321e+00 -1.912560134114024590e+00 -1.940575625890039291e+00 -2.110849639735804306e+00 -2.266821339129604151e+00 -2.633907181443022161e+00 -2.946658784269045483e+00 -2.838368240381502261e+00 nan nan nan nan nan nan nan nan nan nan nan nan nan nan nan nan nan nan nan
-1.793382989144548745e+00 -1.978464461055602808e+00 -2.140878088006745728e+00 -2.275938081146134273e+00 -2.495657676778905376e+00 -2.541113928824305201e+00 -2.752701956285123153e+00 -2.999415126696947542e+00 -2.749174651117670010e+00 nan nan nan nan nan nan nan nan nan nan nan nan nan nan nan nan nan nan nan
-2.040271005369701740e+00 -2.183751042741768789e+00 -2.419406029726065110e+00 -2.596657440085895718e+00 -2.801470182525434005e+00 -2.883954543448153718e+00 -2.972024539028705448e+00 -2.994288223708978514e+00 -2.651997868617752108e+00 nan nan nan nan nan nan nan nan nan nan nan nan nan nan nan nan nan nan nan
nan -2.523474883119356527e+00 -2.783254120145190580e+00 -2.927619668541660669e+00 -3.113457511841803083e+00 -3.301649969895638748e+00 -3.337416305684760776e+00 -2.967495953665264086e+00 -2.360171745417706024e+00 -1.203158711920977231e+00 nan nan nan nan nan nan nan nan nan nan nan nan nan nan nan nan nan nan
nan -2.843097146606253567e+00 -3.009233282311637225e+00 -3.218330477319927052e+00 -3.495488944372812767e+00 -3.731418038153431205e+00 -3.745108949486279926e+00 -2.983086089315428069e+00 -1.875568373644110221e+00 -8.732344248621820570e-01 nan nan nan nan nan nan nan nan nan nan nan nan nan nan nan nan nan nan
nan -2.982199919025608992e+00 -3.185207231398834438e+00 -3.394451036700005808e+00 -3.709346798290703795e+00 -4.024531331806646683e+00 -4.002065611021153657e+00 -3.023367904960155172e+00 -1.998968709272477051e+00 -1.002868795359050491e+00 nan nan nan nan nan nan nan nan nan nan nan nan nan nan nan nan nan nan
nan nan -3.135506907732202198e+00 -3.371961025131400280e+00 -3.335954152369110304e+00 -4.082404334419506675e+00 -4.150605508768413721e+00 -3.126710216596701564e+00 -2.144477967874405699e+00 -3.516898790637612571e-01 nan nan nan nan nan nan nan nan nan nan nan nan nan nan nan nan nan nan
nan nan -1.773762758985949928e+00 -3.130192117325297119e+00 -2.951296611761857314e+00 nan -3.902832740997206784e+00 -3.239195380517534861e+00 -2.322305466272527319e+00 -3.964264814673962856e-01 nan nan nan nan nan nan nan nan nan nan nan nan nan nan nan nan nan nan
nan nan nan nan nan nan -3.469976144738051715e+00 -3.490974657544827942e+00 -2.881236528451013967e+00 -5.998207345693394865e-01 nan nan 2.711501279217070071e-01 nan nan nan nan nan nan nan nan nan nan nan nan nan nan nan
nan nan nan nan nan -3.428135756299389936e+00 -3.587735228565900325e+00 -4.009554528714949662e+00 -3.835575816595783394e+00 -2.332565895795700062e+00 nan nan nan nan nan nan nan nan nan nan nan nan nan nan nan nan nan nan
nan nan nan nan nan -2.871465389898403497e+00 -3.476321462438878296e+00 -4.037785160249333316e+00 -4.544077630983393234e+00 -4.723797916843606615e+00 -2.523200684129511373e+00 nan nan nan nan nan nan nan nan nan nan nan nan nan nan nan nan nan
nan nan nan nan nan -2.757398858125011731e+00 -3.181682471830166836e+00 -3.755678208753550074e+00 -4.256855333876178982e+00 -4.673074412392077548e+00 -4.538252765598612903e+00 -3.662690146075165298e+00 nan -1.157952314326903487e+00 nan nan nan nan nan nan nan nan nan nan nan nan nan nan
nan nan nan nan nan -2.674017762296303946e+00 -3.128389069827429925e+00 -3.476993012752037426e+00 -3.701293124051495020e+00 -3.982707785922537713e+00 -4.281499919363954909e+00 -4.453327998716616776e+00 -3.902715735869914493e+00 -2.397911060763343372e+00 -4.661034985103553185e-01 nan nan nan nan nan nan nan nan nan nan nan nan nan
nan nan nan nan nan -2.916571232646142153e+00 -3.064166219833851734e+00 -3.241936463266464674e+00 -3.389626316763814096e+00 -3.508675668221987287e+00 -3.778564506328115247e+00 -4.099838620549679291e+00 -4.350660477414723282e+00 -3.870366961902760750e+00 -2.652453255688475231e+00 -1.813392746742257922e+00 -8.732333410199881740e-01 nan nan nan nan nan nan nan nan nan nan nan
nan nan nan nan nan nan -2.963484256638558634e+00 -3.091738015159720021e+00 -3.182992848243497264e+00 -3.212946164847690689e+00 -3.323762636157388428e+00 -3.569543856133158055e+00 -4.183582159518412169e+00 -4.419010149486476635e+00 -3.977623569056998765e+00 -2.997221755050987646e+00 -1.737715827127609414e+00 -1.153252300916461470e+00 nan nan nan nan nan nan nan nan nan nan
nan nan nan nan nan nan nan -3.078725401203588952e+00 -3.077548357174828997e+00 -2.952917156969714352e+00 -2.967030708994936372e+00 -3.053879053363972140e+00 -3.562724288282867580e+00 -4.249007810982235789e+00 -4.357010417526776536e+00 -4.019793451298862230e+00 -3.148771465166089190e+00 -2.521855356490641409e+00 -1.881493619429914776e+00 nan nan -1.124170584860345601e+00 nan nan nan nan nan nan
nan nan nan nan nan nan nan -2.703042610949303537e+00 -2.828836349854134014e+00 -2.798012005844292105e+00 -2.634142136899401354e+00 -2.695162952212477592e+00 -2.849358699678580464e+00 -3.363344625594694826e+00 -4.047167035603107088e+00 -4.153419185367193123e+00 -3.837374872507584467e+00 -2.938225764763901182e+00 -2.531715573439660361e+00 -2.140062395435451403e+00 -1.612945655833096570e+00 -1.179679877910814412e+00 -6.731516207052077316e-01 nan nan nan nan nan
nan nan nan nan nan nan nan nan -2.397081622458031802e+00 -2.563790005239614533e+00 -2.392208859463570203e+00 -2.320134904625620109e+00 -2.254298053697165294e+00 -2.528672327339661408e+00 -3.143396197375902812e+00 -3.776251931066359813e+00 -4.004627639438221642e+00 -3.480354296644526446e+00 -2.804105196761821794e+00 -2.443645293118452244e+00 -2.117685351114146464e+00 -1.844164388786748932e+00 -1.196118328120653773e+00 -2.127995348667255648e-01 nan 3.865972423370050981e-01 6.149636315809124953e-01 nan
nan nan nan nan nan nan nan nan nan -2.476519614856326434e+00 -2.447482163522259668e+00 -2.231775267865590884e+00 -2.073182986541667994e+00 -2.000329117460151629e+00 -2.263295327014205327e+00 -2.695109985824964305e+00 -3.274653554872415384e+00 -3.369663284977064244e+00 -2.985507904416798475e+00 -2.720003977541226359e+00 -2.366040791570687141e+00 -2.072970825612282741e+00 -1.717510998797358690e+00 -1.331698126944660387e+00 nan 1.133302074449572983e+00 1.373144128966841571e+00 nan
nan nan nan nan nan nan nan nan nan nan -2.626854946520689627e+00 -2.518983319279344713e+00 -2.256564167189486270e+00 -2.048032056714862215e+00 -1.930899434559904648e+00 -1.978411792261825397e+00 -2.102457851410927780e+00 -2.394315629682655544e+00 -2.326498383915918122e+00 -2.197765179901308930e+00 -2.196737073471903834e+00 -2.125468112487725936e+00 -2.062719808261133103e+00 -1.533249165479176446e+00 -4.810640775388214108e-01 9.826847536182696796e-01 1.669339598500434008e+00 nan
nan nan nan nan nan nan nan nan nan nan nan nan -2.345746908429413580e+00 -2.022662713142080015e+00 -1.702888421011908626e+00 -1.566598157927485246e+00 -1.562882358703340691e+00 -1.560540420457921185e+00 -1.640952607231349836e+00 -1.654713152224626338e+00 -1.712031882764284640e+00 -1.551656865749647896e+00 -1.512292076124266860e+00 -1.242245164269758950e+00 -4.241659092842233747e-01 6.223707197747463393e-01 1.343944932877244813e+00 nan
nan nan nan nan nan nan nan nan nan nan nan nan nan -1.675445895389923168e+00 -1.389147488705753775e+00 -1.168579130192341164e+00 -1.025311383875108895e+00 -9.429805546701339747e-01 -7.733897331691426125e-01 -6.727211783719009297e-01 -6.734252317407263266e-01 -7.677945064477517123e-01 -6.348581400407308228e-01 -6.161276031092330907e-01 -3.804801654431627655e-01 2.556874176542776045e-01 9.312830821872625231e-01 nan
nan nan nan nan nan nan nan nan nan nan nan nan nan nan nan -6.155148626571176340e-01 -3.491574984429274831e-01 -1.955706039271051799e-02 3.770961316480146985e-01 6.999104735964283286e-01 7.314182857788347203e-01 1.834418984468098035e-01 -2.303835351467848902e-01 -2.959810332750579254e-01 -2.127534993011940267e-01 2.208952201164725571e-01 6.250636497613546450e-01 nan
nan nan nan nan nan nan nan nan nan nan nan nan nan nan nan nan nan 7.691877359145586901e-01 1.382978727538783481e+00 1.901606318001010321e+00 1.978997638851745844e+00 1.695066334983649003e+00 1.487991065620453413e-01 -5.908869416757747128e-01 -1.070691267976851824e-01 2.721653710112955649e-01 6.480034327436794417e-01 nan
nan nan nan nan nan nan nan nan nan nan nan nan nan nan nan nan nan nan nan nan 7.514353424858348784e-01 nan nan 5.993464212641158584e-01 6.303252486762296325e-01 5.125798654821672740e-01 nan nan
