nan nan nan 2.160202499876544113e+00 1.042727869655531991e+00 -3.588471816444521179e-01 nan nan nan nan nan nan nan nan nan nan nan nan nan nan nan nan nan nan nan nan nan nan
nan nan 2.838640684220112842e+00 2.299001252842153953e+00 1.120173356412985211e+00 -1.232808034735147773e-01 -1.854353307848205290e+00 nan nan nan nan nan nan nan nan nan nan nan nan nan nan nan nan nan nan nan nan nan
nan nan 3.339202194174828442e+00 2.363527300824905364e+00 1.453629382577569906e+00 3.651214052758435663e-02 -1.960611308276511089e+00 -4.103409806813274052e+00 nan nan nan nan nan nan nan nan nan nan nan nan nan nan nan nan nan nan nan nan
nan 5.110505775682289809e+00 4.375714006774932052e+00 3.039675500353589577e+00 1.844702499613015023e+00 2.983156965337003808e-01 -1.390144319167276654e+00 -2.882668177299927414e+00 -3.745545815307907311e+00 nan nan nan nan nan nan nan nan nan nan nan nan nan nan nan nan nan nan nan
6.255670486931208529e+00 5.956557417625626627e+00 5.241790611492221252e+00 4.483883657550645552e+00 3.295311160675148621e+00 1.607378552038085662e+00 -4.923875423356566250e-02 -1.881323144035443207e+00 -3.072879657232105988e+00 -3.244267820579617823e+00 nan nan nan nan nan nan nan nan nan nan nan nan nan nan nan nan nan nan
6.873941619697213845e+00 6.705256921209434395e+00 6.029881587963619616e+00 5.454740903001438213e+00 4.555912866878003342e+00 3.171623004178520056e+00 1.118244598605548257e+00 -1.286593123578475772e+00 -4.150179606580714164e+00 nan nan nan nan nan nan nan nan nan nan nan nan nan nan nan nan nan nan nan
7.276653019467856254e+00 7.046624494077426526e+00 6.408568018735498306e+00 5.877931505995980466e+00 5.270500212616578750e+00 3.905455698124812081e+00 1.933571375966447459e+00 -8.155228303170420912e-01 -5.596877189491450189e+00 nan nan nan nan nan nan nan nan nan nan nan nan nan nan nan nan nan nan nan
7.620945019093350759e+00 7.506587870637944526e+00 7.020570377243153359e+00 6.556400529253132881e+00 5.942458499594892807e+00 4.688877322422341010e+00 2.744412074767160536e+00 -2.972929856849163555e-01 -6.275964744944474205e+00 nan nan nan nan nan nan nan nan nan nan nan nan nan nan nan nan nan nan nan
nan 7.815643981048461697e+00 7.526025854471821042e+00 7.097808741993460124e+00 6.607045609890893623e+00 5.504102356321038947e+00 3.570145633931422147e+00 4.173348023959401742e-01 -3.816850833849967817e+00 -7.122176387601151681e+00 nan nan nan nan nan nan nan nan nan nan nan nan nan nan nan nan nan nan
nan 7.896648477673132049e+00 7.661604411136172743e+00 7.332964706365284080e+00 6.982480415113481165e+00 5.982780243334223869e+00 4.104919144444662216e+00 1.526489634201855905e+00 -2.162985467143921259e+00 -4.235062610096831826e+00 nan nan nan nan nan nan nan nan nan nan nan nan nan nan nan nan nan nan
nan 7.762110045139169578e+00 7.611287593127050499e+00 7.357092816384746214e+00 6.966067579773012497e+00 5.949457305024019149e+00 4.585936512171337576e+00 1.495253189805805460e+00 -1.717986274942996383e+00 -3.526773574750400986e+00 nan nan nan nan nan nan nan nan nan nan nan nan nan nan nan nan nan nan
nan nan 7.356921735286762853e+00 7.303002891938337626e+00 6.627610209958023191e+00 5.679218888017745215e+00 4.627168181748825049e+00 1.154880111988247693e+00 -2.091314689130556737e+00 -3.113634618239362606e+00 nan nan nan nan nan nan nan nan nan nan nan nan nan nan nan nan nan nan
nan nan 5.662007282486210435e+00 5.992109592869203638e+00 5.276062403191558836e+00 nan 4.076673423208363900e+00 8.134541058995050644e-01 -2.448237284478308240e+00 -3.261174405577090152e+00 nan nan nan nan nan nan nan nan nan nan nan nan nan nan nan nan nan nan
nan nan nan nan nan nan 2.841694112169853348e+00 2.890894192357612580e-01 -2.647413213346659244e+00 -3.186888479383178208e+00 nan nan -1.966183629116449838e+00 nan nan nan nan nan nan nan nan nan nan nan nan nan nan nan
nan nan nan nan nan 4.288117692323558217e+00 2.971141418022094971e+00 5.312999883856713706e-02 -3.090079846933518670e+00 -3.908440906484869970e+00 nan nan nan nan nan nan nan nan nan nan nan nan nan nan nan nan nan nan
nan nan nan nan nan 3.028199742912466075e+00 2.622160952748844753e+00 2.967363257321750658e-01 -3.205396456356394363e+00 -5.375094974556540173e+00 -3.794912829075756999e+00 nan nan nan nan nan nan nan nan nan nan nan nan nan nan nan nan nan
nan nan nan nan nan 3.168875329377633054e+00 2.708975344417640763e+00 1.077030388737331812e+00 -1.587381947845691199e+00 -4.328647206800220637e+00 -5.398464176116147151e+00 -4.333158600404075855e+00 nan -1.533134630425009748e+00 nan nan nan nan nan nan nan nan nan nan nan nan nan nan
nan nan nan nan nan 4.273731562512105953e+00 3.694940702691313472e+00 2.503753753401150917e+00 1.074356018175022465e+00 -1.205630068563110502e+00 -3.415343417176981866e+00 -4.799527499160606503e+00 -5.254657244311919939e+00 -4.128222084088824850e+00 -1.601288428695442523e+00 nan nan nan nan nan nan nan nan nan nan nan nan nan
nan nan nan nan nan 5.776158633096289741e+00 4.783106314073914511e+00 3.823026181333458506e+00 3.053005940992701284e+00 1.585883018709713488e+00 -3.534635594519728308e-01 -2.067630396804604587e+00 -3.905258044448447041e+00 -5.293136259264072940e+00 -5.037296456367784891e+00 -3.553140533729004513e+00 -1.789985760621629618e+00 nan nan nan nan nan nan nan nan nan nan nan
nan nan nan nan nan nan 5.623310868147388675e+00 4.861508725100281758e+00 4.217434770633909480e+00 3.150157761370572906e+00 1.623790256806508570e+00 1.958176732014376697e-01 -1.169409259123451950e+00 -3.323392518060190870e+00 -5.443039632366042824e+00 -5.562304076787896179e+00 -4.331454209657461085e+00 -3.019371792706958768e+00 nan nan nan nan nan nan nan nan nan nan
nan nan nan nan nan nan nan 5.651082811699351005e+00 5.038419041199136750e+00 4.156737619954427920e+00 2.795540461971803392e+00 1.557137527513908992e+00 8.405106340388140973e-02 -1.333095656285435693e+00 -3.200935630714753621e+00 -4.552586653509848702e+00 -4.947900633885570443e+00 -4.630425562168049680e+00 -4.060208114846146188e+00 nan nan -3.642560486153028965e+00 nan nan nan nan nan nan
nan nan nan nan nan nan nan 6.263222136023380848e+00 5.768045384529503217e+00 4.964852318795611730e+00 3.956169974045351978e+00 2.518348445758688214e+00 1.102170042268759476e+00 1.021510064123692663e-01 -9.574473796291431693e-01 -2.624309960402495534e+00 -3.761618491732189096e+00 -3.884437262727148177e+00 -3.801103953597543050e+00 -3.773630028831633343e+00 -3.833048845835753227e+00 -4.170789129471910606e+00 -3.095591479310102478e+00 nan nan nan nan nan
nan nan nan nan nan nan nan nan 6.355190209660525724e+00 5.623082730947991159e+00 4.915835856950970140e+00 3.649559704594200760e+00 2.265827639837323382e+00 1.262705034890506672e+00 4.175306909171528913e-01 -4.696475667153949818e-01 -1.583489370721057554e+00 -2.252515865091224700e+00 -2.375801365029257983e+00 -2.595311601309283844e+00 -2.957940415844928062e+00 -3.896180605270247455e+00 -4.526160386346758102e+00 -3.098500328998242015e+00 nan -1.750628667459788845e+00 -3.142821904072786054e+00 nan
nan nan nan nan nan nan nan nan nan 6.067550531247484003e+00 5.336912518622100698e+00 4.558320984251340136e+00 3.431936727850791957e+00 2.193333857978065016e+00 1.344292222404109172e+00 7.249229467376241409e-01 1.495535386284999047e-01 -4.193888108868017439e-01 -8.562555546120312888e-01 -1.107164971896479111e+00 -1.427824629448873450e+00 -2.502096754051168048e+00 -4.141809421813401393e+00 -4.868035040054948581e+00 nan -1.842759835419219616e+00 -2.343466290446443168e+00 nan
nan nan nan nan nan nan nan nan nan nan 5.622529225786649043e+00 5.058521026313763436e+00 4.336974125313330042e+00 3.257122027320027424e+00 2.178387385852358804e+00 1.433892063584552012e+00 9.421693850951868843e-01 5.455724821155020221e-01 4.863582163864567376e-02 -2.477902960812969624e-01 -6.355896949065891199e-01 -1.354871751768675026e+00 -2.571274582609637260e+00 -3.404702010688622771e+00 -3.308867571719701584e+00 -2.144829044231171711e+00 -1.803548422624819514e+00 nan
nan nan nan nan nan nan nan nan nan nan nan nan 4.704057406353635784e+00 3.962153313529390264e+00 3.097797760777412535e+00 2.110086871029952960e+00 1.453986117614168627e+00 1.052843708954234847e+00 7.631677967512165983e-01 5.238518125867723807e-01 4.461158406607293458e-02 -5.925567833505340776e-01 -1.418343530573654920e+00 -2.167788826000569546e+00 -2.180548233323429397e+00 -1.722938879566620063e+00 -1.362009174165681236e+00 nan
nan nan nan nan nan nan nan nan nan nan nan nan nan 4.272490909147912852e+00 3.727838272160724831e+00 3.017988967952298651e+00 2.119780350649518752e+00 1.578192048415883342e+00 1.258494330117806426e+00 1.036383420914578579e+00 5.618363649591781028e-01 -8.924723041236469478e-02 -6.688585759339604753e-01 -1.504028610088686824e+00 -1.654707844602948619e+00 -1.384207303466539418e+00 -1.048770803716253308e+00 nan
nan nan nan nan nan nan nan nan nan nan nan nan nan nan nan 3.732863681671686251e+00 3.234492670322342445e+00 2.417386353632881235e+00 1.960926061406871979e+00 1.530960025356681964e+00 1.066731678118495008e+00 4.823220100984372816e-01 -3.339584363154810692e-02 -1.178409646246656672e+00 -1.183286887854293479e+00 -1.186925181207569624e+00 -1.023839259124044387e+00 nan
nan nan nan nan nan nan nan nan nan nan nan nan nan nan nan nan nan 3.300189018264084950e+00 2.755572415664405028e+00 2.212898361033656780e+00 1.923169764502185242e+00 1.522107479483504333e+00 6.523825969260542701e-01 -9.348987869547715768e-01 -1.173489774047465461e+00 -1.354896994679287037e+00 -1.222927954537311290e+00 nan
nan nan nan nan nan nan nan nan nan nan nan nan nan nan nan nan nan nan nan nan 9.620880619128603373e-01 nan nan -7.052454413815792966e-01 -1.347596631860164651e+00 -1.564020002455350111e+00 nan nan
