nan nan nan -1.918602460352583527e+00 -2.084559502346319260e+00 -2.522954706148480497e+00 nan nan nan nan nan nan nan nan nan nan nan nan nan nan nan nan nan nan nan nan nan nan
nan nan -1.772158492858650680e+00 -1.964082419975044624e+00 -2.212696630659042540e+00 -2.502599192113805326e+00 -2.827023174081982226e+00 nan nan nan nan nan nan nan nan nan nan nan nan nan nan nan nan nan nan nan nan nan
nan nan -1.607551752244373633e+00 -1.960800147811862182e+00 -2.188303298881012715e+00 -2.502167146139985032e+00 -2.632971297468986283e+00 -2.847229328904735013e+00 nan nan nan nan nan nan nan nan nan nan nan nan nan nan nan nan nan nan nan nan
nan -1.527892657910948415e+00 -1.618278635928326992e+00 -1.842215124092663414e+00 -2.081603579109115199e+00 -2.476722551689136687e+00 -2.785831050360871419e+00 -2.262905057118687502e+00 -1.282290256386051208e+00 nan nan nan nan nan nan nan nan nan nan nan nan nan nan nan nan nan nan nan
-1.704065047549388590e+00 -1.650279826612279122e+00 -1.792231008500942524e+00 -1.971106646840445453e+00 -2.145762784109480403e+00 -2.444469786311241677e+00 -2.768981267006740410e+00 -2.487628858813314636e+00 -1.337340067671011212e+00 -5.113653903698848202e-01 nan nan nan nan nan nan nan nan nan nan nan nan nan nan nan nan nan nan
-1.748497095797687306e+00 -1.763349118794464099e+00 -1.867694695557830187e+00 -2.058556201849912171e+00 -2.228942127862558742e+00 -2.399365906464566045e+00 -2.788820693488607727e+00 -2.826648302376804089e+00 -2.020280548669219467e+00 nan nan nan nan nan nan nan nan nan nan nan nan nan nan nan nan nan nan nan
-1.692882299589719031e+00 -1.792642225920971111e+00 -1.886424151006672378e+00 -2.051228737636074051e+00 -2.238915864552990520e+00 -2.502337090559415334e+00 -2.816637474557398324e+00 -3.156676942486910331e+00 -2.181755728920042436e+00 nan nan nan nan nan nan nan nan nan nan nan nan nan nan nan nan nan nan nan
-1.601677631665836321e+00 -1.671056927276133308e+00 -1.861416247795220524e+00 -2.012310381785755276e+00 -2.176926535302364130e+00 -2.492234078424688803e+00 -2.817122541202593311e+00 -3.158256836278903634e+00 -2.592845671484214520e+00 nan nan nan nan nan nan nan nan nan nan nan nan nan nan nan nan nan nan nan
nan -1.533935796021439257e+00 -1.830267324303571641e+00 -2.033792334276591340e+00 -2.254460451310436042e+00 -2.561162784458792974e+00 -2.752799110439175578e+00 -2.796388304173526684e+00 -2.723475084056251383e+00 -8.307159506770839252e-01 nan nan nan nan nan nan nan nan nan nan nan nan nan nan nan nan nan nan
nan -1.376955644067369366e+00 -1.676589609659153268e+00 -1.947104696318643580e+00 -2.380511254748445715e+00 -2.765230781453047459e+00 -2.866180000661803451e+00 -2.568944960020135060e+00 -2.188450985716174912e+00 -7.531435974109850218e-01 nan nan nan nan nan nan nan nan nan nan nan nan nan nan nan nan nan nan
nan -1.059642237884607541e+00 -1.465390283873291732e+00 -1.768698210871935572e+00 -2.415572579805882469e+00 -2.939241688159501820e+00 -3.119180525034612295e+00 -2.516718333016735532e+00 -2.062129790484628522e+00 -9.889671979983276628e-01 nan nan nan nan nan nan nan nan nan nan nan nan nan nan nan nan nan nan
nan nan -1.135892975304255703e+00 -1.583946266191640806e+00 -2.045432959768132442e+00 -2.981869533213853174e+00 -3.261421452039483526e+00 -2.523121186145341532e+00 -1.879454121637649688e+00 3.667500700297951499e-02 nan nan nan nan nan nan nan nan nan nan nan nan nan nan nan nan nan nan
nan nan 1.486164677617205498e-01 -1.539185695198271420e+00 -1.753356450123088273e+00 nan -2.971485579566292667e+00 -2.509504522160050488e+00 -1.790640423014803861e+00 3.230971560030619916e-01 nan nan nan nan nan nan nan nan nan nan nan nan nan nan nan nan nan nan
nan nan nan nan nan nan -2.018341524791273489e+00 -2.357312372599455585e+00 -2.073658782923800459e+00 4.684214378599265149e-01 nan nan 8.947099194391577859e-01 nan nan nan nan nan nan nan nan nan nan nan nan nan nan nan
nan nan nan nan nan -2.641092082925362572e+00 -1.901231610116999482e+00 -2.238906261755236660e+00 -2.317110738443242557e+00 -9.329304704200498399e-01 nan nan nan nan nan nan nan nan nan nan nan nan nan nan nan nan nan nan
nan nan nan nan nan -1.909164243789703175e+00 -1.910756932041167921e+00 -2.048258857776032116e+00 -2.218681102323535992e+00 -1.832533308255107629e+00 -3.541385124209945889e-01 nan nan nan nan nan nan nan nan nan nan nan nan nan nan nan nan nan
nan nan nan nan nan -1.818223247291055999e+00 -1.696464597490410231e+00 -1.708674103187481919e+00 -1.710598915748720694e+00 -1.418493516996047532e+00 -6.387800650768710176e-01 -8.081010226260467721e-01 nan -8.641907102309698274e-01 nan nan nan nan nan nan nan nan nan nan nan nan nan nan
nan nan nan nan nan -1.062339132347147830e+00 -1.202998402292885682e+00 -1.195073933095069041e+00 -1.099649752775213152e+00 -7.744227844588830179e-01 -4.281418021885887715e-01 -9.330591478671990124e-02 -8.360435048770487043e-03 1.677667206017809942e-01 1.528779045007634674e-01 nan nan nan nan nan nan nan nan nan nan nan nan nan
nan nan nan nan nan -5.912658100157021090e-01 -7.127043624119715481e-01 -8.068889560819095808e-01 -6.359072838892942947e-01 -3.934702294126182220e-01 -2.301340733847591080e-01 -2.106379904621875632e-01 2.185764477231066927e-03 3.991568688297645329e-01 7.031890878489125418e-01 -8.570859836719005864e-01 -6.817234772983857827e-01 nan nan nan nan nan nan nan nan nan nan nan
nan nan nan nan nan nan -4.767154345636233082e-01 -5.740906857924165108e-01 -5.243459074662442099e-01 -3.364723889423134606e-01 -1.464853714484370961e-01 -2.199902691900927909e-01 -3.758214685451198855e-01 -1.387353417807436484e-01 5.162769711149943763e-01 1.160919830065819003e+00 1.403599209516696034e+00 5.326567695374789801e-01 nan nan nan nan nan nan nan nan nan nan
nan nan nan nan nan nan nan -5.779246156598942807e-01 -5.774703764727077138e-01 -4.172690469819827497e-01 -3.513057907859308271e-01 -3.636781988024748724e-01 -5.666580584050079361e-01 -6.031697764801575712e-01 -2.568769407973278129e-01 2.922078592476389791e-01 8.119495533669186527e-01 1.004883036686271325e+00 1.050581243555902766e+00 nan nan -7.715572887359083420e-01 nan nan nan nan nan nan
nan nan nan nan nan nan nan -7.195592205794001384e-01 -8.115934024774762445e-01 -7.026373443332296631e-01 -5.317308255350623458e-01 -6.454547439773798967e-01 -6.628872976434256881e-01 -7.620660206391827174e-01 -8.323744462696531787e-01 -4.989733179204327573e-01 5.487133814561218070e-02 4.969907364794836635e-01 7.693243819390017668e-01 1.127853832352714525e+00 1.574140860438753453e+00 1.301890676659804180e+00 4.861169684860146556e-01 nan nan nan nan nan
nan nan nan nan nan nan nan nan -1.048262590468883371e+00 -1.008514957411189572e+00 -7.900505569263053252e-01 -8.616083136736137904e-01 -8.761124114947083097e-01 -9.346768895260074705e-01 -9.951884245341497959e-01 -9.509629850995520162e-01 -5.476727103823506582e-01 -7.077556919288041648e-02 2.930293922829296793e-01 5.720579057886270302e-01 7.186260611915428198e-01 9.492227890421029990e-01 1.240361134220201444e+00 6.920020919591070019e-01 nan -8.419404884336288974e-01 -1.255004897608365422e+00 nan
nan nan nan nan nan nan nan nan nan -1.237967615429945045e+00 -1.127181646435401419e+00 -9.916737609714533219e-01 -1.071260144891892585e+00 -1.099793445592442076e+00 -1.176299506122724603e+00 -1.150661971269210104e+00 -1.136517338298429936e+00 -7.358211262488748572e-01 -3.640983246604581058e-01 -1.798820827547630286e-01 -3.432463531494389652e-02 6.130980870799773719e-02 1.777916445542641055e-01 4.597098520096966068e-01 nan -1.484347961191967435e-01 -7.861526712854998156e-01 nan
nan nan nan nan nan nan nan nan nan nan -1.438653379379743358e+00 -1.270900970429848620e+00 -1.160441899322792514e+00 -1.243711542759087685e+00 -1.309872183608914442e+00 -1.411989652162695785e+00 -1.453943445504711773e+00 -1.572116033442296779e+00 -1.249333333178854533e+00 -8.530563044554154706e-01 -6.341666630908480151e-01 -5.316004788765475997e-01 -3.850738745785939887e-01 -1.748284420149718299e-01 2.295462011587057205e-01 8.942733449478246222e-01 3.608748241587287353e-01 nan
nan nan nan nan nan nan nan nan nan nan nan nan -1.455035453416386959e+00 -1.438714227292694714e+00 -1.541726471264870169e+00 -1.584551294945366173e+00 -1.681161343208346315e+00 -1.841804529203731278e+00 -1.917860949542363525e+00 -1.839910133252199875e+00 -1.635497979333610186e+00 -9.620991154511795429e-01 -6.634803665665831574e-01 -3.185251861621979375e-01 1.406342499785484534e-02 3.960075517857009064e-01 3.971101809384213199e-01 nan
nan nan nan nan nan nan nan nan nan nan nan nan nan -1.577165124345345282e+00 -1.719533017688604781e+00 -1.775018619501957051e+00 -1.795999926207334063e+00 -1.808908309420144578e+00 -2.019224773775574189e+00 -2.134922476882922027e+00 -2.149449772591910168e+00 -1.704335327328583061e+00 -9.542954686326743374e-01 -5.676881050727289324e-01 -1.949396973586680071e-01 7.823009461710106471e-03 3.745327553632249451e-02 nan
nan nan nan nan nan nan nan nan nan nan nan nan nan nan nan -1.866754781026564336e+00 -1.870027351091327672e+00 -1.678622788982735425e+00 -1.597010743437016878e+00 -1.746826559983186034e+00 -1.891086372178318653e+00 -1.847003733330700115e+00 -1.034848155065795083e+00 -4.577821947109947942e-01 -3.238166145725542844e-01 -2.358990791530850561e-01 -2.574910316958405332e-01 nan
nan nan nan nan nan nan nan nan nan nan nan nan nan nan nan nan nan -1.352178246142495155e+00 -1.052840617380081945e+00 -9.253748279801616849e-01 -9.531241844827974541e-01 -1.981686462203688937e-01 6.779855901889559888e-01 -1.365850669237696491e-01 -2.320083824358366020e-01 -3.347736295659443639e-01 -3.376914962997754621e-01 nan
nan nan nan nan nan nan nan nan nan nan nan nan nan nan nan nan nan nan nan nan 2.679844702441139814e-01 nan nan -8.862138962103094375e-01 -3.874771860743548846e-01 -3.539520548020753665e-01 nan nan
