nan nan nan -1.022424909911040736e+00 -1.564933833291119791e+00 -2.062753292626689383e+00 nan nan nan nan nan nan nan nan nan nan nan nan nan nan nan nan nan nan nan nan nan nan
nan nan -1.083898467511815289e+00 -1.772113113605082280e+00 -2.314917571881395464e+00 -2.827440690281219027e+00 -3.089322938536410934e+00 nan nan nan nan nan nan nan nan nan nan nan nan nan nan nan nan nan nan nan nan nan
nan nan -1.556523043392548766e+00 -2.358469756311662113e+00 -2.730540357501105131e+00 -3.401364469844800897e+00 -3.781126325846903224e+00 -3.832120999185512300e+00 nan nan nan nan nan nan nan nan nan nan nan nan nan nan nan nan nan nan nan nan
nan -1.344932715621936392e+00 -1.839361270114496794e+00 -2.405845917574540138e+00 -2.612715420611917860e+00 -3.054774024692087586e+00 -3.443528839450317403e+00 -3.252734152854583005e+00 -3.251341090515330823e+00 nan nan nan nan nan nan nan nan nan nan nan nan nan nan nan nan nan nan nan
-1.344475509900774801e+00 -1.502064723015652081e+00 -1.769082412019665318e+00 -2.267384977574243177e+00 -2.319255894014562003e+00 -2.522059436359160856e+00 -2.979208521839306734e+00 -2.902032385249578628e+00 -1.734715134642533796e+00 -1.881415736290059426e+00 nan nan nan nan nan nan nan nan nan nan nan nan nan nan nan nan nan nan
-1.520830127362338580e+00 -1.585877377519690157e+00 -1.724954688247295476e+00 -2.096261977952565303e+00 -2.078021615664050081e+00 -2.159693469682284928e+00 -2.578377911698255254e+00 -2.963630904999462690e+00 -2.318489971158544272e+00 nan nan nan nan nan nan nan nan nan nan nan nan nan nan nan nan nan nan nan
-1.483775354057551787e+00 -1.588077930686428108e+00 -1.821898157243001304e+00 -2.066624712472248770e+00 -2.059458338723128890e+00 -2.184638312681053574e+00 -2.575831318474694154e+00 -2.937250337408177092e+00 -2.881532642433725311e+00 nan nan nan nan nan nan nan nan nan nan nan nan nan nan nan nan nan nan nan
-1.525143572283367499e+00 -1.832544528487537239e+00 -2.072379401934814069e+00 -2.126059423000095094e+00 -2.108359893572073762e+00 -2.321295896290667127e+00 -2.775417466026749658e+00 -3.054348835537155527e+00 -3.295857420967138296e+00 nan nan nan nan nan nan nan nan nan nan nan nan nan nan nan nan nan nan nan
nan -2.000138832440462533e+00 -2.360007697052035169e+00 -2.311755680748627473e+00 -2.322701524589865674e+00 -2.454904019863450859e+00 -2.844551608855388380e+00 -2.994197056133836021e+00 -3.030938855115705266e+00 -2.227728813941732611e+00 nan nan nan nan nan nan nan nan nan nan nan nan nan nan nan nan nan nan
nan -2.094247433601045039e+00 -2.535599336267996051e+00 -2.533446166733415605e+00 -2.527718214732875168e+00 -2.707560935292337323e+00 -2.901643329815545513e+00 -2.600533718676199424e+00 -2.444613857106755717e+00 -2.341496189447049403e+00 nan nan nan nan nan nan nan nan nan nan nan nan nan nan nan nan nan nan
nan -2.437406061335011476e+00 -2.816079360562365075e+00 -2.694345395125909093e+00 -2.580743779184039965e+00 -2.929452573798261295e+00 -3.145581479490216381e+00 -2.510639039997883071e+00 -2.060756081685930940e+00 -2.170408491361915271e+00 nan nan nan nan nan nan nan nan nan nan nan nan nan nan nan nan nan nan
nan nan -3.160527598443469532e+00 -2.838553221374497060e+00 -2.623846750330445232e+00 -2.956184524979845296e+00 -3.289656659885160650e+00 -2.594936863624748291e+00 -1.939723147279052817e+00 -1.269454441600835537e+00 nan nan nan nan nan nan nan nan nan nan nan nan nan nan nan nan nan nan
nan nan -2.462521394547736442e+00 -2.859646263419854506e+00 -2.477229067226558890e+00 nan -3.259032802839406884e+00 -2.903385961481849797e+00 -2.124005918643658841e+00 -1.342017205903345944e+00 nan nan nan nan nan nan nan nan nan nan nan nan nan nan nan nan nan nan
nan nan nan nan nan nan -3.253463459305118377e+00 -3.386924218425916955e+00 -2.789644704226907912e+00 -1.152242876421401663e+00 nan nan -5.799083528452336767e-01 nan nan nan nan nan nan nan nan nan nan nan nan nan nan nan
nan nan nan nan nan -3.349071754738990325e+00 -3.940622591207314951e+00 -4.361748731144089675e+00 -4.050835544561307344e+00 -2.445825211647835395e+00 nan nan nan nan nan nan nan nan nan nan nan nan nan nan nan nan nan nan
nan nan nan nan nan -3.258843964275845551e+00 -4.573162869439483913e+00 -5.270889729722948225e+00 -5.398434868465598946e+00 -5.156088517186721454e+00 -2.903576252859466855e+00 nan nan nan nan nan nan nan nan nan nan nan nan nan nan nan nan nan
nan nan nan nan nan -3.324134012403019867e+00 -4.474585545800178643e+00 -5.456925955116885163e+00 -5.837358873660029701e+00 -6.036161464243916086e+00 -5.553300984253143113e+00 -3.870401802689185988e+00 nan -1.506503034067325997e+00 nan nan nan nan nan nan nan nan nan nan nan nan nan nan
nan nan nan nan nan -2.993434994817940176e+00 -3.887148778155490536e+00 -4.706580775231382852e+00 -5.312666521201179215e+00 -5.623845808920215461e+00 -5.808354454643898102e+00 -5.564542999374967103e+00 -4.536931764620923957e+00 -2.569843008077331348e+00 -1.152220935233444710e+00 nan nan nan nan nan nan nan nan nan nan nan nan nan
nan nan nan nan nan -2.895674556325986693e+00 -3.268377021703324559e+00 -4.026093788353500180e+00 -4.531879518887140357e+00 -5.090203104127367872e+00 -5.568279632444489202e+00 -5.663994585917077274e+00 -5.429266331865940209e+00 -4.831151274836407161e+00 -3.145787271968513377e+00 -1.910340050258994893e+00 -9.554562803275963301e-01 nan nan nan nan nan nan nan nan nan nan nan
nan nan nan nan nan nan -3.267477375141545792e+00 -3.680855642308411557e+00 -4.014604939835337838e+00 -4.161474981609851298e+00 -4.669163259875601213e+00 -5.270814957400664191e+00 -5.298885726193621082e+00 -5.159414686617926016e+00 -5.219128964446308139e+00 -4.391463058107168749e+00 -3.466711302810336015e+00 -2.581093054457232139e+00 nan nan nan nan nan nan nan nan nan nan
nan nan nan nan nan nan nan -3.566340763226360178e+00 -3.584195933781437748e+00 -3.490652308265924209e+00 -3.777892514586259409e+00 -4.266755746972909158e+00 -4.576305519944921407e+00 -4.633743056174663977e+00 -4.544021119043506474e+00 -4.625985897798296165e+00 -3.976530123269367056e+00 -3.683315067208745575e+00 -3.077434017949834733e+00 nan nan -2.817890558353755903e+00 nan nan nan nan nan nan
nan nan nan nan nan nan nan -3.445825040090277458e+00 -3.437597348386670859e+00 -3.237821872529195399e+00 -3.011353279659549464e+00 -3.224480183610892503e+00 -3.586959486201694247e+00 -3.722836323239102185e+00 -3.776905036312078412e+00 -3.570786660852153904e+00 -3.311195968077901508e+00 -2.975338974908760648e+00 -2.511715875726117986e+00 -2.222565477623740460e+00 -2.542941542956986378e+00 -2.731874871029995155e+00 -1.462768183762368501e+00 nan nan nan nan nan
nan nan nan nan nan nan nan nan -3.015897417265138714e+00 -2.937410644216988054e+00 -2.513304210258457516e+00 -2.462197997719751008e+00 -2.532489558987153444e+00 -2.627635715673192429e+00 -2.906883852790043132e+00 -2.947285855022538037e+00 -2.547034658537592478e+00 -2.213197355762930307e+00 -1.696033510700444724e+00 -1.511913650510553930e+00 -1.897414153367863676e+00 -2.694179855354271069e+00 -3.073693874940762072e+00 -2.310557961849963871e+00 nan -2.157319063517102453e+00 -2.443089850882226521e+00 nan
nan nan nan nan nan nan nan nan nan -2.728472014283179536e+00 -2.534790512083885172e+00 -2.239460642431165383e+00 -2.090610875908334609e+00 -1.950630357498173817e+00 -2.025845338923091710e+00 -2.184597659282618842e+00 -2.091921163205396894e+00 -2.095308780852584096e+00 -1.731253167881978694e+00 -1.246972645345516106e+00 -1.349202576361490324e+00 -1.861960663060578280e+00 -2.286679851856310286e+00 -2.595500625051252896e+00 nan -1.372635863367680953e+00 -1.581600687204581135e+00 nan
nan nan nan nan nan nan nan nan nan nan -2.403956149532307851e+00 -2.324347092292844419e+00 -2.137318866736045209e+00 -1.934271365178454216e+00 -1.719892034402743297e+00 -1.713948139530090842e+00 -1.818933088068876103e+00 -1.978813190480723794e+00 -2.219769645519203749e+00 -1.852736423776887520e+00 -1.458980755785447503e+00 -1.570374491893918423e+00 -1.960673153822466874e+00 -2.046027434050410321e+00 -1.693913494441977141e+00 -1.417101223693933987e+00 -1.299852279193902893e+00 nan
nan nan nan nan nan nan nan nan nan nan nan nan -2.199074603112536330e+00 -1.985641573174367069e+00 -1.778805479131762679e+00 -1.736011041527973919e+00 -1.781448640424140750e+00 -1.793484340052933224e+00 -1.766709065768358178e+00 -1.826980677647149109e+00 -2.069022486137179317e+00 -1.925613775024952234e+00 -2.173765673008190902e+00 -2.045206967769431117e+00 -1.736085534956317566e+00 -1.268861096226624019e+00 -1.063980340402600477e+00 nan
nan nan nan nan nan nan nan nan nan nan nan nan nan -1.931174021688899956e+00 -1.815946595864254220e+00 -1.855376555113193104e+00 -1.993964344818179857e+00 -1.915962091744080276e+00 -1.708292548642251107e+00 -1.781694455089333440e+00 -1.993647188813110871e+00 -2.195637732161721534e+00 -2.084115960830560610e+00 -2.105473968857854761e+00 -1.624593323882272955e+00 -1.180985675523674949e+00 -7.953830695948731488e-01 nan
nan nan nan nan nan nan nan nan nan nan nan nan nan nan nan -1.588808550154598098e+00 -1.538698653856756415e+00 -1.617627232706916329e+00 -1.437801951880045559e+00 -1.365903243223673735e+00 -1.414128527857429818e+00 -1.740214152497668865e+00 -1.131312154513810508e+00 -1.222050263056601915e+00 -1.263841648474158585e+00 -1.095012174565563212e+00 -9.063497901199567552e-01 nan
nan nan nan nan nan nan nan nan nan nan nan nan nan nan nan nan nan -1.009419879138674814e+00 -7.344942882079644741e-01 -8.234087842902454435e-01 -3.641562052289332163e-01 -6.125616523739515484e-01 -6.855230158622950265e-01 -8.139238173162686163e-01 -9.052954658635264940e-01 -8.168576781787204588e-01 -7.610020876959807667e-01 nan
nan nan nan nan nan nan nan nan nan nan nan nan nan nan nan nan nan nan nan nan -2.405310699728797907e-01 nan nan -2.603526379197368956e-01 -5.895145873882964294e-01 -4.081804540861080355e-01 nan nan
