nan nan nan -6.533201199774272272e-01 -1.388600908078940321e+00 -2.428774795309503798e+00 nan nan nan nan nan nan nan nan nan nan nan nan nan nan nan nan nan nan nan nan nan nan
nan nan -2.500096174507794311e-01 -6.163905925688170084e-01 -1.298970081953997768e+00 -2.180536745071941951e+00 -3.215739165907243624e+00 nan nan nan nan nan nan nan nan nan nan nan nan nan nan nan nan nan nan nan nan nan
nan nan -2.269632591964487744e-01 -6.324778789777114607e-01 -1.142881495031954575e+00 -1.991474488880319749e+00 -2.975406982729008831e+00 -3.539098819949728636e+00 nan nan nan nan nan nan nan nan nan nan nan nan nan nan nan nan nan nan nan nan
nan -1.641211037418008889e-01 -2.150252882040736835e-01 -4.373461393299580835e-01 -9.173990477203208815e-01 -1.661162936604898110e+00 -2.532199990822538105e+00 -2.838638861714813277e+00 -1.954637307654006673e+00 nan nan nan nan nan nan nan nan nan nan nan nan nan nan nan nan nan nan nan
-3.701789087765318120e-01 -3.375707477088097930e-01 -3.860811446852295825e-01 -5.232167290617456556e-01 -7.235672965827022463e-01 -1.286552454965451453e+00 -2.050468986334510912e+00 -2.401330180414262383e+00 -1.726397961830288708e+00 -3.389235842828612344e-01 nan nan nan nan nan nan nan nan nan nan nan nan nan nan nan nan nan nan
-4.774512127066187772e-01 -4.978356095204650167e-01 -5.835152935344212199e-01 -7.656003125941898135e-01 -9.189739452810458120e-01 -1.229096961501804808e+00 -1.884726128919910426e+00 -2.331466977402190111e+00 -1.749523173181327440e+00 nan nan nan nan nan nan nan nan nan nan nan nan nan nan nan nan nan nan nan
-4.834057258167921423e-01 -5.429690946791672079e-01 -7.176498354496791965e-01 -9.724683971053366127e-01 -1.174578495079996676e+00 -1.373062196416663383e+00 -1.838747464919408436e+00 -2.301718684973701023e+00 -1.431168077865007326e+00 nan nan nan nan nan nan nan nan nan nan nan nan nan nan nan nan nan nan nan
-5.268825615159540288e-01 -5.667716581823349919e-01 -8.165443643886572955e-01 -1.059394159077972741e+00 -1.298492290226398893e+00 -1.439242706702695607e+00 -1.749233744580871885e+00 -2.185988054285993076e+00 -1.746908902806194597e+00 nan nan nan nan nan nan nan nan nan nan nan nan nan nan nan nan nan nan nan
nan -5.290510374033193797e-01 -7.643609379258894387e-01 -1.059414015031429068e+00 -1.291842865989937916e+00 -1.368475240648755031e+00 -1.526644329952837165e+00 -1.820574495009617877e+00 -1.608599536784961703e+00 -5.397490275143101979e-01 nan nan nan nan nan nan nan nan nan nan nan nan nan nan nan nan nan nan
nan -5.320624610589759218e-01 -6.713388561396885779e-01 -9.213856004062663807e-01 -1.230856155622690018e+00 -1.325607481203181059e+00 -1.470581490444919037e+00 -1.355337073197796061e+00 -9.285145088564175087e-01 -2.170633657381820791e-01 nan nan nan nan nan nan nan nan nan nan nan nan nan nan nan nan nan nan
nan -4.622362532933746992e-01 -5.164792338389649906e-01 -6.660360496933037666e-01 -1.119316204088678379e+00 -1.332061081555821369e+00 -1.542786925501146156e+00 -1.097085597099082932e+00 -8.164191832061600262e-01 -6.614729199340492194e-01 nan nan nan nan nan nan nan nan nan nan nan nan nan nan nan nan nan nan
nan nan -5.363302303923338510e-01 -5.337356874384517891e-01 -9.077734853436083551e-01 -1.384112179265856835e+00 -1.559375134033167853e+00 -1.052340216168711873e+00 -8.030867904586465045e-01 1.182099516100514891e-01 nan nan nan nan nan nan nan nan nan nan nan nan nan nan nan nan nan nan
nan nan 1.970501057116750276e-01 -7.716317661939738892e-01 -4.591915380908246358e-01 nan -1.429793559134713732e+00 -9.796672344676214950e-01 -7.375125602883447762e-01 6.578383797365775498e-01 nan nan nan nan nan nan nan nan nan nan nan nan nan nan nan nan nan nan
nan nan nan nan nan nan -1.271565523058144187e+00 -1.110280821423433650e+00 -8.473502616894879047e-01 1.026909983935177628e+00 nan nan 9.079909178358696042e-01 nan nan nan nan nan nan nan nan nan nan nan nan nan nan nan
nan nan nan nan nan -1.675662341556511725e+00 -1.599124803490853619e+00 -1.589606704358101918e+00 -1.290476977867684782e+00 -6.574796123780124457e-02 nan nan nan nan nan nan nan nan nan nan nan nan nan nan nan nan nan nan
nan nan nan nan nan -1.841759384226291374e+00 -1.936666150517183160e+00 -1.743185057138294525e+00 -1.609662003319580315e+00 -1.314437291161546728e+00 -2.907032121516253120e-01 nan nan nan nan nan nan nan nan nan nan nan nan nan nan nan nan nan
nan nan nan nan nan -2.116566635094780935e+00 -2.001164801031759310e+00 -1.835681752025034807e+00 -1.541214800967691589e+00 -1.359945639449935184e+00 -5.568648100430337866e-01 -8.847579153953324393e-01 nan -1.058146118068748365e+00 nan nan nan nan nan nan nan nan nan nan nan nan nan nan
nan nan nan nan nan -1.875743680892826060e+00 -2.021548376234620026e+00 -1.819663912549733364e+00 -1.515434860272364403e+00 -1.240146316655444059e+00 -7.333622126152428145e-01 -4.138301591702322479e-01 -2.412521444949444760e-01 -1.736154940533120028e-01 -5.522817611666666071e-01 nan nan nan nan nan nan nan nan nan nan nan nan nan
nan nan nan nan nan -1.793830878963974751e+00 -2.043878669137123349e+00 -1.854647371845562498e+00 -1.474088518138541914e+00 -1.178050989012814354e+00 -8.304869400165675319e-01 -5.618173013072729205e-01 -4.736363445044495801e-01 -1.647034982254282909e-01 -2.991136201949676776e-01 -1.626653406873562302e+00 -1.078254589423244925e+00 nan nan nan nan nan nan nan nan nan nan nan
nan nan nan nan nan nan -1.797004740792425226e+00 -1.842855160934289138e+00 -1.591311435638462557e+00 -1.152344853853519924e+00 -7.474374350878923989e-01 -5.403220065063967237e-01 -6.541124909810512866e-01 -5.829109318255826233e-01 -3.826332879369149786e-01 -5.862404767669627814e-01 -5.855852067102804703e-01 -8.381041998961861195e-01 nan nan nan nan nan nan nan nan nan nan
nan nan nan nan nan nan nan -1.572118021821665490e+00 -1.450766715294921738e+00 -1.092870309741655888e+00 -7.976231866747195420e-01 -5.006556599541545083e-01 -6.292847961805567714e-01 -8.506299793736030734e-01 -6.940369874098191172e-01 -7.275802954612025086e-01 -8.325287005426347253e-01 -9.979123093329050898e-01 -1.181049487637515050e+00 nan nan -1.180771998229728670e+00 nan nan nan nan nan nan
nan nan nan nan nan nan nan -9.536621463347614291e-01 -1.040464225724206715e+00 -1.029638475654912400e+00 -8.451902952664032131e-01 -6.054727221238711543e-01 -5.314853518106826824e-01 -8.033913526054032861e-01 -9.063972986547400579e-01 -8.993998883634276575e-01 -9.930821730582597429e-01 -1.133168108945530772e+00 -1.173977226219095282e+00 -9.241607915922185335e-01 -4.755625076957363806e-01 -1.419874157444412921e-01 9.687689942848998204e-02 nan nan nan nan nan
nan nan nan nan nan nan nan nan -5.455543385995175187e-01 -7.116173104794645266e-01 -6.606429853548918540e-01 -6.575501726481535192e-01 -4.963379586596317061e-01 -5.674465252872094023e-01 -8.138135848661037786e-01 -1.026430018885547524e+00 -1.020221421351698243e+00 -1.051907769323403574e+00 -1.091358870535620529e+00 -1.073623021068552674e+00 -1.023075433319545091e+00 -5.943386678702280435e-01 2.110421724554214784e-01 3.287165743568911669e-01 nan -3.056847278591587336e-01 -1.314553598847517879e+00 nan
nan nan nan nan nan nan nan nan nan -2.335214932857556103e-01 -2.491223628420355662e-01 -3.420951979034143609e-01 -4.068104420200960858e-01 -3.988505488907336805e-01 -5.377485455184517482e-01 -8.127327929939209827e-01 -1.046972097498621856e+00 -9.978333173417637258e-01 -1.074234148544616740e+00 -1.218855045292799311e+00 -1.408996913841625620e+00 -1.306582321243108469e+00 -1.023199351282519043e+00 -2.378404160107376597e-01 nan -1.928301453476709282e-01 -7.921847342376970857e-01 nan
nan nan nan nan nan nan nan nan nan nan 2.149165655093241908e-02 3.503024630446518323e-02 -1.185979798045579264e-01 -2.785627029434201152e-01 -3.337066808777577887e-01 -5.159525073886989111e-01 -8.953296568741273553e-01 -1.206998507934103015e+00 -1.105489253243351566e+00 -1.253651714476276657e+00 -1.405766484843987918e+00 -1.484236217986206974e+00 -1.371691242092666796e+00 -8.876228922127397114e-01 -4.139951243453784957e-02 4.905218402582728343e-01 2.295471824688039009e-01 nan
nan nan nan nan nan nan nan nan nan nan nan nan 2.632445445245436555e-01 2.425319499081296515e-01 1.141582149885211062e-01 -2.588175436589729150e-02 -2.126752804479096204e-01 -6.654838488121301854e-01 -9.662332148807663001e-01 -1.179407786789761214e+00 -1.333468449674962919e+00 -1.352598500366046119e+00 -1.271754046035692198e+00 -1.031011463845286080e+00 -5.395387839030023613e-01 6.607254205189896923e-02 3.565970012373096409e-01 nan
nan nan nan nan nan nan nan nan nan nan nan nan nan 5.767318921022138722e-01 5.623579243722754972e-01 3.951818521704431597e-01 1.806644545612432207e-01 -1.555951233823321123e-01 -6.075409370722364422e-01 -9.636760262360565266e-01 -1.243008907422388010e+00 -1.368246059908855283e+00 -1.244148059501048564e+00 -9.125501543632541512e-01 -6.358384820605440524e-01 -2.480058386040261409e-01 1.031956497806564288e-01 nan
nan nan nan nan nan nan nan nan nan nan nan nan nan nan nan 5.517499664228966427e-01 2.904881985890672702e-01 1.081620106532291681e-01 -8.854414066984325760e-02 -4.467031181058747635e-01 -9.351226499650939772e-01 -1.210868865307729969e+00 -1.131261447591996649e+00 -9.051326575901432747e-01 -4.853453069924759111e-01 -3.157278659638299567e-01 -1.453612746087407093e-01 nan
nan nan nan nan nan nan nan nan nan nan nan nan nan nan nan nan nan 4.689061078588648845e-01 4.858518057723696382e-01 3.175145032969594605e-01 -3.050781366591220900e-02 2.683434357061155184e-01 4.125785453955526094e-01 -4.726251678823180091e-01 -3.115712733276803093e-01 -1.085036528351083218e-01 -7.185257194777627809e-02 nan
nan nan nan nan nan nan nan nan nan nan nan nan nan nan nan nan nan nan nan nan 6.204146048974394922e-01 nan nan -2.166235146594173711e-01 -1.886462794361366546e-01 -5.051898525570641674e-03 nan nan
