nan nan nan -2.905637448562485403e+00 -3.722267631251483522e+00 -4.888218387846940516e+00 nan nan nan nan nan nan nan nan nan nan nan nan nan nan nan nan nan nan nan nan nan nan
nan nan -2.453477981596831725e+00 -2.913562017848004615e+00 -3.634774854754218243e+00 -4.570091524897983426e+00 -5.927409624124531540e+00 nan nan nan nan nan nan nan nan nan nan nan nan nan nan nan nan nan nan nan nan nan
nan nan -2.310263185371121963e+00 -2.753051946870971545e+00 -3.413850399002914759e+00 -4.316688095814779302e+00 -5.460990854678629880e+00 -6.875570400936545923e+00 nan nan nan nan nan nan nan nan nan nan nan nan nan nan nan nan nan nan nan nan
nan -2.080456771016242268e+00 -2.267940651169073174e+00 -2.529481406939652732e+00 -3.103531282385062706e+00 -3.860970512698040036e+00 -4.545087404663039621e+00 -5.568660506245888264e+00 -5.578171533610812638e+00 nan nan nan nan nan nan nan nan nan nan nan nan nan nan nan nan nan nan nan
-1.822653037528015441e+00 -2.028550123523077620e+00 -2.173653345270706971e+00 -2.458372086875973750e+00 -2.965046044689624960e+00 -3.601094017528259084e+00 -3.906697039932022886e+00 -4.405330297001483153e+00 -4.314403358678660538e+00 -2.713470010214069195e+00 nan nan nan nan nan nan nan nan nan nan nan nan nan nan nan nan nan nan
-1.812382070097390274e+00 -2.154534296487513156e+00 -2.379629480095390548e+00 -2.653128945428465446e+00 -3.057221864862488925e+00 -3.643272486927155995e+00 -3.899583463441282927e+00 -4.184116159727829576e+00 -4.500910114587983735e+00 nan nan nan nan nan nan nan nan nan nan nan nan nan nan nan nan nan nan nan
-1.793261944548150355e+00 -2.270756577516450214e+00 -2.521771197618880578e+00 -2.834585549144064132e+00 -3.261183589734797383e+00 -3.754754774691986707e+00 -4.195734851453868153e+00 -4.550491659457407856e+00 -4.846169911123188179e+00 nan nan nan nan nan nan nan nan nan nan nan nan nan nan nan nan nan nan nan
-1.595435695611002735e+00 -2.168847870289918767e+00 -2.554297978801121971e+00 -2.944124487714685490e+00 -3.393870341622907461e+00 -3.839767136794721925e+00 -4.232809761788292491e+00 -4.881845971541866724e+00 -5.251804267825851191e+00 nan nan nan nan nan nan nan nan nan nan nan nan nan nan nan nan nan nan nan
nan -1.718008875065647478e+00 -2.259950679557697573e+00 -2.795897351898369632e+00 -3.405857817352092809e+00 -4.089778721566569963e+00 -4.512211088284103333e+00 -4.775430375812503847e+00 -4.734767826562369386e+00 -3.199318225136501326e+00 nan nan nan nan nan nan nan nan nan nan nan nan nan nan nan nan nan nan
nan -1.366578976067318374e+00 -1.935669563215609124e+00 -2.548835563314865826e+00 -3.355136602190079476e+00 -4.253296058474027141e+00 -4.810174365855041323e+00 -4.564930120284281578e+00 -3.708852198821858792e+00 -3.326476539233303331e+00 nan nan nan nan nan nan nan nan nan nan nan nan nan nan nan nan nan nan
nan -1.096746328433033657e+00 -1.710939658170141930e+00 -2.473780567990346402e+00 -3.350629155088001188e+00 -4.236155439366212860e+00 -5.039217670383216330e+00 -4.589153257007581033e+00 -3.306528550853984338e+00 -2.877194630003882647e+00 nan nan nan nan nan nan nan nan nan nan nan nan nan nan nan nan nan nan
nan nan -1.601072679250754804e+00 -2.415884166354848706e+00 -2.949877179305520514e+00 -3.863555231032829607e+00 -5.101452735829047569e+00 -4.806989437427890977e+00 -3.683226498272373473e+00 -2.184742922592946002e+00 nan nan nan nan nan nan nan nan nan nan nan nan nan nan nan nan nan nan
nan nan -1.233498268135376330e+00 -2.379016786059984678e+00 -2.645073896903214372e+00 nan -4.602765616404473015e+00 -5.026107168013251858e+00 -4.528544763406507023e+00 -2.639122273798981677e+00 nan nan nan nan nan nan nan nan nan nan nan nan nan nan nan nan nan nan
nan nan nan nan nan nan -4.270186567834246993e+00 -5.187460791792189774e+00 -5.662824453860724638e+00 -3.684629330576431716e+00 nan nan -1.416164425170273633e+00 nan nan nan nan nan nan nan nan nan nan nan nan nan nan nan
nan nan nan nan nan -3.521286039674385027e+00 -4.274068823565905895e+00 -5.408269681868904222e+00 -6.483128381494907444e+00 -5.630631393026969356e+00 nan nan nan nan nan nan nan nan nan nan nan nan nan nan nan nan nan nan
nan nan nan nan nan -3.211996634953873553e+00 -4.134742855300214792e+00 -5.234915068736198940e+00 -6.583528333149203604e+00 -7.655552343639524970e+00 -4.549954111163127202e+00 nan nan nan nan nan nan nan nan nan nan nan nan nan nan nan nan nan
nan nan nan nan nan -3.002915849167534734e+00 -4.060763937821451286e+00 -4.940147609628295022e+00 -5.993823521033410096e+00 -7.005158320061847910e+00 -7.103234006652127341e+00 -5.045070079941768704e+00 nan -1.907302830982793296e+00 nan nan nan nan nan nan nan nan nan nan nan nan nan nan
nan nan nan nan nan -3.056262822182783889e+00 -3.972932460412194278e+00 -4.638300200156271202e+00 -5.376352464457826663e+00 -5.928613659672087977e+00 -6.297563663343050955e+00 -6.367031285617383851e+00 -5.602940866923671770e+00 -3.834029204352750853e+00 -1.752025074025439944e+00 nan nan nan nan nan nan nan nan nan nan nan nan nan
nan nan nan nan nan -3.181501339943615392e+00 -3.822992777740131576e+00 -4.286738540767927041e+00 -4.959506036398712681e+00 -5.521573124293148283e+00 -5.701666062546155267e+00 -5.871351561176404665e+00 -5.940725668119816838e+00 -5.306912781289095271e+00 -4.048714683311441576e+00 -2.753571306471440661e+00 -1.523968913086256149e+00 nan nan nan nan nan nan nan nan nan nan nan
nan nan nan nan nan nan -3.638456939258054579e+00 -4.133362138047362855e+00 -4.704345233630854217e+00 -5.208337811648589444e+00 -5.417641056133394528e+00 -5.501867261898039096e+00 -5.644867268560981977e+00 -5.864540557420401257e+00 -5.477470207650410039e+00 -4.342580312238090379e+00 -3.038886156959352380e+00 -2.050479075704940701e+00 nan nan nan nan nan nan nan nan nan nan
nan nan nan nan nan nan nan -3.885905910119218820e+00 -4.397854328135207602e+00 -4.924952154518056346e+00 -5.186702885136788233e+00 -5.266687485932933122e+00 -5.401648880761392491e+00 -5.667310428445041737e+00 -5.844192329565690791e+00 -5.264172770347935959e+00 -4.732330780743867926e+00 -4.513166527755719137e+00 -3.444079639706220330e+00 nan nan -2.664103583655234697e+00 nan nan nan nan nan nan
nan nan nan nan nan nan nan -3.475437541637042216e+00 -4.020483551619608242e+00 -4.509002079964779419e+00 -4.833695978071267163e+00 -4.962898398093589236e+00 -5.144336491430362202e+00 -5.253503824907675757e+00 -5.783782327830485848e+00 -5.756471463543530120e+00 -5.216163517848985798e+00 -4.502329548041159590e+00 -3.781311903707706534e+00 -3.295036784144218078e+00 -2.678462451998065319e+00 -2.342151431147078355e+00 -1.709515144346516635e+00 nan nan nan nan nan
nan nan nan nan nan nan nan nan -3.845837594314160057e+00 -4.484036724220856307e+00 -4.805172718523841091e+00 -4.889206331856562393e+00 -5.054066093439003815e+00 -5.141310094523518615e+00 -5.429991466620928797e+00 -5.703372235370770760e+00 -5.409025641375582616e+00 -4.665918682373212611e+00 -4.052341708548981458e+00 -3.643310708296448652e+00 -3.519538155922294465e+00 -3.499206310988331570e+00 -2.919577583386665953e+00 -2.286221722587253424e+00 nan -8.342421018649531783e-01 -1.978015973751348966e+00 nan
nan nan nan nan nan nan nan nan nan -4.491795681060865242e+00 -5.014324301551105201e+00 -4.986527168701864632e+00 -5.044774635925283413e+00 -5.039139619161569605e+00 -5.072119991015668461e+00 -5.269543587008137742e+00 -5.357609244865481735e+00 -4.943764487946129549e+00 -4.452193343136040760e+00 -4.304934831549985574e+00 -4.332700110750569600e+00 -4.518622976916410572e+00 -4.750415868550872389e+00 -4.897055656349395214e+00 nan -2.237494880413958942e+00 -3.062020411508569850e+00 nan
nan nan nan nan nan nan nan nan nan nan -4.993576518407247811e+00 -5.085226094779884853e+00 -5.072523558489876017e+00 -4.945775150970199263e+00 -4.796960876074990665e+00 -4.823516457346582520e+00 -5.038391365382736353e+00 -5.099151021766355818e+00 -4.734950559998959640e+00 -4.671978139119554285e+00 -4.749740350535392786e+00 -5.002541557733378497e+00 -5.345704532281280841e+00 -5.453550803626154853e+00 -5.009090085355136779e+00 -3.920144700175331565e+00 -3.490941194038175155e+00 nan
nan nan nan nan nan nan nan nan nan nan nan nan -5.034882295686640141e+00 -5.017751357412985058e+00 -4.874894824905362078e+00 -4.766169990362498332e+00 -4.801402889845408417e+00 -4.812314791502454447e+00 -4.768437725137016692e+00 -5.029433255316734908e+00 -5.311463639668745351e+00 -5.436378958621673085e+00 -5.628437738623886410e+00 -5.228659845306026455e+00 -4.760835231200712059e+00 -4.182527710551717348e+00 -3.693759102162644581e+00 nan
nan nan nan nan nan nan nan nan nan nan nan nan nan -5.163944658576477664e+00 -5.038924154028221913e+00 -4.890807955745834157e+00 -4.765756205466635365e+00 -4.703048975570106371e+00 -4.752336854533773192e+00 -4.934961728470508291e+00 -5.128134895864733700e+00 -5.397777036425394748e+00 -5.757002031848931445e+00 -5.619866377954928716e+00 -4.993188800937684135e+00 -4.377805489454936527e+00 -3.810784049649259320e+00 nan
nan nan nan nan nan nan nan nan nan nan nan nan nan nan nan -4.525129319521081328e+00 -4.523528374162602006e+00 -4.519573520475820949e+00 -4.410104393170830583e+00 -4.127527265243582377e+00 -3.934514883856230938e+00 -4.228715497172834681e+00 -4.998060233349550963e+00 -5.273775405683814199e+00 -5.118932354285393949e+00 -4.494369113997942478e+00 -3.995042159604176302e+00 nan
nan nan nan nan nan nan nan nan nan nan nan nan nan nan nan nan nan -3.437806765430784228e+00 -3.307472269243238117e+00 -2.975877765055362278e+00 -2.580377570686099187e+00 -2.906700004765650380e+00 -3.359139047859441174e+00 -4.134706084522615122e+00 -4.678592454032869163e+00 -4.499517645278693578e+00 -4.108900123841490171e+00 nan
nan nan nan nan nan nan nan nan nan nan nan nan nan nan nan nan nan nan nan nan -1.673936830169755474e+00 nan nan -2.880709223186073586e+00 -3.982610498951840494e+00 -4.443747220054432567e+00 nan nan
