nan nan nan 1.505209855196447677e+00 1.150908008701132523e-01 -1.654578447752792947e+00 nan nan nan nan nan nan nan nan nan nan nan nan nan nan nan nan nan nan nan nan nan nan
nan nan 3.057270181168414425e+00 1.874341541890852447e+00 5.068722654739532540e-01 -1.060425581422374419e+00 -3.076508650024785130e+00 nan nan nan nan nan nan nan nan nan nan nan nan nan nan nan nan nan nan nan nan nan
nan nan 3.426879748311532747e+00 2.264294626033859004e+00 1.078231521754752675e+00 -3.631587184664550882e-01 -2.192063565567661687e+00 -4.832212854174116501e+00 nan nan nan nan nan nan nan nan nan nan nan nan nan nan nan nan nan nan nan nan
nan 4.293442196673040279e+00 3.508636077095841355e+00 2.424292470234033825e+00 1.447718847516512364e+00 1.867610179935555725e-01 -1.271406902171089870e+00 -3.587274674994135548e+00 -5.765293375321327574e+00 nan nan nan nan nan nan nan nan nan nan nan nan nan nan nan nan nan nan nan
4.342102369756332791e+00 4.239496578875280086e+00 3.661441503465074465e+00 2.779332121875060846e+00 1.864743602986648652e+00 7.429330868796512055e-01 -8.009009178050413569e-01 -3.330310723757734959e+00 -5.490393956431101508e+00 -4.405318265316841675e+00 nan nan nan nan nan nan nan nan nan nan nan nan nan nan nan nan nan nan
4.222118361357257044e+00 4.139361038746834254e+00 3.752571831722196549e+00 3.181291468324065619e+00 2.221282888579892312e+00 1.056671905579535720e+00 -6.314351477629001064e-01 -3.559557800172635122e+00 -6.940558455305111174e+00 nan nan nan nan nan nan nan nan nan nan nan nan nan nan nan nan nan nan nan
3.855588954609634467e+00 3.778379311141044639e+00 3.616136573463027748e+00 3.233666576658885905e+00 2.480158398549459076e+00 1.206225252892628497e+00 -6.213382009590854294e-01 -3.787707587426047962e+00 -8.283252947473600969e+00 nan nan nan nan nan nan nan nan nan nan nan nan nan nan nan nan nan nan nan
3.599273564985585150e+00 3.566132213109174387e+00 3.409592515533219625e+00 3.175177468115093493e+00 2.570523951687788244e+00 1.277344187453092417e+00 -6.337806639899755679e-01 -3.639359574479244852e+00 -8.790416148987597822e+00 nan nan nan nan nan nan nan nan nan nan nan nan nan nan nan nan nan nan nan
nan 3.445512046650339055e+00 3.272153531411385874e+00 2.970891174921639344e+00 2.418078312156002330e+00 1.335853020553463111e+00 -5.048831154953058453e-01 -3.386774797518223412e+00 -6.794150563842979551e+00 -7.253759429082069943e+00 nan nan nan nan nan nan nan nan nan nan nan nan nan nan nan nan nan nan
nan 3.153204326414032366e+00 2.948612092258189765e+00 2.675105267148233157e+00 2.171285555997857220e+00 1.275086070959793760e+00 -4.564169305292430923e-01 -3.201794945659894420e+00 -5.161231458710566322e+00 -5.163891292302150937e+00 nan nan nan nan nan nan nan nan nan nan nan nan nan nan nan nan nan nan
nan 2.764659915042466221e+00 2.574246046122084408e+00 2.229301876758183809e+00 1.692113820041707628e+00 8.395976681215376880e-01 -5.890349350424377572e-01 -3.427857176190352018e+00 -5.129340140228246803e+00 -4.721408747452632504e+00 nan nan nan nan nan nan nan nan nan nan nan nan nan nan nan nan nan nan
nan nan 2.230115064882790765e+00 1.593883882139840003e+00 8.579189599817759193e-01 5.655229886916006699e-01 -9.000656093315649864e-01 -3.428685704010959068e+00 -5.497487783392148941e+00 -4.415678697294715072e+00 nan nan nan nan nan nan nan nan nan nan nan nan nan nan nan nan nan nan
nan nan 1.067302099250035052e+00 1.186587974768726905e-01 -3.167047959448205940e-01 nan -1.268983228810340869e+00 -3.464787082667990514e+00 -5.836936183133485834e+00 -5.223643720134090174e+00 nan nan nan nan nan nan nan nan nan nan nan nan nan nan nan nan nan nan
nan nan nan nan nan nan -1.322100673861684283e+00 -3.418661335431455672e+00 -5.839736829786782657e+00 -5.828652457466293235e+00 nan nan -2.953978825270176856e+00 nan nan nan nan nan nan nan nan nan nan nan nan nan nan nan
nan nan nan nan nan -3.472835406515443757e-01 -1.443758970689682508e+00 -3.328522963197189544e+00 -5.486533239291592423e+00 -6.725247962475048524e+00 nan nan nan nan nan nan nan nan nan nan nan nan nan nan nan nan nan nan
nan nan nan nan nan -2.059151535981831316e-01 -1.330775511681081769e+00 -2.628420240476285752e+00 -4.606592308225086363e+00 -7.728266184963477947e+00 -5.252519699451390522e+00 nan nan nan nan nan nan nan nan nan nan nan nan nan nan nan nan nan
nan nan nan nan nan 4.794227547909661880e-01 -6.555476560226972671e-01 -1.679950851617950214e+00 -2.833437778594999568e+00 -4.997314444581056669e+00 -6.693947575836538988e+00 -4.964128796972537394e+00 nan -1.935910070557469664e+00 nan nan nan nan nan nan nan nan nan nan nan nan nan nan
nan nan nan nan nan 1.046395082494179229e+00 1.088692722174306599e-01 -9.130586641156122063e-01 -1.499926338618919219e+00 -2.348204321191362354e+00 -3.406090735022234028e+00 -4.368510920852258117e+00 -4.550916140500559592e+00 -3.280346731082222078e+00 -1.490028394882849883e+00 nan nan nan nan nan nan nan nan nan nan nan nan nan
nan nan nan nan nan 1.025802087526670014e+00 3.863147537718474855e-01 -2.397430014147456101e-01 -6.889116453467861723e-01 -1.136727683659576327e+00 -1.536461383445465012e+00 -2.164008237420049774e+00 -3.135008144719374723e+00 -3.354598050456859326e+00 -2.769294182120171310e+00 -2.558712175534887390e+00 -1.703252660582053268e+00 nan nan nan nan nan nan nan nan nan nan nan
nan nan nan nan nan nan 5.455185807223936756e-01 1.858166549502127951e-01 -1.300456328631633962e-01 -4.383042831272090933e-01 -7.423481702772208868e-01 -9.881896895504448386e-01 -1.686349292275272305e+00 -2.528482634415865959e+00 -2.621750201128222102e+00 -2.165616938496747856e+00 -1.144461331451428920e+00 -1.086488211116715119e+00 nan nan nan nan nan nan nan nan nan nan
nan nan nan nan nan nan nan 3.692989996749885262e-01 2.234399589434440114e-01 -3.768336725816168187e-02 -4.000764773199064206e-01 -4.773037488363014447e-01 -8.045572254285840996e-01 -1.600778856871808431e+00 -2.050933581545216100e+00 -1.894927397764469390e+00 -1.685525066516446513e+00 -1.903704087169061587e+00 -1.500011238231349076e+00 nan nan -2.045595633771018385e+00 nan nan nan nan nan nan
nan nan nan nan nan nan nan 4.788593027492593079e-01 2.375480071349053424e-01 -2.001179309577525919e-02 -2.800090501027719392e-01 -4.468038266426939131e-01 -4.650356948290452763e-01 -8.892123365238764343e-01 -1.582442025726751078e+00 -1.799810934424520781e+00 -1.618978005451755520e+00 -1.696221568372816790e+00 -1.741526690596770122e+00 -1.556217557248088079e+00 -1.175188877313789959e+00 -1.373952360821830476e+00 -1.722946923869359326e+00 nan nan nan nan nan
nan nan nan nan nan nan nan nan 3.253135222750097033e-01 -1.498151105524800908e-01 -4.396819579703047931e-01 -5.991873853183087295e-01 -5.590458575043252276e-01 -6.764504040995046319e-01 -1.294758866352445859e+00 -1.653107612196440313e+00 -1.565393528600726780e+00 -1.223750262113674880e+00 -1.151412273730405778e+00 -1.310774590055185485e+00 -1.314071051748760821e+00 -1.393544749511071545e+00 -1.644542499600455399e+00 -1.610840854630616326e+00 nan -6.232388676612988787e-01 -1.803977658004227047e+00 nan
nan nan nan nan nan nan nan nan nan -1.520236563468472524e-01 -8.433759854697013836e-01 -9.175027907378862091e-01 -8.448345997786064210e-01 -8.508017934521707737e-01 -1.084053911729238928e+00 -1.402372814483235919e+00 -1.310373637553173598e+00 -9.790795566432256569e-01 -6.695308521950987801e-01 -7.752088600542474950e-01 -1.075885592645940525e+00 -1.505890043894870134e+00 -2.014342374788586465e+00 -2.639018537300728440e+00 nan -8.671103077349942012e-01 -1.453812466507693912e+00 nan
nan nan nan nan nan nan nan nan nan nan -9.573534149768851975e-01 -1.412891581665314034e+00 -1.303473523216826413e+00 -1.166721439299862828e+00 -1.103515477799587252e+00 -1.302183179187837325e+00 -1.174855219370241954e+00 -1.040094390621111975e+00 -8.400588716492007890e-01 -6.475473610897212184e-01 -8.580851985887200106e-01 -1.338191771963475718e+00 -1.996071280615759447e+00 -2.335060820578943375e+00 -2.166034315423254419e+00 -1.355809909418177028e+00 -1.137758403553859488e+00 nan
nan nan nan nan nan nan nan nan nan nan nan nan -1.731259480761749181e+00 -1.590504302987402196e+00 -1.417611348913125013e+00 -1.350811947541338709e+00 -1.110589017070048534e+00 -9.398642805327837024e-01 -8.340762460784056920e-01 -8.794321322833589250e-01 -9.866529224020506028e-01 -1.290069626663873370e+00 -1.916404933835417213e+00 -2.137799583930447334e+00 -1.895035116708836398e+00 -1.365121835349773383e+00 -1.071921201523130085e+00 nan
nan nan nan nan nan nan nan nan nan nan nan nan nan -2.038293143300158317e+00 -1.777144353653393294e+00 -1.525138220900550179e+00 -1.220060489048147678e+00 -8.806715173959903664e-01 -7.006106620687498898e-01 -7.371196445659554675e-01 -9.573442645263224859e-01 -1.139259401785557957e+00 -1.332664357986935721e+00 -1.922789550802399772e+00 -1.865116154345558774e+00 -1.331171213162698486e+00 -9.963017339094496494e-01 nan
nan nan nan nan nan nan nan nan nan nan nan nan nan nan nan -1.712090106124031452e+00 -1.320347639409483520e+00 -8.627585771813744975e-01 -5.513048199041447051e-01 -2.903580411435007225e-01 -4.649056635781686347e-02 -3.178587671328328423e-01 -3.837170271254135567e-01 -6.241020864245964139e-01 -9.571025487154205535e-01 -1.101421806912017631e+00 -9.182391331578559912e-01 nan
nan nan nan nan nan nan nan nan nan nan nan nan nan nan nan nan nan -9.087879762936945660e-01 -3.801042070722783772e-01 1.553281657249071801e-01 1.241150699841415461e+00 1.586045742361301469e+00 1.187664398494138629e+00 6.954031621379366257e-01 6.330333479951818498e-01 -3.366613053436423031e-01 -5.897334961064316650e-01 nan
nan nan nan nan nan nan nan nan nan nan nan nan nan nan nan nan nan nan nan nan -4.126383261581721001e-02 nan nan 1.835184749060338349e+00 1.414093927803174777e+00 8.312472022888894863e-01 nan nan
