nan nan nan -2.612119189617657100e-01 -1.203656585011685598e+00 -2.383097848500583815e+00 nan nan nan nan nan nan nan nan nan nan nan nan nan nan nan nan nan nan nan nan nan nan
nan nan -2.371911608468260657e-01 -8.750365658603397323e-01 -1.791454811621934207e+00 -2.684044092522437808e+00 -4.605439507953238198e+00 nan nan nan nan nan nan nan nan nan nan nan nan nan nan nan nan nan nan nan nan nan
nan nan -7.341693417455293913e-01 -1.419500886889270452e+00 -2.188884902120207254e+00 -3.151903766397412987e+00 -4.575634249523999664e+00 -7.013951287611779328e+00 nan nan nan nan nan nan nan nan nan nan nan nan nan nan nan nan nan nan nan nan
nan 2.203859301622362321e-01 -8.647761552817727626e-01 -1.583561866016061526e+00 -2.225247326307442819e+00 -3.000647091367598662e+00 -4.203565523013181426e+00 -5.709537279756414563e+00 -6.329274797297903987e+00 nan nan nan nan nan nan nan nan nan nan nan nan nan nan nan nan nan nan nan
8.848844007684163460e-01 1.840087907268561362e-01 -8.062441956404916565e-01 -1.452673052439598989e+00 -1.994610446156450223e+00 -2.556403411221108257e+00 -3.196187229790220741e+00 -4.221653487417968975e+00 -5.131704163296347154e+00 -4.273510871603378725e+00 nan nan nan nan nan nan nan nan nan nan nan nan nan nan nan nan nan nan
7.323158553384383485e-01 2.382352140511294902e-01 -6.156739382393482396e-01 -1.300997364844584947e+00 -1.922808396342982062e+00 -2.266695754490123615e+00 -2.618451762816592421e+00 -3.915230103554138807e+00 -5.318043617150805424e+00 nan nan nan nan nan nan nan nan nan nan nan nan nan nan nan nan nan nan nan
5.581027606633532923e-01 2.896756765378943888e-01 -5.506336363959316582e-01 -1.442108730777884373e+00 -2.187552091364980189e+00 -2.602713991606799393e+00 -2.858577218242139395e+00 -4.291320627514564556e+00 -5.133829303078004003e+00 nan nan nan nan nan nan nan nan nan nan nan nan nan nan nan nan nan nan nan
2.894647258590847261e-01 -2.560080675461419430e-02 -7.568880997456434168e-01 -1.552344648658140480e+00 -2.292527950380283563e+00 -2.844372943452905034e+00 -3.317736217868815007e+00 -4.438614713981775317e+00 -5.202564140014006355e+00 nan nan nan nan nan nan nan nan nan nan nan nan nan nan nan nan nan nan nan
nan -2.848079427521045814e-01 -8.291358597384427265e-01 -1.476145693661528924e+00 -2.131268987118732916e+00 -2.931452164752695211e+00 -3.565356591286312771e+00 -4.447440357243229947e+00 -4.737124813863425210e+00 -2.474693287193322266e+00 nan nan nan nan nan nan nan nan nan nan nan nan nan nan nan nan nan nan
nan -5.712484341386823150e-01 -9.921833833267219571e-01 -1.543014315052685381e+00 -2.075371110898461602e+00 -2.915087854870532791e+00 -3.685098353383168046e+00 -4.384629659780798328e+00 -3.823425662714869944e+00 -1.767908995008376838e+00 nan nan nan nan nan nan nan nan nan nan nan nan nan nan nan nan nan nan
nan -1.348686931238277875e+00 -1.659494957912687196e+00 -2.011428673979535731e+00 -2.353676865517378314e+00 -2.776922990199107488e+00 -3.573193688961703529e+00 -4.575795322343178206e+00 -3.570860337536553963e+00 -1.521154174043618745e+00 nan nan nan nan nan nan nan nan nan nan nan nan nan nan nan nan nan nan
nan nan -2.381535267039108561e+00 -2.447778618040429066e+00 -2.614112062291684246e+00 -3.161855192064156217e+00 -3.630946128090514868e+00 -4.804793959180242879e+00 -3.571247813277914407e+00 -7.014826285975142017e-01 nan nan nan nan nan nan nan nan nan nan nan nan nan nan nan nan nan nan
nan nan -1.333769759054661108e+00 -2.651626055747922095e+00 -3.098398150358943504e+00 nan -3.541605762091563747e+00 -5.168738538419449746e+00 -4.046674033112911850e+00 -7.707045687078870611e-01 nan nan nan nan nan nan nan nan nan nan nan nan nan nan nan nan nan nan
nan nan nan nan nan nan -3.950698208792843058e+00 -5.139425317719044095e+00 -4.996431137073885864e+00 -1.681763464829674426e+00 nan nan 1.323124570535800515e-01 nan nan nan nan nan nan nan nan nan nan nan nan nan nan nan
nan nan nan nan nan -4.184204954600198256e+00 -4.580096895424596859e+00 -5.454671435496101672e+00 -6.136358654884328523e+00 -4.392488629689933255e+00 nan nan nan nan nan nan nan nan nan nan nan nan nan nan nan nan nan nan
nan nan nan nan nan -4.094159294565132612e+00 -4.750002296462269236e+00 -5.407141850260892113e+00 -6.569592263068929405e+00 -7.341099815668160389e+00 -4.232392429755313934e+00 nan nan nan nan nan nan nan nan nan nan nan nan nan nan nan nan nan
nan nan nan nan nan -4.509595952032457333e+00 -4.827107751544333247e+00 -5.184105050097039147e+00 -5.860412475217264827e+00 -6.563409733601372587e+00 -6.856987845867031695e+00 -5.136490073018483926e+00 nan -1.703661703809708827e+00 nan nan nan nan nan nan nan nan nan nan nan nan nan nan
nan nan nan nan nan -4.808171670425107180e+00 -4.960943283217907229e+00 -5.105790183274745431e+00 -5.528405138379588912e+00 -5.795772678948011070e+00 -6.189811099647915427e+00 -5.890008989110550708e+00 -5.429883782103799739e+00 -4.080586592053999873e+00 -1.494081923882950580e+00 nan nan nan nan nan nan nan nan nan nan nan nan nan
nan nan nan nan nan -5.301609697965340651e+00 -5.179304923956175699e+00 -5.052339280959897039e+00 -5.265007723934009398e+00 -5.642913275722509781e+00 -5.691597307121614158e+00 -5.756205336804876893e+00 -5.548041528537256184e+00 -5.443381858850806942e+00 -4.583163977498578845e+00 -2.904141512599687669e+00 -1.578742412654735361e+00 nan nan nan nan nan nan nan nan nan nan nan
nan nan nan nan nan nan -5.501091546155939760e+00 -5.199331678683878799e+00 -5.137552298476886214e+00 -5.422251638875392743e+00 -5.682503888352720800e+00 -5.814098374235803668e+00 -5.722976953661966348e+00 -5.670887293762368664e+00 -5.656555496086746793e+00 -5.283788227189720743e+00 -3.861767644739195759e+00 -2.757355606621217703e+00 nan nan nan nan nan nan nan nan nan nan
nan nan nan nan nan nan nan -5.477740242313720032e+00 -5.331448272593822146e+00 -5.323150429182764931e+00 -5.492764871243977609e+00 -5.800465678862480878e+00 -5.842189141704333899e+00 -5.858883771987535738e+00 -5.842490484952532093e+00 -5.528612290467986412e+00 -4.886060989437871704e+00 -4.266283328331556213e+00 -3.092659855527914559e+00 nan nan -2.676167986772328700e+00 nan nan nan nan nan nan
nan nan nan nan nan nan nan -5.638496631775009149e+00 -5.674886712772579500e+00 -5.649917676236682063e+00 -5.570804121937532827e+00 -5.622308485237192954e+00 -5.829774358963250691e+00 -5.862562773054428078e+00 -5.847759075006447205e+00 -5.792259998118725051e+00 -5.202534697928697049e+00 -4.216251531355991844e+00 -3.283569336553818108e+00 -2.297096024237241796e+00 -1.499867158136664935e+00 -1.352422273461756141e+00 -1.644924553908995168e+00 nan nan nan nan nan
nan nan nan nan nan nan nan nan -5.982190318271015883e+00 -6.116132995260545435e+00 -6.036116277472371117e+00 -5.901051551231958570e+00 -5.768127240756708574e+00 -5.732347615577861433e+00 -5.793655400473130435e+00 -5.893327243201659016e+00 -5.746175965463010904e+00 -5.085568070643881278e+00 -4.230230603858958105e+00 -3.602960174435761331e+00 -2.956401609511775774e+00 -2.299536542294517538e+00 -1.729316446374379534e+00 -1.607806008275151299e+00 nan -5.947869062409364416e-01 -2.245917717977399697e+00 nan
nan nan nan nan nan nan nan nan nan -6.262589289736937737e+00 -6.350263156637595330e+00 -6.272058580949559925e+00 -6.038571710977869600e+00 -5.765371605524565624e+00 -5.696334600080756871e+00 -5.757690948685548094e+00 -6.017860433049845525e+00 -5.910634552049812918e+00 -5.389062272409891108e+00 -4.905611692781763011e+00 -4.666926879177757392e+00 -4.708858037243487615e+00 -4.809976431319504364e+00 -5.111775891505175196e+00 nan -3.146369559030068430e+00 -4.365490808557445312e+00 nan
nan nan nan nan nan nan nan nan nan nan -6.236305207598782374e+00 -6.244982885908596515e+00 -6.225609845531822728e+00 -6.009136085482429834e+00 -5.792364932824532353e+00 -5.713139891893854738e+00 -5.708968344188361854e+00 -6.372217711414112529e+00 -6.208404479368552664e+00 -6.082101739838674526e+00 -5.810517013232906258e+00 -5.676668643996206853e+00 -5.815725293866377932e+00 -6.252980255910489227e+00 -5.701918173464100015e+00 -4.639620475109682118e+00 -4.388608955370602693e+00 nan
nan nan nan nan nan nan nan nan nan nan nan nan -6.445037445950310584e+00 -6.315885840563501219e+00 -6.058769812955859813e+00 -5.873848835382675659e+00 -5.649663607664122011e+00 -5.392496768615050229e+00 -5.611837508262173202e+00 -5.916123241533079558e+00 -6.151417976619237393e+00 -6.114245279218772033e+00 -5.887167030499413478e+00 -5.711200717118154913e+00 -5.433962053173036821e+00 -4.693228756413280855e+00 -4.187725594219284808e+00 nan
nan nan nan nan nan nan nan nan nan nan nan nan nan -6.387391080052458925e+00 -6.041587845190242057e+00 -5.671803241314091082e+00 -5.421673504318887282e+00 -5.163410298972716639e+00 -4.969437164422365605e+00 -5.048451838080791454e+00 -5.244744685120146244e+00 -5.359478607226079383e+00 -4.824740413354338564e+00 -4.228892967706699757e+00 -3.805848698077417325e+00 -3.627270136946287860e+00 -3.442285057315864094e+00 nan
nan nan nan nan nan nan nan nan nan nan nan nan nan nan nan -5.256396433258791134e+00 -4.782988433487656010e+00 -4.765240593780518452e+00 -4.815128915854994140e+00 -4.724589931995439862e+00 -4.666628232276279320e+00 -4.495542188288180974e+00 -4.095712727548938226e+00 -3.257386904050821652e+00 -2.744915539866184417e+00 -2.605838654579241798e+00 -2.293729891388051279e+00 nan
nan nan nan nan nan nan nan nan nan nan nan nan nan nan nan nan nan -3.537072734594654655e+00 -3.479393282437715840e+00 -3.197626287173202630e+00 -3.032233154308592749e+00 -2.993621001550319516e+00 -2.648452320869586263e+00 -2.483851849207146856e+00 -1.600282286733070380e+00 -1.179759634578090965e+00 -6.189810107559536867e-01 nan
nan nan nan nan nan nan nan nan nan nan nan nan nan nan nan nan nan nan nan nan -6.525495001075358736e-01 nan nan -4.651856679631271030e-01 -3.473295026064852076e-01 3.195217884329178970e-01 nan nan
