nan nan nan -5.903945623117887287e+00 -7.229157744907624306e+00 -8.823964496036486693e+00 nan nan nan nan nan nan nan nan nan nan nan nan nan nan nan nan nan nan nan nan nan nan
nan nan -4.488332497351680495e+00 -5.952518946849496118e+00 -7.051774219670114974e+00 -8.350079548151985165e+00 -1.001453646159634125e+01 nan nan nan nan nan nan nan nan nan nan nan nan nan nan nan nan nan nan nan nan nan
nan nan -3.601701291886818090e+00 -5.563393366390521066e+00 -6.516307996256896828e+00 -7.496094565125362763e+00 -8.499708006919808767e+00 -9.707321267898100459e+00 nan nan nan nan nan nan nan nan nan nan nan nan nan nan nan nan nan nan nan nan
nan -1.514888408473922032e+00 -2.492204065799397572e+00 -4.386818351208293443e+00 -6.028568435485668786e+00 -7.119107473980593070e+00 -7.807673599456736113e+00 -9.037451667778091391e+00 -8.580793491001221795e+00 nan nan nan nan nan nan nan nan nan nan nan nan nan nan nan nan nan nan nan
-1.811021526694261141e-01 -8.949879883414546544e-01 -1.834794863406419285e+00 -3.185616760793330116e+00 -4.995377356413495562e+00 -6.650754484057341820e+00 -7.595297342279987873e+00 -8.882249770823248625e+00 -9.901748777047661321e+00 -5.460538203882492780e+00 nan nan nan nan nan nan nan nan nan nan nan nan nan nan nan nan nan nan
2.856348159716032842e-01 -3.644910799297708115e-01 -1.474226984044441302e+00 -2.816158108195431442e+00 -4.202765068686689531e+00 -5.735445045014686549e+00 -7.452049046803474575e+00 -9.130474324519802565e+00 -1.181193245998801267e+01 nan nan nan nan nan nan nan nan nan nan nan nan nan nan nan nan nan nan nan
9.089244414781383341e-01 1.726495943143892819e-01 -8.797840930142845073e-01 -2.342665515338464122e+00 -3.689174955145082979e+00 -4.809371072591444474e+00 -7.118472586427254889e+00 -9.887309742554183600e+00 -1.273522684431963015e+01 nan nan nan nan nan nan nan nan nan nan nan nan nan nan nan nan nan nan nan
1.212962042161072951e+00 6.840178404462651240e-01 -2.715699194622550050e-01 -1.981512949005456159e+00 -3.422940233488963813e+00 -4.454787396948565181e+00 -6.782557964951675622e+00 -1.003854652867673636e+01 -1.316751401066590432e+01 nan nan nan nan nan nan nan nan nan nan nan nan nan nan nan nan nan nan nan
nan 8.969731349362941586e-01 -2.986528136588353366e-01 -2.264416052329021767e+00 -3.488221868085479738e+00 -4.493005840246712346e+00 -6.237572371579217290e+00 -9.134363610084927032e+00 -1.153893547634781847e+01 -6.993844574720444740e+00 nan nan nan nan nan nan nan nan nan nan nan nan nan nan nan nan nan nan
nan 4.491788403121141360e-01 -7.882922912564547246e-01 -2.584298881147347071e+00 -3.790226659314838376e+00 -4.860810785541716861e+00 -6.169340368192150592e+00 -8.213952167363329337e+00 -9.657621823384978654e+00 -5.667883299706456768e+00 nan nan nan nan nan nan nan nan nan nan nan nan nan nan nan nan nan nan
nan 4.279911948066570521e-02 -1.504357150852512204e+00 -3.192115444763850451e+00 -4.614640775148135532e+00 -5.620246769668028719e+00 -6.389509212003923189e+00 -7.911258155704661732e+00 -8.571143777759854032e+00 -5.122849439231227819e+00 nan nan nan nan nan nan nan nan nan nan nan nan nan nan nan nan nan nan
nan nan -2.336750804246800151e+00 -4.677885331424051607e+00 -5.377577242256402101e+00 -6.103526524680948917e+00 -6.935088811112277263e+00 -7.781660760891730533e+00 -8.266379052219068768e+00 -4.215545231636629531e+00 nan nan nan nan nan nan nan nan nan nan nan nan nan nan nan nan nan nan
nan nan -3.252553957243653926e+00 -4.737422294903497644e+00 -5.574941388524867314e+00 nan -6.922478489287621883e+00 -7.731076852004298061e+00 -8.623253287709710335e+00 -4.609901756891758851e+00 nan nan nan nan nan nan nan nan nan nan nan nan nan nan nan nan nan nan
nan nan nan nan nan nan -6.534976367532604691e+00 -7.869746905151930427e+00 -9.297045555049747279e+00 -5.650721100950330644e+00 nan nan -2.383748571687563267e+00 nan nan nan nan nan nan nan nan nan nan nan nan nan nan nan
nan nan nan nan nan -6.410107717527851356e+00 -7.157413431956046068e+00 -8.348286013382013593e+00 -9.692364230052714191e+00 -8.090345822388567143e+00 nan nan nan nan nan nan nan nan nan nan nan nan nan nan nan nan nan nan
nan nan nan nan nan -5.684695684106821467e+00 -7.466157518237906743e+00 -8.650702447987523414e+00 -9.897247825412392785e+00 -1.106945908051832284e+01 -6.105261889474842718e+00 nan nan nan nan nan nan nan nan nan nan nan nan nan nan nan nan nan
nan nan nan nan nan -6.216446059106182531e+00 -7.597668243037005276e+00 -8.706482532489324910e+00 -9.495464036892666826e+00 -1.023278530918432239e+01 -9.575687887948799215e+00 -5.759053718103920083e+00 nan -1.592874559806068957e+00 nan nan nan nan nan nan nan nan nan nan nan nan nan nan
nan nan nan nan nan -7.155220365809945804e+00 -7.894700579898425552e+00 -8.550306685606317458e+00 -9.157272768544395092e+00 -9.221101368661196673e+00 -9.109950853969616347e+00 -7.679661219532034622e+00 -5.507678309449438814e+00 -3.030794401957861428e+00 -1.097396017875622798e+00 nan nan nan nan nan nan nan nan nan nan nan nan nan
nan nan nan nan nan -7.927798331164057188e+00 -8.251375002705742645e+00 -8.506342638253672206e+00 -8.817539298180284035e+00 -9.012965467813211617e+00 -8.688435814226300735e+00 -8.371727544663617238e+00 -6.909794295447415635e+00 -4.701819506202323140e+00 -2.791889106176585589e+00 -2.766265918637191845e+00 -1.814947258397112906e+00 nan nan nan nan nan nan nan nan nan nan nan
nan nan nan nan nan nan -8.490096313595500988e+00 -8.685596143755523357e+00 -8.809608769238778336e+00 -8.940384105793775404e+00 -8.753713156952706242e+00 -8.301191369576597978e+00 -8.010125623763959979e+00 -6.514430299387159451e+00 -4.540105130628726116e+00 -3.198297140215353274e+00 -2.193440033683347057e+00 -1.865028533739791605e+00 nan nan nan nan nan nan nan nan nan nan
nan nan nan nan nan nan nan -8.671855154420585521e+00 -8.772513128563078411e+00 -8.875210383052406726e+00 -8.704798698481800656e+00 -8.314823689889138336e+00 -7.880907827840584190e+00 -7.486935354648188934e+00 -6.037785650285186101e+00 -4.720591267711832906e+00 -4.174882353138816171e+00 -4.427820869860730646e+00 -3.071082896210252766e+00 nan nan -2.242405842418165207e+00 nan nan nan nan nan nan
nan nan nan nan nan nan nan -8.417080763003918165e+00 -8.512299190065956367e+00 -8.698045342088896348e+00 -8.575511556037008987e+00 -8.217300979721265719e+00 -7.656604490310749078e+00 -7.098545917557780527e+00 -6.619979510239275555e+00 -5.720189355764052408e+00 -4.844131183721867018e+00 -4.368528475427098989e+00 -4.088424616510892839e+00 -3.669026071826615887e+00 -2.962784991564261450e+00 -2.485938254727482200e+00 -1.934614368295857201e+00 nan nan nan nan nan
nan nan nan nan nan nan nan nan -8.232131780123010500e+00 -8.299359081456394449e+00 -8.268908331840131964e+00 -7.868504382379819972e+00 -7.460386834866850947e+00 -6.920987941850507141e+00 -6.482093912224784482e+00 -5.962147135361164807e+00 -5.338628079809555338e+00 -4.582265867085823174e+00 -4.059935593334429882e+00 -3.997444099961329211e+00 -4.161994401526222020e+00 -4.262105702138688557e+00 -3.689756571818969988e+00 -2.451308700275383945e+00 nan -1.645180530542504016e+00 -3.306085091435958745e+00 nan
nan nan nan nan nan nan nan nan nan -8.001852801545345173e+00 -8.160907967613246328e+00 -7.699771055384410978e+00 -7.319156476229824015e+00 -6.825005398431835957e+00 -6.259594641827678885e+00 -5.724249388571257313e+00 -5.364911865742355346e+00 -4.742997758074336545e+00 -4.244865960288334961e+00 -4.020854903337633068e+00 -4.420779234304856864e+00 -5.289419261913021586e+00 -6.239719512033179427e+00 -6.495930758712492370e+00 nan -1.993351447015283773e+00 -3.223197075336880602e+00 nan
nan nan nan nan nan nan nan nan nan nan -7.830401363740736365e+00 -7.725401886557595077e+00 -7.296529284029267259e+00 -6.804561912250945532e+00 -6.115210435589848892e+00 -5.679532942482252267e+00 -5.327026408059423623e+00 -4.944281468469667651e+00 -4.357800635988428262e+00 -3.959278005684223167e+00 -3.999146885581668975e+00 -4.676758908100895340e+00 -5.426181126449641567e+00 -6.168640756149549098e+00 -5.863888545344925873e+00 -3.825471150929867559e+00 -3.292890584516622088e+00 nan
nan nan nan nan nan nan nan nan nan nan nan nan -7.288104726797105748e+00 -6.826937581407494626e+00 -6.281819571404152924e+00 -5.628059931943903749e+00 -5.112247167099056355e+00 -4.645233645618411344e+00 -4.314840145280471440e+00 -4.054198093309972606e+00 -3.839545615094373865e+00 -3.940062391565703148e+00 -4.299489146743853851e+00 -4.362557693227901545e+00 -4.201723084793203888e+00 -3.832983135210946024e+00 -3.379667055114501384e+00 nan
nan nan nan nan nan nan nan nan nan nan nan nan nan -6.667851130748786659e+00 -6.162266960384824799e+00 -5.436957823806776169e+00 -4.597453235205858135e+00 -3.740530396239131417e+00 -3.068944357372771048e+00 -2.747658089977535578e+00 -3.026812303730286757e+00 -3.446696895044099040e+00 -3.818527697540023524e+00 -4.002636386710044292e+00 -3.786646790667972606e+00 -3.509897698054577297e+00 -3.179493310498093805e+00 nan
nan nan nan nan nan nan nan nan nan nan nan nan nan nan nan -5.077485247530696633e+00 -4.281224955370342755e+00 -3.136782795880226793e+00 -1.850402419678631283e+00 -8.853545363948155389e-01 -7.068735974043738324e-01 -1.474260501795785050e+00 -2.576337207116529360e+00 -3.094328618009973386e+00 -3.193584010059095313e+00 -3.097085261528356614e+00 -2.914720016677681880e+00 nan
nan nan nan nan nan nan nan nan nan nan nan nan nan nan nan nan nan -2.602790675872659776e+00 -1.534618885243158815e+00 -5.326509560421669454e-01 5.487097843203143643e-01 5.892123947792837768e-01 2.176368378189356620e-02 -1.080449523556729741e+00 -1.904541531689500244e+00 -2.189537056705967544e+00 -2.355575935356889694e+00 nan
nan nan nan nan nan nan nan nan nan nan nan nan nan nan nan nan nan nan nan nan -8.813522633893993152e-01 nan nan 7.729434153933424367e-01 -4.148815115065282999e-01 -1.031080707343070335e+00 nan nan
