nan nan nan 6.387152780344856895e-01 1.764200036672872451e-01 -9.132029192361473813e-01 nan nan nan nan nan nan nan nan nan nan nan nan nan nan nan nan nan nan nan nan nan nan
nan nan 9.221384870327971051e-01 6.591241989190118611e-01 1.667182868881322000e-01 -6.625036561690641479e-01 -2.024632940144986737e+00 nan nan nan nan nan nan nan nan nan nan nan nan nan nan nan nan nan nan nan nan nan
nan nan 8.322125154943362801e-01 5.817944973835091904e-01 1.584887043190380262e-01 -5.156905650738998759e-01 -1.461859232285722898e+00 -2.887728975456763880e+00 nan nan nan nan nan nan nan nan nan nan nan nan nan nan nan nan nan nan nan nan
nan 5.609630990700612552e-01 5.765779339275721727e-01 4.097958240868326829e-01 4.226851392153552212e-02 -4.116836910050731824e-01 -9.849368231501491877e-01 -2.049877583423245664e+00 -2.249380716817815706e+00 nan nan nan nan nan nan nan nan nan nan nan nan nan nan nan nan nan nan nan
2.222845668810808917e-01 2.814623166946423338e-01 2.717523706777967285e-01 1.275784504280254306e-01 -1.216539334757947427e-01 -5.243278425220991856e-01 -9.562415279885714270e-01 -1.670226762282267075e+00 -2.095238458716623065e+00 -1.471267820246150881e+00 nan nan nan nan nan nan nan nan nan nan nan nan nan nan nan nan nan nan
5.788383048760156052e-02 -6.663844728113395462e-03 -1.029867691297130516e-01 -1.687789414541110700e-01 -2.949659923697950936e-01 -6.045125071441073139e-01 -1.097515335486481947e+00 -1.799066487690958560e+00 -2.724326083370135265e+00 nan nan nan nan nan nan nan nan nan nan nan nan nan nan nan nan nan nan nan
1.353279448123200501e-01 -4.465556970936557235e-02 -2.515971940638337956e-01 -4.132377336233587495e-01 -5.848950530784154944e-01 -8.729628754010031466e-01 -1.214628777305692298e+00 -1.933640577783790393e+00 -2.976297527065760118e+00 nan nan nan nan nan nan nan nan nan nan nan nan nan nan nan nan nan nan nan
7.246724974135486386e-02 -1.222715511468073918e-01 -3.684354144009977516e-01 -6.747343069140200322e-01 -9.623899683022435481e-01 -1.197438624505412497e+00 -1.381424341669478473e+00 -1.949463926914008383e+00 -3.073169825299348901e+00 nan nan nan nan nan nan nan nan nan nan nan nan nan nan nan nan nan nan nan
nan -3.215440147442215069e-01 -6.441337084435879712e-01 -1.049012513629977050e+00 -1.381862626668653560e+00 -1.525406543628579081e+00 -1.557160687367395768e+00 -1.837701727451888978e+00 -2.461140008247802324e+00 -2.274727405204494790e+00 nan nan nan nan nan nan nan nan nan nan nan nan nan nan nan nan nan nan
nan -6.624981524640213282e-01 -1.015177832020513149e+00 -1.446323134799536669e+00 -1.788590673589764757e+00 -1.937588189979867925e+00 -1.802097994159124417e+00 -1.656069339323951839e+00 -1.591191901412775112e+00 -1.339933968660310226e+00 nan nan nan nan nan nan nan nan nan nan nan nan nan nan nan nan nan nan
nan -9.309659712503637330e-01 -1.294227887670890365e+00 -1.840060272120662477e+00 -2.345725813538420912e+00 -2.484207880280622671e+00 -2.419611614224325802e+00 -2.205420610182242225e+00 -1.560748614482334373e+00 -1.124033101402214463e+00 nan nan nan nan nan nan nan nan nan nan nan nan nan nan nan nan nan nan
nan nan -1.648415009174952983e+00 -2.078286915365656462e+00 -2.442082726100659684e+00 -2.985201627390202450e+00 -3.119328405092330225e+00 -2.908031810050651700e+00 -1.992826298910624017e+00 -6.983156193118477129e-01 nan nan nan nan nan nan nan nan nan nan nan nan nan nan nan nan nan nan
nan nan -6.232030878547614172e-01 -1.889511426520979809e+00 -2.182952088264827673e+00 nan -3.241352915467494711e+00 -3.342609898676195623e+00 -2.605665573370046673e+00 -8.406977806551815258e-01 nan nan nan nan nan nan nan nan nan nan nan nan nan nan nan nan nan nan
nan nan nan nan nan nan -2.928931046552678552e+00 -3.473284966208542102e+00 -3.252181528508130359e+00 -1.159630082889547609e+00 nan nan -2.022316567240619589e-01 nan nan nan nan nan nan nan nan nan nan nan nan nan nan nan
nan nan nan nan nan -2.903063641352721103e+00 -3.107336548509172847e+00 -3.671278118680222136e+00 -3.749939710447637520e+00 -2.648179063010030365e+00 nan nan nan nan nan nan nan nan nan nan nan nan nan nan nan nan nan nan
nan nan nan nan nan -2.186832563577753685e+00 -3.013616427951537613e+00 -3.611361685938545119e+00 -3.788941208647854442e+00 -3.783896730550969867e+00 -2.034279974791791012e+00 nan nan nan nan nan nan nan nan nan nan nan nan nan nan nan nan nan
nan nan nan nan nan -2.420123162260593208e+00 -2.851325875496891538e+00 -3.439344775309189028e+00 -3.631102719648251931e+00 -3.518383168139783468e+00 -3.214574004165067667e+00 -2.631693933271097130e+00 nan -1.019869135843728847e+00 nan nan nan nan nan nan nan nan nan nan nan nan nan nan
nan nan nan nan nan -2.404089299610886243e+00 -2.875868527031518962e+00 -3.307477183281449573e+00 -3.455515942053391854e+00 -3.401999477281977935e+00 -3.182401829384327474e+00 -2.701509264821885026e+00 -2.448621367561672368e+00 -1.635773249915809968e+00 -2.874331635463562851e-01 nan nan nan nan nan nan nan nan nan nan nan nan nan
nan nan nan nan nan -2.687196393943431350e+00 -2.999230201578618082e+00 -3.363914941581148010e+00 -3.503649974820561397e+00 -3.457476131269779263e+00 -3.311412593329916998e+00 -3.109223055403251834e+00 -2.876468778928600312e+00 -2.557196771054357498e+00 -1.850350245602512933e+00 -1.051798074075436240e+00 -4.685489750386881980e-01 nan nan nan nan nan nan nan nan nan nan nan
nan nan nan nan nan nan -3.184510172912359938e+00 -3.444295302412246684e+00 -3.673474121572699147e+00 -3.708135009495071355e+00 -3.623705150841807665e+00 -3.435824292009698411e+00 -3.282594948211285502e+00 -3.186546187651135398e+00 -2.934163653499095137e+00 -2.354678848924256496e+00 -1.461767621832039010e+00 -9.277070645166521912e-01 nan nan nan nan nan nan nan nan nan nan
nan nan nan nan nan nan nan -3.585087698723152361e+00 -3.793006391079394746e+00 -3.919875686955074823e+00 -3.878862956084136560e+00 -3.699665385347277180e+00 -3.583202040817184297e+00 -3.518294335966102082e+00 -3.410798423283593284e+00 -3.120074418284696893e+00 -2.746197537826479351e+00 -2.294399287280360245e+00 -1.623093260134130800e+00 nan nan -8.329710685686307903e-01 nan nan nan nan nan nan
nan nan nan nan nan nan nan -3.787844170886172090e+00 -3.961087473372083334e+00 -4.068641588843366463e+00 -4.072342419624200183e+00 -3.897160911608865685e+00 -3.733035440804548966e+00 -3.648739689396190755e+00 -3.619345293469645952e+00 -3.620744584994571635e+00 -3.216410096569753296e+00 -2.895596285510734447e+00 -2.476106055482339752e+00 -1.889613128244478135e+00 -1.170592882325906414e+00 -4.986848760580962492e-01 -3.911138184608662915e-01 nan nan nan nan nan
nan nan nan nan nan nan nan nan -3.991306528893041161e+00 -4.222777422171109407e+00 -4.285779197783639916e+00 -4.121083301016560618e+00 -4.019636009232024243e+00 -3.988524559646648981e+00 -3.787467129316105741e+00 -3.859913033393078674e+00 -3.794692836180616258e+00 -3.499792673093947926e+00 -3.247753104210050257e+00 -3.061898363855117378e+00 -2.789925111874950403e+00 -2.193373474783936405e+00 -1.188506264548879754e+00 -5.867235239897068411e-01 nan -6.518452920989576960e-01 -9.683236096927100300e-01 nan
nan nan nan nan nan nan nan nan nan -4.444914475034033252e+00 -4.743084397011240405e+00 -4.388831271284804103e+00 -4.127791313612316770e+00 -3.903687599835838906e+00 -3.927320210501431319e+00 -4.081232176483498897e+00 -4.385555873455743381e+00 -4.154359010036581701e+00 -3.932308202783635576e+00 -3.812724113382545799e+00 -3.677744397094878881e+00 -3.482378712993396075e+00 -2.915753274082109936e+00 -2.183439665941786956e+00 nan -9.579459171561298669e-01 -1.079643623338259362e+00 nan
nan nan nan nan nan nan nan nan nan nan -4.387022284008227579e+00 -4.612412717787165661e+00 -4.152552200119926873e+00 -3.829087808601244092e+00 -3.806763917550359366e+00 -4.042833395923106643e+00 -4.548572740755145283e+00 -4.814272278209460687e+00 -4.613884998176952301e+00 -4.352107450181272874e+00 -4.199051260275424191e+00 -4.047433934738147165e+00 -3.703075721203443749e+00 -3.137657523888367717e+00 -2.315342996398934261e+00 -1.476745439142220340e+00 -1.203558096804862254e+00 nan
nan nan nan nan nan nan nan nan nan nan nan nan -4.653168948054608123e+00 -4.218035500383056302e+00 -4.052871678282623513e+00 -4.092638215742849361e+00 -4.410675566450675156e+00 -4.737577172737135633e+00 -4.885117715975323627e+00 -4.890856167876378002e+00 -4.880137089413516982e+00 -4.407473375232021873e+00 -4.142765470989059118e+00 -3.549082630140663497e+00 -2.874450397078034403e+00 -2.262557621627092175e+00 -1.828846592996242526e+00 nan
nan nan nan nan nan nan nan nan nan nan nan nan nan -4.714576525469754920e+00 -4.400489062609993951e+00 -4.125672639814517595e+00 -4.030932819902614206e+00 -4.281792466347475568e+00 -4.517766813638689705e+00 -4.754059008200481884e+00 -5.014070748828845403e+00 -5.043719578645802670e+00 -4.466389655230808664e+00 -3.871812353798036455e+00 -3.144990822902086425e+00 -2.608654501071008269e+00 -2.259774805273235820e+00 nan
nan nan nan nan nan nan nan nan nan nan nan nan nan nan nan -3.915968549803066967e+00 -3.717222963982087069e+00 -3.708144122532349485e+00 -3.960084768070438077e+00 -4.287435244561897285e+00 -4.634972928992596941e+00 -5.087882062793546822e+00 -4.961043478919854977e+00 -4.010406687730598385e+00 -3.251833539875529144e+00 -2.719078825804976507e+00 -2.416333901777228288e+00 nan
nan nan nan nan nan nan nan nan nan nan nan nan nan nan nan nan nan -2.981288311246899081e+00 -2.884206032136705122e+00 -2.883294224627852120e+00 -2.691224131273296738e+00 -3.141116502100380625e+00 -3.372610141833350728e+00 -3.437154769127368947e+00 -3.114769886546340683e+00 -2.767447954336057503e+00 -2.463564220387592929e+00 nan
nan nan nan nan nan nan nan nan nan nan nan nan nan nan nan nan nan nan nan nan -8.529079223470631410e-01 nan nan -2.510256563694999610e+00 -2.521533206571672459e+00 -2.583965564100927814e+00 nan nan
