nan nan nan 4.263846691968345759e+00 2.714581197439173810e+00 1.323863981788599986e-01 nan nan nan nan nan nan nan nan nan nan nan nan nan nan nan nan nan nan nan nan nan nan
nan nan 5.314153614451061713e+00 4.789081340776204954e+00 3.320399052087825265e+00 8.919979977421990114e-01 -2.535877310602488777e+00 nan nan nan nan nan nan nan nan nan nan nan nan nan nan nan nan nan nan nan nan nan
nan nan 5.712142615921877109e+00 5.050574396733026994e+00 3.808044481465353126e+00 1.661315029047728986e+00 -1.596042092143315161e+00 -5.498310611810207860e+00 nan nan nan nan nan nan nan nan nan nan nan nan nan nan nan nan nan nan nan nan
nan 6.284806423246160456e+00 5.916868944540421893e+00 5.318989584381273339e+00 4.317247510643875685e+00 2.508591554698643922e+00 -5.514060624317315140e-01 -3.744297341215130359e+00 -5.300280139226393850e+00 nan nan nan nan nan nan nan nan nan nan nan nan nan nan nan nan nan nan nan
6.704713305286619907e+00 6.552387021257325195e+00 6.125252298857557065e+00 5.524486968231694384e+00 4.783439760558981568e+00 3.365403541534066623e+00 8.129362451792943034e-01 -2.446409530065212667e+00 -4.738692193985095891e+00 -3.747668401458499776e+00 nan nan nan nan nan nan nan nan nan nan nan nan nan nan nan nan nan nan
6.763963949658593044e+00 6.675437771934254805e+00 6.328618601690653378e+00 5.705678895528933481e+00 5.116133587692879736e+00 3.988765639401359753e+00 1.618024608387449881e+00 -1.713257536567983408e+00 -5.444638495731339844e+00 nan nan nan nan nan nan nan nan nan nan nan nan nan nan nan nan nan nan nan
6.774194728632938478e+00 6.615052829507646948e+00 6.393922381364710361e+00 5.794686673329628945e+00 5.258916149356480219e+00 4.230963659709797042e+00 1.988373105580617306e+00 -1.727112073754791810e+00 -6.360646883212822011e+00 nan nan nan nan nan nan nan nan nan nan nan nan nan nan nan nan nan nan nan
6.841637580568531440e+00 6.651985200186125269e+00 6.377821741763722407e+00 5.836578447822646787e+00 5.201523278056257027e+00 4.170281800846546538e+00 2.236422997204586594e+00 -1.496412314143847233e+00 -6.937426818567089981e+00 nan nan nan nan nan nan nan nan nan nan nan nan nan nan nan nan nan nan nan
nan 6.631492898875773534e+00 6.272793657152841540e+00 5.784474373839814554e+00 5.073404746102405660e+00 4.131283119224913314e+00 2.596710840850695590e+00 -6.699271224733601704e-01 -5.305241656319870991e+00 -5.719370417998714373e+00 nan nan nan nan nan nan nan nan nan nan nan nan nan nan nan nan nan nan
nan 6.324082207802711686e+00 6.020498201372383562e+00 5.731108515080716614e+00 5.098714302505999107e+00 4.104777028052523313e+00 2.693312878544915634e+00 2.081459728326353897e-01 -3.257141718020422072e+00 -4.182102238178122988e+00 nan nan nan nan nan nan nan nan nan nan nan nan nan nan nan nan nan nan
nan 5.875569871981343617e+00 5.589620620937729711e+00 5.388046829436258456e+00 4.847099265211533670e+00 3.836869512495828527e+00 2.733712056024440784e+00 1.466088416489049473e-01 -2.446151919737100222e+00 -3.552295164360752100e+00 nan nan nan nan nan nan nan nan nan nan nan nan nan nan nan nan nan nan
nan nan 5.026948919356995837e+00 4.861498552904957471e+00 4.333961545674029026e+00 3.546801742371506805e+00 2.580639546032478027e+00 8.216221264198258004e-03 -2.578662478710528561e+00 -3.110567495293093732e+00 nan nan nan nan nan nan nan nan nan nan nan nan nan nan nan nan nan nan
nan nan 3.638565906377563497e+00 3.629355157278566946e+00 3.064149315688737829e+00 nan 2.217827686152566535e+00 4.981487218337848910e-02 -2.762321170039614859e+00 -3.457935444020342697e+00 nan nan nan nan nan nan nan nan nan nan nan nan nan nan nan nan nan nan
nan nan nan nan nan nan 1.168788853620890356e+00 -2.959624298931571862e-01 -3.067068113911034288e+00 -3.557595772296022307e+00 nan nan -1.986332167178629371e+00 nan nan nan nan nan nan nan nan nan nan nan nan nan nan nan
nan nan nan nan nan 1.999379506230733128e+00 7.012018144598939351e-01 -1.107503085869706139e+00 -3.628224544526405193e+00 -4.509749996683351192e+00 nan nan nan nan nan nan nan nan nan nan nan nan nan nan nan nan nan nan
nan nan nan nan nan 1.110662724246040955e+00 2.709534601245353613e-01 -1.759707059273238672e+00 -4.130229461822548132e+00 -6.530907589501566690e+00 -3.988604498570597290e+00 nan nan nan nan nan nan nan nan nan nan nan nan nan nan nan nan nan
nan nan nan nan nan 8.945772857493294872e-01 1.310237395978797181e-02 -1.820247703242950932e+00 -3.774633212771371316e+00 -5.871533530738751061e+00 -6.817125873580497597e+00 -5.028848123111079538e+00 nan -1.843497193182438210e+00 nan nan nan nan nan nan nan nan nan nan nan nan nan nan
nan nan nan nan nan 1.159113145298153347e+00 2.322935870760723109e-01 -1.315384872262929772e+00 -2.756550419587362910e+00 -4.266474363499471067e+00 -5.723610032610530141e+00 -6.440948316430382015e+00 -6.270707251686392425e+00 -4.726883597229231349e+00 -1.969389121495041417e+00 nan nan nan nan nan nan nan nan nan nan nan nan nan
nan nan nan nan nan 1.591218175632570508e+00 6.710250994594101348e-01 -4.706670863744235045e-01 -1.595044955162608913e+00 -2.873114556217414073e+00 -4.197332324057950537e+00 -5.440158590680357342e+00 -6.773703332170779134e+00 -7.468846114945042025e+00 -6.599350988480371605e+00 -3.990523361294433968e+00 -1.919561293491921505e+00 nan nan nan nan nan nan nan nan nan nan nan
nan nan nan nan nan nan 1.477486338342665517e+00 6.252963398563342601e-01 -3.409701202599683678e-01 -1.440813553006352388e+00 -2.669874331533490963e+00 -3.859981781423857949e+00 -5.644903341916275075e+00 -7.521727408368555245e+00 -8.808513560635622852e+00 -8.610065085508695759e+00 -6.640013998549988194e+00 -4.499190906266524514e+00 nan nan nan nan nan nan nan nan nan nan
nan nan nan nan nan nan nan 1.630901874966024678e+00 9.737043734600120404e-01 -6.782216356943888969e-02 -1.357827583998738818e+00 -2.377392945131086677e+00 -3.757630156147224287e+00 -5.787883169154381058e+00 -7.591100800120372583e+00 -8.435226410798184915e+00 -8.506943081561303188e+00 -8.051169836653590650e+00 -6.266858184050533964e+00 nan nan -3.417285370538960532e+00 nan nan nan nan nan nan
nan nan nan nan nan nan nan 2.375925866767286454e+00 1.912223943394366410e+00 1.217550334304728699e+00 5.478260754014078332e-02 -1.072685956676378227e+00 -2.040859115814618097e+00 -3.647429220060424360e+00 -5.291650357683990613e+00 -6.526691072979464714e+00 -7.270275724495181002e+00 -7.280393173582267785e+00 -6.937075516395992736e+00 -6.231636270992655824e+00 -5.555165627216907431e+00 -4.517060202486931075e+00 -2.413777646178139946e+00 nan nan nan nan nan
nan nan nan nan nan nan nan nan 2.503897049705654076e+00 1.848891569127016909e+00 9.835821999525159454e-01 1.630870063233282041e-01 -6.727344325834323513e-01 -1.746404066599045235e+00 -3.176119178405754084e+00 -4.393319011438364896e+00 -5.329461708518480556e+00 -5.833616139442601600e+00 -5.950259896895640388e+00 -5.730324864820953046e+00 -5.590036087470632964e+00 -5.649760718263004300e+00 -4.886982373744467090e+00 -2.875429773798233057e+00 nan -1.537581086006153841e+00 -2.911403875027751553e+00 nan
nan nan nan nan nan nan nan nan nan 2.378834096676018195e+00 1.481186379892659000e+00 8.767079999848955696e-01 2.421350687609138685e-01 -5.694844712448614565e-01 -1.560043419606140347e+00 -2.459278184018442559e+00 -3.454373762893705901e+00 -4.276794858709778602e+00 -4.730981532796072919e+00 -5.186273171775824586e+00 -5.381476729179255791e+00 -5.814235887346367981e+00 -6.246967679721756816e+00 -6.470607498930249335e+00 nan -2.916246746423408975e+00 -4.058190676506802319e+00 nan
nan nan nan nan nan nan nan nan nan nan 2.091168759845241976e+00 1.374358875980442152e+00 8.674372372881832272e-01 3.681077632625238127e-01 -2.640144640804085729e-01 -9.991344560302604094e-01 -1.737328608297865395e+00 -2.704655484096303741e+00 -3.538230708118715651e+00 -4.148610045125056267e+00 -4.896851980287532768e+00 -5.252393491030471928e+00 -5.863284724782431567e+00 -6.220018573059241440e+00 -5.788698783715431340e+00 -4.240032335820760778e+00 -3.769879742228157582e+00 nan
nan nan nan nan nan nan nan nan nan nan nan nan 1.374652069655510234e+00 1.072298615402564659e+00 6.657326996486773174e-01 -1.530222005017349042e-02 -7.136623614665614790e-01 -1.452122729493301234e+00 -2.236662644487085405e+00 -2.867312832959446833e+00 -3.693487329068180003e+00 -4.539700250427729067e+00 -4.850512792690017783e+00 -4.915795563133706914e+00 -4.602149457004823141e+00 -3.879149219450093167e+00 -3.438252033856596057e+00 nan
nan nan nan nan nan nan nan nan nan nan nan nan nan 1.511788633521103487e+00 1.174536330061481504e+00 7.283088058604668680e-01 1.888211903652192714e-01 -6.171665315070558044e-01 -1.557069987621957141e+00 -2.121675852525447770e+00 -2.527991980942530859e+00 -3.240203153651419310e+00 -3.902748425023853773e+00 -4.043644415393031544e+00 -3.537787154217744146e+00 -3.125888432336556999e+00 -2.876271058496629340e+00 nan
nan nan nan nan nan nan nan nan nan nan nan nan nan nan nan 1.114209233148035327e+00 7.256031290896839403e-01 1.644829966252789877e-01 -4.850200256340000959e-01 -9.622943837711854798e-01 -1.270487777417700803e+00 -1.823450819248054300e+00 -2.515041318831518158e+00 -2.977459533804573955e+00 -2.614888275652907268e+00 -2.392868593353135509e+00 -2.236726166159552776e+00 nan
nan nan nan nan nan nan nan nan nan nan nan nan nan nan nan nan nan 7.197568372887559462e-01 3.655896202020339492e-01 -1.257844487497511710e-01 1.393240442237765608e-01 -4.804736708490802144e-01 -1.126068227967747859e+00 -1.742650174560644416e+00 -1.609384015768705822e+00 -1.558894873702248773e+00 -1.611446524428434834e+00 nan
nan nan nan nan nan nan nan nan nan nan nan nan nan nan nan nan nan nan nan nan -4.000102846041841409e-01 nan nan -3.215498719599728661e-01 -9.652634247668836487e-01 -1.044968838143484513e+00 nan nan
