nan nan nan 7.584859909450915039e-01 -2.933550152966698521e-01 -1.760771296828749444e+00 nan nan nan nan nan nan nan nan nan nan nan nan nan nan nan nan nan nan nan nan nan nan
nan nan 1.542399471388028021e+00 8.245442639096643989e-01 -6.684002410429984442e-02 -1.419958278529377171e+00 -3.329965311550980633e+00 nan nan nan nan nan nan nan nan nan nan nan nan nan nan nan nan nan nan nan nan nan
nan nan 1.536779664432901038e+00 9.495896173084462655e-01 6.997615470759134537e-02 -9.035657731418700322e-01 -2.808695524910332253e+00 -4.602153458623444493e+00 nan nan nan nan nan nan nan nan nan nan nan nan nan nan nan nan nan nan nan nan
nan 2.009810178685665694e+00 1.610186818293468880e+00 1.023642335590173147e+00 3.965728915808646726e-01 -2.925279983525805316e-01 -1.665331370013677592e+00 -3.294499341184958130e+00 -4.098382590713434581e+00 nan nan nan nan nan nan nan nan nan nan nan nan nan nan nan nan nan nan nan
2.361630360475619472e+00 2.008676484014713104e+00 1.529627712424606933e+00 1.073370208626970301e+00 6.931890954652343284e-01 -1.567763479525654813e-01 -1.266877037036481246e+00 -2.682310826757499989e+00 -3.312327336722142412e+00 -2.490906864199135651e+00 nan nan nan nan nan nan nan nan nan nan nan nan nan nan nan nan nan nan
2.207303932903758259e+00 1.931123899282373824e+00 1.683967729491457677e+00 1.404027614140555436e+00 1.052650489160649405e+00 3.587544707553729784e-01 -1.015061925695197820e+00 -2.674796932271524597e+00 -4.231819458581417059e+00 nan nan nan nan nan nan nan nan nan nan nan nan nan nan nan nan nan nan nan
2.167761526031980690e+00 1.852678555516757308e+00 1.660514225296264579e+00 1.384092056203944043e+00 1.036850891712376432e+00 5.145309547614753676e-01 -5.283896897488127298e-01 -2.667112791243415160e+00 -4.854473750200030580e+00 nan nan nan nan nan nan nan nan nan nan nan nan nan nan nan nan nan nan nan
2.443951758069498048e+00 2.031155693335115586e+00 1.599442327097220673e+00 1.292084617399590352e+00 9.989656994481050933e-01 5.554236555381950602e-01 -4.148599577671394090e-01 -2.222170457463441551e+00 -4.856224077370076664e+00 nan nan nan nan nan nan nan nan nan nan nan nan nan nan nan nan nan nan nan
nan 2.371917403214049980e+00 1.931836462516596464e+00 1.487478984094719792e+00 1.212256223468108463e+00 8.465152428881640434e-01 -8.158311457353112361e-02 -1.999682630377799475e+00 -3.056302502634456353e+00 -4.222313339670597188e+00 nan nan nan nan nan nan nan nan nan nan nan nan nan nan nan nan nan nan
nan 2.441896652016041447e+00 2.159298695696636017e+00 1.691682393901739800e+00 1.278874033864663584e+00 9.804652633771672177e-01 -6.451649156578516398e-02 -1.844601551012665208e+00 -2.162719780946400938e+00 -2.402870733104909284e+00 nan nan nan nan nan nan nan nan nan nan nan nan nan nan nan nan nan nan
nan 2.579928936664674044e+00 2.313343115201893507e+00 2.018349850614431951e+00 1.564459195727674112e+00 9.162891531633740039e-01 -2.669290133541106780e-01 -1.965282646925163412e+00 -2.082459433341760313e+00 -1.993083560641138119e+00 nan nan nan nan nan nan nan nan nan nan nan nan nan nan nan nan nan nan
nan nan 2.380964746989746139e+00 2.414565109603608484e+00 2.045418538717191925e+00 1.135454028256279058e+00 -6.154646406729957775e-01 -2.270820370601622340e+00 -2.569193709485842803e+00 -1.427153148650532222e+00 nan nan nan nan nan nan nan nan nan nan nan nan nan nan nan nan nan nan
nan nan 2.187083994583808089e+00 1.598128986154848219e+00 1.431842467500359151e+00 nan -8.788325034487790566e-01 -2.622134780537907162e+00 -3.269721614607090210e+00 -1.918651284180993954e+00 nan nan nan nan nan nan nan nan nan nan nan nan nan nan nan nan nan nan
nan nan nan nan nan nan -6.909355846814250190e-01 -2.634611451751818212e+00 -3.956851221733314716e+00 -2.591531428556670402e+00 nan nan -7.981230257477850420e-01 nan nan nan nan nan nan nan nan nan nan nan nan nan nan nan
nan nan nan nan nan 2.310334191989878161e-01 -6.350705203187674286e-01 -2.560544349499464190e+00 -4.492956505208161033e+00 -4.175875592990405671e+00 nan nan nan nan nan nan nan nan nan nan nan nan nan nan nan nan nan nan
nan nan nan nan nan 3.941146526923589022e-01 -2.682453411547723321e-01 -1.746591690676432496e+00 -3.720539945981042429e+00 -5.998210554281598661e+00 -4.067861403642345941e+00 nan nan nan nan nan nan nan nan nan nan nan nan nan nan nan nan nan
nan nan nan nan nan 7.620159198421307956e-01 4.394508634308965100e-01 -6.159811871122337079e-01 -1.856995775016744510e+00 -3.658690999445252334e+00 -4.906142538521710783e+00 -4.246372788730910841e+00 nan -2.334648589449407119e+00 nan nan nan nan nan nan nan nan nan nan nan nan nan nan
nan nan nan nan nan 1.447012070467984746e+00 1.232105765179141832e+00 5.893923664221355496e-01 -2.430366652160005914e-01 -1.152471423434104469e+00 -2.279505847820106901e+00 -2.964046582383267125e+00 -3.242444851534433958e+00 -3.587265935319113641e+00 -2.489839830054233261e+00 nan nan nan nan nan nan nan nan nan nan nan nan nan
nan nan nan nan nan 1.926250480361016759e+00 1.566061602888526805e+00 1.169526842478978645e+00 8.006758655160547411e-01 2.620624643893967876e-01 -3.070801760804819924e-01 -1.164436334537612083e+00 -1.853448464745694579e+00 -2.469436200503857037e+00 -3.603651258292301929e+00 -3.621357053715536178e+00 -2.096246214748016978e+00 nan nan nan nan nan nan nan nan nan nan nan
nan nan nan nan nan nan 1.599802643380991318e+00 1.201543489013779720e+00 1.055085815837076391e+00 7.565677402306268950e-01 5.615989793005083941e-01 2.477311157553721832e-01 -3.396007092103355829e-01 -1.193985999087755490e+00 -2.278021215041250880e+00 -3.107981896423065660e+00 -3.169211482405273284e+00 -2.583701767653004744e+00 nan nan nan nan nan nan nan nan nan nan
nan nan nan nan nan nan nan 1.354369743690173378e+00 1.082977052750817348e+00 1.001575781272428189e+00 1.050387642314413394e+00 1.140326520626873563e+00 1.147148420925298229e+00 7.293787419100790093e-01 -5.794628705936650803e-01 -1.588315948180348380e+00 -2.240071813636574038e+00 -2.796276174369367595e+00 -2.218800473847220456e+00 nan nan -2.269551571199902362e+00 nan nan nan nan nan nan
nan nan nan nan nan nan nan 1.329035458050920715e+00 1.104407241246075255e+00 1.061420990654537766e+00 1.107576517287786277e+00 1.195031990551752354e+00 1.445393826283061012e+00 1.758774471912643023e+00 1.438560095783824710e+00 -1.509069922520068496e-01 -1.048533258387498446e+00 -1.432844931554956514e+00 -1.512084258751288601e+00 -1.480405701286417353e+00 -1.090303579911994225e+00 -1.023935830539437264e+00 -1.183623498648918027e+00 nan nan nan nan nan
nan nan nan nan nan nan nan nan 1.108447601374858760e+00 9.889703521468301561e-01 1.166181526637988464e+00 1.348148560263216833e+00 1.604835063267933348e+00 1.875611535552476061e+00 2.068783570507126690e+00 1.550410511462924079e+00 4.119508775222736063e-01 -1.885513656037974828e-01 -2.527319694483688983e-01 -3.009609604758430867e-01 -4.095362789885556576e-01 -6.672121005815889738e-01 -6.804034741672856379e-01 -7.490595048692448854e-01 nan -1.287147195413344478e-02 -8.785544111707077608e-01 nan
nan nan nan nan nan nan nan nan nan 8.949270625526677403e-01 7.350978827167454766e-01 8.460865457754304098e-01 1.245459234023420958e+00 1.611568349228681640e+00 2.015009309067521848e+00 2.240140109783121058e+00 1.486198646625074726e+00 7.518621976057556777e-01 5.688725798714190374e-01 6.170129678355782410e-01 5.655969257093497182e-01 1.060877895084565009e-01 -7.270175772838886052e-01 -1.104518203908560814e+00 nan -3.661647962063797890e-02 -1.023282024394088774e+00 nan
nan nan nan nan nan nan nan nan nan nan 3.070851457628704928e-01 2.198727334015949664e-01 4.956794610126032952e-01 8.995795054350770314e-01 1.535854486167031352e+00 2.004543764270813710e+00 1.974150573536022968e+00 1.312811259504507166e+00 9.267009204784176779e-01 9.488600649984054725e-01 9.106388158803593313e-01 6.480805467815566878e-01 -5.522953141677114375e-02 -8.497723178501327412e-01 -8.679811930821110799e-01 -3.009820689671020566e-01 -4.804375525486977438e-01 nan
nan nan nan nan nan nan nan nan nan nan nan nan 3.188149590052627436e-02 3.151456809013127858e-01 8.469644148629331681e-01 1.351473781155160703e+00 1.688872656786986726e+00 1.683478708334157137e+00 1.211006980954010048e+00 9.440905357523409203e-01 5.837985167114040364e-01 5.559541193772977730e-01 4.787469476726139428e-01 2.451893545999339619e-01 1.677219162640630062e-02 1.485260209332897596e-01 9.667301467827059402e-02 nan
nan nan nan nan nan nan nan nan nan nan nan nan nan 4.155092439177512226e-02 4.783766243627807779e-01 9.419427367234415316e-01 1.352694543174812525e+00 1.467423174969803235e+00 1.325538727132758332e+00 1.020830302531084532e+00 6.997122079750788259e-01 4.453826549591255457e-01 4.642416421775024671e-01 6.551956592315375527e-01 8.470662449919670323e-01 7.637208195161632185e-01 6.062077941820774862e-01 nan
nan nan nan nan nan nan nan nan nan nan nan nan nan nan nan 5.580957062072802177e-01 1.059300735948213168e+00 1.137733311107418821e+00 1.050677113245126026e+00 9.961779596282538396e-01 8.283813916427745783e-01 7.647991264112135035e-01 1.130426077007215202e+00 7.278758170029669960e-01 9.642463658397807391e-01 1.045537114413385593e+00 1.033768660009797058e+00 nan
nan nan nan nan nan nan nan nan nan nan nan nan nan nan nan nan nan 1.125326179879881261e+00 1.038468318294748949e+00 9.879912020859827892e-01 8.322476012747349605e-01 1.573133341899949134e+00 2.165003754359198229e+00 9.299807277451949128e-01 7.046522663149793475e-01 9.869017257263714704e-01 1.004064418899642819e+00 nan
nan nan nan nan nan nan nan nan nan nan nan nan nan nan nan nan nan nan nan nan 1.018229963980566533e+00 nan nan 8.328427243949906300e-01 8.147382822685160786e-01 7.170737932886920296e-01 nan nan
