nan nan nan -3.859528944563713093e+00 -4.579609767851645863e+00 -5.241904308372503429e+00 nan nan nan nan nan nan nan nan nan nan nan nan nan nan nan nan nan nan nan nan nan nan
nan nan -3.235846441810576124e+00 -4.575310540886531108e+00 -5.414589280618758771e+00 -6.129294129336855690e+00 -6.826490093316643915e+00 nan nan nan nan nan nan nan nan nan nan nan nan nan nan nan nan nan nan nan nan nan
nan nan -3.108944561284119779e+00 -4.877185054779881845e+00 -5.992726140031080284e+00 -7.092658576885507493e+00 -7.848594197260333694e+00 -8.473713200282086078e+00 nan nan nan nan nan nan nan nan nan nan nan nan nan nan nan nan nan nan nan nan
nan -1.060090786440377686e+00 -2.935905683707120239e+00 -4.672759452455109930e+00 -5.781498721040752464e+00 -6.992639543006202274e+00 -7.874806005971421996e+00 -8.867684598081369884e+00 -8.662355906682845941e+00 nan nan nan nan nan nan nan nan nan nan nan nan nan nan nan nan nan nan nan
4.053088637360663382e-01 -8.599347120788960463e-01 -2.598910490272001272e+00 -4.120403703604487156e+00 -4.857891423382746154e+00 -5.537156235572848750e+00 -6.247955627401880818e+00 -7.391134623822960492e+00 -7.501306670231694618e+00 -6.174687820177684472e+00 nan nan nan nan nan nan nan nan nan nan nan nan nan nan nan nan nan nan
5.249913427979766567e-01 -5.078864755907981365e-01 -1.923740405633724393e+00 -3.162368453539639024e+00 -3.779809186747709493e+00 -4.128200622536421172e+00 -5.049740350075739848e+00 -6.414334084921802237e+00 -7.977488066264593947e+00 nan nan nan nan nan nan nan nan nan nan nan nan nan nan nan nan nan nan nan
6.784184887804549646e-01 -1.648767364608114683e-01 -1.295161401120569211e+00 -2.500148300452031958e+00 -2.906698661734520961e+00 -3.410244258750764867e+00 -4.139085914558580548e+00 -6.762660904233179338e+00 -8.345994670472258292e+00 nan nan nan nan nan nan nan nan nan nan nan nan nan nan nan nan nan nan nan
8.423060364489867169e-01 -7.425360612053516496e-02 -1.100756119324290072e+00 -2.288639858055756982e+00 -2.662012098590143427e+00 -3.185027830784051606e+00 -4.047382697729892342e+00 -7.077058889377823903e+00 -9.105892605606650037e+00 nan nan nan nan nan nan nan nan nan nan nan nan nan nan nan nan nan nan nan
nan 3.818023022910022740e-02 -1.025133447506855644e+00 -2.062297438831052876e+00 -2.691857712379392975e+00 -3.415620839695627353e+00 -4.711223468339793996e+00 -7.008922721469821759e+00 -8.328862877052143787e+00 -5.604589484600827731e+00 nan nan nan nan nan nan nan nan nan nan nan nan nan nan nan nan nan nan
nan 1.140602009647932596e-01 -9.952650673674620085e-01 -1.897206613673875664e+00 -3.006519585427740004e+00 -4.221394843944613839e+00 -5.485851705564266823e+00 -7.119951653382588397e+00 -7.121578648344231155e+00 -4.579485191788492671e+00 nan nan nan nan nan nan nan nan nan nan nan nan nan nan nan nan nan nan
nan 2.899904470227745445e-01 -8.410448495877795860e-01 -1.881093354058251732e+00 -3.009121947079716364e+00 -4.590978783022290344e+00 -6.150973862459807151e+00 -7.592396560917201498e+00 -6.943420084876082754e+00 -3.987069991433406901e+00 nan nan nan nan nan nan nan nan nan nan nan nan nan nan nan nan nan nan
nan nan -8.195732141015968919e-01 -1.845257429706880226e+00 -3.010194655473340308e+00 -4.576527489864722575e+00 -6.516567587423610419e+00 -7.902849151251665205e+00 -7.558822495043410861e+00 -3.895115933505214567e+00 nan nan nan nan nan nan nan nan nan nan nan nan nan nan nan nan nan nan
nan nan -4.736315414147959091e-01 -1.743971434037759893e+00 -2.744457211026602117e+00 nan -6.514648988385745909e+00 -8.224663789896537125e+00 -8.604304640557616679e+00 -4.968348587373172975e+00 nan nan nan nan nan nan nan nan nan nan nan nan nan nan nan nan nan nan
nan nan nan nan nan nan -6.059193252768352522e+00 -8.967171183630910036e+00 -1.030058573429363200e+01 -6.937063813128925283e+00 nan nan -2.487652933462671356e+00 nan nan nan nan nan nan nan nan nan nan nan nan nan nan nan
nan nan nan nan nan -3.679336459372731127e+00 -5.624221294614241806e+00 -9.174205945535033990e+00 -1.189048292608324076e+01 -1.024805151867405506e+01 nan nan nan nan nan nan nan nan nan nan nan nan nan nan nan nan nan nan
nan nan nan nan nan -3.170396628393182592e+00 -5.036876926334543647e+00 -8.301935490078552249e+00 -1.166426168072981007e+01 -1.393713602974669463e+01 -8.385018068542466452e+00 nan nan nan nan nan nan nan nan nan nan nan nan nan nan nan nan nan
nan nan nan nan nan -2.844042199704710505e+00 -4.470048063899931812e+00 -6.580095035812509430e+00 -9.720386181224956346e+00 -1.216351054051538760e+01 -1.247397413822315393e+01 -8.625565735415104740e+00 nan -2.846252483088360208e+00 nan nan nan nan nan nan nan nan nan nan nan nan nan nan
nan nan nan nan nan -2.742166095043766294e+00 -4.135872310302656452e+00 -5.128524087416676203e+00 -6.762877579709865472e+00 -8.903395798205854916e+00 -1.027130604609869025e+01 -1.048116097062858465e+01 -9.266001877219045113e+00 -6.869556941280221984e+00 -3.305047767415287385e+00 nan nan nan nan nan nan nan nan nan nan nan nan nan
nan nan nan nan nan -2.677514153022710008e+00 -3.730198037467458594e+00 -4.301362686178996420e+00 -4.924986259610432349e+00 -6.286085657122878700e+00 -7.901027800379039512e+00 -9.113618598871630283e+00 -9.286504710655478334e+00 -8.411310848332243850e+00 -7.138366928093648589e+00 -4.533434792316734629e+00 -2.787104594842974681e+00 nan nan nan nan nan nan nan nan nan nan nan
nan nan nan nan nan nan -3.385836738296324366e+00 -3.788292539573686390e+00 -4.013268627760742113e+00 -4.565233385237897679e+00 -5.655687640748984890e+00 -6.945658635936253766e+00 -8.596609086537698730e+00 -8.868969534016651224e+00 -8.554139399015719292e+00 -7.868969544094144730e+00 -5.518097975022745239e+00 -3.774435261497236738e+00 nan nan nan nan nan nan nan nan nan nan
nan nan nan nan nan nan nan -3.550456302221824068e+00 -3.605136836792179000e+00 -3.829571415000698309e+00 -4.493725091620648371e+00 -5.119213429524787529e+00 -6.245538187187649193e+00 -7.899944141221197924e+00 -8.577097210977447261e+00 -7.991564639757904764e+00 -7.551060705971844200e+00 -6.817420138149491216e+00 -4.747915862384901153e+00 nan nan -4.616642107073653634e+00 nan nan nan nan nan nan
nan nan nan nan nan nan nan -3.119377354548686476e+00 -3.466430117971285974e+00 -3.624794252052007781e+00 -3.912069680230175095e+00 -4.334064955040300759e+00 -4.851224503510036534e+00 -5.731529312276465227e+00 -7.057610930076153366e+00 -7.534163972355320205e+00 -6.876685702409129242e+00 -5.767843240492377177e+00 -4.936398937780991147e+00 -4.213792200760177131e+00 -3.636670330929401285e+00 -3.362105298004162357e+00 -2.976897258019645776e+00 nan nan nan nan nan
nan nan nan nan nan nan nan nan -3.225462075013676877e+00 -3.478902822746228196e+00 -3.643262328901533564e+00 -4.029835404918465258e+00 -4.338986245284911725e+00 -4.717759206910234759e+00 -5.391206603185809243e+00 -6.284612107435437522e+00 -6.327851276264364166e+00 -5.339904150873625355e+00 -4.396744650891148076e+00 -3.833944450489262135e+00 -3.927662785469710371e+00 -4.615417694645907787e+00 -4.681608734872323652e+00 -4.077792820497470494e+00 nan -2.978319061190088490e+00 -4.281364480281434126e+00 nan
nan nan nan nan nan nan nan nan nan -3.153312206717976629e+00 -3.333534189012635984e+00 -3.745601738477132958e+00 -4.118086576066874116e+00 -4.316168850606771024e+00 -4.690564206962652527e+00 -5.035718129335986504e+00 -5.448590698219529571e+00 -5.123375556259242458e+00 -4.459007074791727199e+00 -4.120500317920719802e+00 -4.319601065959678188e+00 -5.224055529625843519e+00 -5.803090187924745180e+00 -6.712837365327757766e+00 nan -4.893327393389875546e+00 -6.764323333622312973e+00 nan
nan nan nan nan nan nan nan nan nan nan -2.646258924586714745e+00 -3.229772338087952388e+00 -3.901393090543276543e+00 -4.221434723409438483e+00 -4.296034536752958211e+00 -4.470841261341430339e+00 -4.647456742127564766e+00 -4.841755553221603670e+00 -4.694155484988912441e+00 -4.601234497244532484e+00 -4.190494604600050188e+00 -4.748354026143550399e+00 -5.494691202598551705e+00 -6.310160730905532311e+00 -6.724915544175019910e+00 -6.024098605859313338e+00 -5.871085341983111938e+00 nan
nan nan nan nan nan nan nan nan nan nan nan nan -3.215178507566807120e+00 -3.799867554336262998e+00 -4.011157639517429985e+00 -4.084254691195092768e+00 -4.012325082852192359e+00 -3.977370503586138195e+00 -3.996005824470816759e+00 -4.364311959149098641e+00 -4.698274081211038400e+00 -4.502488332311697761e+00 -4.784700592127522967e+00 -4.993210955426045317e+00 -5.218579878446056419e+00 -5.323185062135628698e+00 -5.179538600424852035e+00 nan
nan nan nan nan nan nan nan nan nan nan nan nan nan -3.259808592675649042e+00 -3.595663139650349116e+00 -3.773850835097843248e+00 -3.636122962396363345e+00 -3.239455890545717143e+00 -3.103039867905004190e+00 -3.301502242962089273e+00 -3.742754541296078763e+00 -4.244790685603113012e+00 -4.652246457360521781e+00 -3.954709415527163596e+00 -3.903106105609295273e+00 -4.369044569773802067e+00 -4.426880340054548668e+00 nan
nan nan nan nan nan nan nan nan nan nan nan nan nan nan nan -3.388418527194756891e+00 -3.296619058132594038e+00 -2.710888050776742553e+00 -2.632454214683207283e+00 -2.800667428789196833e+00 -3.042389956983271748e+00 -3.283797281046435756e+00 -3.982595528298326304e+00 -3.291854314254383684e+00 -2.704050341405540347e+00 -3.295334128208758262e+00 -3.646032418596269142e+00 nan
nan nan nan nan nan nan nan nan nan nan nan nan nan nan nan nan nan -2.495373865479795672e+00 -2.328654975293353413e+00 -2.550605332357173349e+00 -2.400406092337310948e+00 -2.614507032492451977e+00 -2.451904340468817001e+00 -2.633761361696584036e+00 -2.067161679341913416e+00 -2.194023773703881464e+00 -2.740159544721626261e+00 nan
nan nan nan nan nan nan nan nan nan nan nan nan nan nan nan nan nan nan nan nan -1.330403673351019389e+00 nan nan -1.517763863666879542e+00 -2.161916106460178622e+00 -1.792087311389408244e+00 nan nan
