nan nan nan -1.367984337786045668e-01 -1.475128282230395271e+00 -4.197089808143038780e+00 nan nan nan nan nan nan nan nan nan nan nan nan nan nan nan nan nan nan nan nan nan nan
nan nan 1.165915683930684565e+00 4.043713113680000859e-01 -8.219466485284405710e-01 -3.125276288239961620e+00 -6.336807949250664151e+00 nan nan nan nan nan nan nan nan nan nan nan nan nan nan nan nan nan nan nan nan nan
nan nan 1.573604036359799174e+00 9.159762087241070105e-01 -6.821042293402079792e-02 -2.122512889749572196e+00 -4.923984152599577335e+00 -7.355120881508662833e+00 nan nan nan nan nan nan nan nan nan nan nan nan nan nan nan nan nan nan nan nan
nan 2.234731939304261505e+00 1.826928478079689278e+00 1.200024641998622021e+00 3.991387328234554666e-01 -1.340854035625133500e+00 -3.602800660430388380e+00 -6.017542765956150674e+00 -7.207704785226411559e+00 nan nan nan nan nan nan nan nan nan nan nan nan nan nan nan nan nan nan nan
2.321688157676081055e+00 2.207603536864022775e+00 1.770684425780542082e+00 1.266706695868045962e+00 6.392170909223839903e-01 -8.119264444077078924e-01 -2.500827924554599235e+00 -4.926209251252219090e+00 -6.697765861743485871e+00 -5.045005125446878402e+00 nan nan nan nan nan nan nan nan nan nan nan nan nan nan nan nan nan nan
2.423469282399642655e+00 2.203218699806789083e+00 1.759403174787123270e+00 1.222138655091434156e+00 7.838133207398167990e-01 -4.364679652441567637e-01 -2.146043575469313236e+00 -4.780186059197387038e+00 -7.805434662006737412e+00 nan nan nan nan nan nan nan nan nan nan nan nan nan nan nan nan nan nan nan
2.368938398667530087e+00 2.111167764023362814e+00 1.674908607276524686e+00 1.085660651170998081e+00 5.340592361432729973e-01 -5.232067569648248817e-01 -2.268994716313535775e+00 -5.425996300479864587e+00 -8.874693666538224335e+00 nan nan nan nan nan nan nan nan nan nan nan nan nan nan nan nan nan nan nan
2.101177754554582666e+00 1.881812510296236418e+00 1.539516904007310005e+00 9.210667928961135953e-01 3.230361982580108871e-01 -7.393973562017058798e-01 -2.406796061968768274e+00 -5.647460895128537217e+00 -9.317732582115695550e+00 nan nan nan nan nan nan nan nan nan nan nan nan nan nan nan nan nan nan nan
nan 1.502127008329017910e+00 1.290005206335485433e+00 8.538619372515332540e-01 2.050541447283101837e-01 -8.407071023753603933e-01 -2.255263198567648786e+00 -5.025358888142175573e+00 -8.241765220329734021e+00 -6.661511587200354967e+00 nan nan nan nan nan nan nan nan nan nan nan nan nan nan nan nan nan nan
nan 1.140537297225261870e+00 9.558789170528513290e-01 8.356544013689357620e-01 3.290717862869912969e-01 -6.921768054964334560e-01 -2.170601547441870061e+00 -4.233227979066467306e+00 -6.657104936802387130e+00 -5.713752963196059298e+00 nan nan nan nan nan nan nan nan nan nan nan nan nan nan nan nan nan nan
nan 9.581622913620900794e-01 7.951390245029323900e-01 6.501163479203035944e-01 2.481977598232834037e-01 -6.858016715958774601e-01 -1.956100420400564754e+00 -4.494039178469999563e+00 -5.954211805424602488e+00 -4.915782661011928845e+00 nan nan nan nan nan nan nan nan nan nan nan nan nan nan nan nan nan nan
nan nan 5.803068825383146390e-01 6.431422791373514469e-02 -1.825481702466989486e-01 -6.954233651678674022e-01 -1.976202386416716639e+00 -5.010596165785814904e+00 -6.335608490848017027e+00 -4.499331921647335975e+00 nan nan nan nan nan nan nan nan nan nan nan nan nan nan nan nan nan nan
nan nan -1.635869518216144791e-01 -9.064364525363135527e-01 -1.011806368761491548e+00 nan -2.191213885082343715e+00 -5.472354739607245833e+00 -7.276180682870593941e+00 -5.361788240482618484e+00 nan nan nan nan nan nan nan nan nan nan nan nan nan nan nan nan nan nan
nan nan nan nan nan nan -2.552664586954342063e+00 -5.713618931889753227e+00 -8.180461798617345792e+00 -6.609658042308515391e+00 nan nan -2.982380258414696783e+00 nan nan nan nan nan nan nan nan nan nan nan nan nan nan nan
nan nan nan nan nan -1.128704686265453505e+00 -2.527437645618189066e+00 -5.607881792408785593e+00 -8.401495881537320187e+00 -9.082627670530900588e+00 nan nan nan nan nan nan nan nan nan nan nan nan nan nan nan nan nan nan
nan nan nan nan nan -1.496153554219752602e+00 -2.704256019741455574e+00 -4.968335116421966902e+00 -7.528410831046658203e+00 -1.046899993215034641e+01 -6.817489558820787110e+00 nan nan nan nan nan nan nan nan nan nan nan nan nan nan nan nan nan
nan nan nan nan nan -1.682386937933420201e+00 -2.828056616801439827e+00 -4.370954542027606138e+00 -6.268269451451288887e+00 -7.779874239214017884e+00 -8.926870731841415108e+00 -6.645681391844894037e+00 nan -2.742647516404630448e+00 nan nan nan nan nan nan nan nan nan nan nan nan nan nan
nan nan nan nan nan -1.759984866888809396e+00 -2.733060420191559814e+00 -3.785465651282545529e+00 -5.326554592928834708e+00 -6.495231598003660345e+00 -6.620988127306515203e+00 -6.883003036083513493e+00 -6.155551353323157393e+00 -4.615915418133885950e+00 -2.820762186746898159e+00 nan nan nan nan nan nan nan nan nan nan nan nan nan
nan nan nan nan nan -1.776696596772496806e+00 -2.633493268600033410e+00 -3.500866486933233546e+00 -4.837346485423694276e+00 -6.023918400437002774e+00 -6.240031269463639063e+00 -6.072174464073907707e+00 -6.009537096098199527e+00 -5.473804295894552752e+00 -4.367919542966178348e+00 -3.218859382720323126e+00 -2.152754947496864357e+00 nan nan nan nan nan nan nan nan nan nan nan
nan nan nan nan nan nan -2.391947061086246773e+00 -3.355496295960372244e+00 -4.622371921034730491e+00 -5.488004692692181052e+00 -6.030590194447033703e+00 -6.099377585391998480e+00 -6.021298982939443434e+00 -6.386830470447669938e+00 -6.332779053453073459e+00 -5.370193493255813522e+00 -3.865750069784898102e+00 -3.031090575083283944e+00 nan nan nan nan nan nan nan nan nan nan
nan nan nan nan nan nan nan -3.031357123240600249e+00 -4.327978650298125451e+00 -5.126832685726590455e+00 -5.673716835866271069e+00 -5.922763150185351932e+00 -5.961317213301839502e+00 -6.307438344012771481e+00 -6.774653179322431384e+00 -6.743835457040502135e+00 -6.261990906798454937e+00 -5.970586223555670813e+00 -4.528109032973075543e+00 nan nan -4.134521339008545127e+00 nan nan nan nan nan nan
nan nan nan nan nan nan nan -2.739847863291335450e+00 -3.934624559957716095e+00 -4.823626255085858183e+00 -5.329915892987358461e+00 -5.524222891766236820e+00 -5.758678971849424677e+00 -6.001897923573667804e+00 -6.491586000690332092e+00 -6.898137764993313326e+00 -6.505297274456623313e+00 -5.920398834193889570e+00 -5.486290784490837957e+00 -5.001118056283146984e+00 -4.499998462050057491e+00 -3.635787920386857941e+00 -2.451173101779302588e+00 nan nan nan nan nan
nan nan nan nan nan nan nan nan -3.597367056282083198e+00 -4.524836377768805207e+00 -5.018663744339892929e+00 -5.162426378915095704e+00 -5.383945938502939121e+00 -5.589016999219948545e+00 -6.012532188398241217e+00 -6.411994140690795874e+00 -6.691497706894745434e+00 -6.155231595226416275e+00 -5.886116905208115924e+00 -5.984603091852832790e+00 -6.225756046115417774e+00 -6.263078193895969648e+00 -5.251518215521377542e+00 -3.550930951322921914e+00 nan -2.845733326252601447e+00 -4.294807952093194103e+00 nan
nan nan nan nan nan nan nan nan nan -4.228590022937732229e+00 -4.798203074492659148e+00 -4.865882618879942001e+00 -5.017385628314571910e+00 -5.196137905489330855e+00 -5.406098176127459354e+00 -5.642048978930782610e+00 -6.051733235502077868e+00 -6.382401745621409717e+00 -6.324420489462070805e+00 -6.465417014770570958e+00 -6.863599100114896601e+00 -7.650279646801573463e+00 -8.102254064060216976e+00 -8.192310563872208462e+00 nan -4.649369780973337640e+00 -5.627969830316944311e+00 nan
nan nan nan nan nan nan nan nan nan nan -4.585488457396878381e+00 -4.773395263529130794e+00 -4.804252935383746426e+00 -4.863369884638633955e+00 -4.852826560763626951e+00 -4.879840013767783091e+00 -5.030637544527157168e+00 -5.521751014248438949e+00 -6.125355671179331551e+00 -6.538259324748928236e+00 -6.791460066084129110e+00 -7.346470891345653342e+00 -8.148350331752604703e+00 -8.323900191596589337e+00 -7.568712778453676293e+00 -5.865620498063928601e+00 -5.101547834809806226e+00 nan
nan nan nan nan nan nan nan nan nan nan nan nan -4.456184289438104962e+00 -4.453588153820479789e+00 -4.357464821758202156e+00 -4.354043194585877075e+00 -4.468544314220006086e+00 -4.680236968785495222e+00 -5.024979290721517167e+00 -5.630918691382583496e+00 -6.264508531588854900e+00 -6.867919752087242813e+00 -7.466216921859983202e+00 -7.287364339707165684e+00 -6.643348222612180720e+00 -5.788777995552317535e+00 -4.974257704246625167e+00 nan
nan nan nan nan nan nan nan nan nan nan nan nan nan -3.988000085899765956e+00 -4.006679979109987855e+00 -4.058577117181048521e+00 -4.204989960303477048e+00 -4.419903742657671941e+00 -4.511536448609243521e+00 -4.816415545860164293e+00 -5.206448746917468284e+00 -5.772860075718226014e+00 -6.395756192775253979e+00 -6.534689746483028472e+00 -6.101543283631770009e+00 -5.280704265107189599e+00 -4.535237082030140421e+00 nan
nan nan nan nan nan nan nan nan nan nan nan nan nan nan nan -3.712968563421979340e+00 -3.865140187593732790e+00 -3.807917250445999269e+00 -3.824792270241378578e+00 -3.667409407485862083e+00 -3.752853891779346363e+00 -4.496047136596630800e+00 -5.188132423202902466e+00 -5.522552392655044606e+00 -5.473749244889062560e+00 -4.883697019237525971e+00 -3.909590247238600380e+00 nan
nan nan nan nan nan nan nan nan nan nan nan nan nan nan nan nan nan -3.115458789153875863e+00 -2.936981611731727337e+00 -2.464144829342978404e+00 -2.067586248550148387e+00 -2.775104433492481704e+00 -3.240686829319337825e+00 -3.957757553724116750e+00 -4.135650645693702110e+00 -4.173923191629373086e+00 -3.469503997469679746e+00 nan
nan nan nan nan nan nan nan nan nan nan nan nan nan nan nan nan nan nan nan nan -1.201211835085445045e+00 nan nan -2.409577833556513227e+00 -2.813531925061324213e+00 -3.154600611774259544e+00 nan nan
