nan nan nan -1.697867335071211015e+00 -2.682114893437200553e+00 -3.537669443762702759e+00 nan nan nan nan nan nan nan nan nan nan nan nan nan nan nan nan nan nan nan nan nan nan
nan nan -1.096340498413356013e+00 -1.865564463175108489e+00 -2.836323778160853237e+00 -3.409696807659266860e+00 -4.062228213304370783e+00 nan nan nan nan nan nan nan nan nan nan nan nan nan nan nan nan nan nan nan nan nan
nan nan -1.136365134020791645e+00 -1.906008564038891739e+00 -2.763978997818075545e+00 -3.366131230808766084e+00 -3.669734958374702316e+00 -3.693553950758152293e+00 nan nan nan nan nan nan nan nan nan nan nan nan nan nan nan nan nan nan nan nan
nan -5.768285636441163877e-01 -1.008421695267712970e+00 -1.725710153152833826e+00 -2.618729857299452846e+00 -3.212887434956210875e+00 -3.532809623685955192e+00 -3.109188181178836885e+00 -1.937926162638121674e+00 nan nan nan nan nan nan nan nan nan nan nan nan nan nan nan nan nan nan nan
-3.603044605498029185e-01 -6.421560209684450404e-01 -9.849056937651760046e-01 -1.700327020438183290e+00 -2.524441714203754294e+00 -3.093271740986861751e+00 -3.379732860623295032e+00 -3.171756124230898699e+00 -2.044297683511974384e+00 -5.326561056043637166e-01 nan nan nan nan nan nan nan nan nan nan nan nan nan nan nan nan nan nan
-5.936401793994097176e-01 -8.695620499019369731e-01 -1.188868787108330771e+00 -1.811157887965305635e+00 -2.504659405160941876e+00 -3.002383785009156369e+00 -3.317591920277280337e+00 -3.327790385794337169e+00 -2.422706491624063485e+00 nan nan nan nan nan nan nan nan nan nan nan nan nan nan nan nan nan nan nan
-8.975873680613188910e-01 -1.210348128556556269e+00 -1.487653286734922808e+00 -2.013022868512788222e+00 -2.590222679023987951e+00 -3.003172580190256014e+00 -3.329807240098559440e+00 -3.453918775675377084e+00 -2.091290303451232013e+00 nan nan nan nan nan nan nan nan nan nan nan nan nan nan nan nan nan nan nan
-1.280824486756348968e+00 -1.602624023117473318e+00 -1.940842311856177504e+00 -2.337491841633504652e+00 -2.809977135697830697e+00 -3.134097564646042500e+00 -3.418939517581445209e+00 -3.519736306612332832e+00 -2.264350682132073356e+00 nan nan nan nan nan nan nan nan nan nan nan nan nan nan nan nan nan nan nan
nan -1.984662594801718027e+00 -2.328946640560193071e+00 -2.670434240241137847e+00 -3.060816180951944965e+00 -3.395004998550155584e+00 -3.572887066110156162e+00 -3.340638352767913766e+00 -2.382944289945663652e+00 -8.008020900021436406e-01 nan nan nan nan nan nan nan nan nan nan nan nan nan nan nan nan nan nan
nan -2.239357431469946924e+00 -2.578380056912404239e+00 -2.892075036342356853e+00 -3.299067112773382160e+00 -3.666647652985185246e+00 -3.931021897536345122e+00 -3.329228927432227536e+00 -2.294099108121750774e+00 -6.409046337060930743e-01 nan nan nan nan nan nan nan nan nan nan nan nan nan nan nan nan nan nan
nan -2.112916743554702492e+00 -2.399626929690326538e+00 -2.834703868398222415e+00 -3.390804635483522844e+00 -3.967158720379737158e+00 -4.312049430817463502e+00 -3.507374801415017895e+00 -2.609005476461009998e+00 -1.305092081601700871e+00 nan nan nan nan nan nan nan nan nan nan nan nan nan nan nan nan nan nan
nan nan -1.914215545039226196e+00 -2.302271914701880640e+00 -2.972178978081654321e+00 -4.058138507578345155e+00 -4.438206935855921742e+00 -3.858735381390467900e+00 -2.726074497160407617e+00 -4.590145940609173802e-01 nan nan nan nan nan nan nan nan nan nan nan nan nan nan nan nan nan nan
nan nan -1.506433369215448570e-01 -1.942273516631876307e+00 -1.881949494870125639e+00 nan -4.072390393049659885e+00 -3.973880107034855946e+00 -2.972862414208961468e+00 -2.959813235375995943e-01 nan nan nan nan nan nan nan nan nan nan nan nan nan nan nan nan nan nan
nan nan nan nan nan nan -3.382514931432464955e+00 -3.772350824361116572e+00 -3.330376576787154264e+00 -4.902641266873697390e-01 nan nan 7.365824135161446184e-01 nan nan nan nan nan nan nan nan nan nan nan nan nan nan nan
nan nan nan nan nan -3.238680791585137442e+00 -3.345031350488782529e+00 -3.575819835747211073e+00 -3.514955169497023135e+00 -2.084398602677250079e+00 nan nan nan nan nan nan nan nan nan nan nan nan nan nan nan nan nan nan
nan nan nan nan nan -2.435794176545858392e+00 -2.887621001123060527e+00 -3.128344341416324781e+00 -3.286336383086558843e+00 -2.967780626469085359e+00 -1.068843717032100349e+00 nan nan nan nan nan nan nan nan nan nan nan nan nan nan nan nan nan
nan nan nan nan nan -1.953855886388086827e+00 -2.154155775702296882e+00 -2.470739411890821469e+00 -2.552276954017346000e+00 -2.309680511389262669e+00 -1.499295784481405214e+00 -1.078506149134575764e+00 nan -8.273444040054689363e-01 nan nan nan nan nan nan nan nan nan nan nan nan nan nan
nan nan nan nan nan -7.153670693028786332e-01 -1.496757408011807122e+00 -1.899877609939416567e+00 -2.043935724428317613e+00 -1.658498718989202203e+00 -1.001651612510366940e+00 -3.649363245975877357e-01 6.551764759066436294e-02 1.342385274794500871e-01 1.515080663507658021e-01 nan nan nan nan nan nan nan nan nan nan nan nan nan
nan nan nan nan nan -5.600144828402973118e-01 -1.158523664504877537e+00 -1.504510721640089255e+00 -1.631473645160113506e+00 -1.494483136799890088e+00 -9.934918612651103542e-01 -3.542574380175942395e-01 1.787044107654953695e-01 3.386789713257815082e-01 2.227470876915430553e-01 -9.835369788646359801e-01 -6.657133737539574492e-01 nan nan nan nan nan nan nan nan nan nan nan
nan nan nan nan nan nan -9.366001088013511389e-01 -1.267433144007446666e+00 -1.516415272678041326e+00 -1.472967207570968773e+00 -1.077222926042733286e+00 -6.028740362109645812e-01 -2.477821655285048497e-01 -8.054717096502517215e-02 1.806415098327940338e-01 6.043777473852255389e-01 8.721211095661332013e-01 -3.905089135629313812e-02 nan nan nan nan nan nan nan nan nan nan
nan nan nan nan nan nan nan -1.055636081190849174e+00 -1.371054975895261929e+00 -1.556263804350262570e+00 -1.392049152074668061e+00 -9.899880593163528086e-01 -7.031756654634515602e-01 -4.644831924531309664e-01 -1.732531571798183734e-01 1.209532032337172769e-01 4.706803990170068674e-01 2.487276247750679348e-01 -2.682272597086141630e-01 nan nan -1.076576479740618986e+00 nan nan nan nan nan nan
nan nan nan nan nan nan nan -8.563597128798090541e-01 -1.154723046548470577e+00 -1.547847830003229230e+00 -1.601061811793798917e+00 -1.396489737066901826e+00 -1.115737049292108818e+00 -8.470102698097696781e-01 -5.693253428406319649e-01 -3.101761319618874246e-01 3.331910034765406259e-02 1.668280111926714326e-01 -6.950866148208523221e-02 -3.154642033296565784e-01 -5.386905046741120584e-01 -6.593072882815963487e-01 -6.726227723206189280e-02 nan nan nan nan nan
nan nan nan nan nan nan nan nan -8.802620713972471034e-01 -1.419211294146806912e+00 -1.559021850111602880e+00 -1.544225130999426376e+00 -1.333189240842995504e+00 -1.089774356562526636e+00 -8.619185853944648645e-01 -6.315629939022879835e-01 -2.814587173416909227e-01 4.866416816193286365e-02 1.132890780428609245e-01 -1.280671402529430791e-01 -7.162102656208899631e-01 -1.144730221208082543e+00 -8.364121860621498428e-01 4.179559405413323797e-03 nan -7.137976603444264878e-01 -2.861048832147915499e-01 nan
nan nan nan nan nan nan nan nan nan -1.118485505489651866e+00 -1.529920039539868659e+00 -1.472827342326512134e+00 -1.335062805773148842e+00 -1.130009136951853677e+00 -9.418948820095380814e-01 -7.788488637533836911e-01 -5.437207652838218497e-01 -3.161298793363018778e-01 8.432562815372657283e-02 1.103778660815548651e-01 -3.242113267422305212e-01 -8.580025143965746004e-01 -1.119161093775138394e+00 -8.832949633915500032e-01 nan 2.486776907188470442e-02 5.497427736014628974e-02 nan
nan nan nan nan nan nan nan nan nan nan -1.310043809758260736e+00 -1.364231402868668841e+00 -1.293811842989140093e+00 -1.124289480145314268e+00 -9.573455427768815529e-01 -8.709049853811339226e-01 -7.072199978172577506e-01 -6.479578903230340803e-01 -2.768561833515499337e-01 2.330786688676433904e-02 4.369345557758452792e-02 -2.846868355544462936e-01 -5.839137112843104660e-01 -5.335265512195618287e-01 1.221878801957186622e-01 7.321567459721558535e-01 6.817562984804699244e-01 nan
nan nan nan nan nan nan nan nan nan nan nan nan -1.194080096232434718e+00 -1.133564619270671869e+00 -9.980511667748799276e-01 -8.797763494991690525e-01 -7.356864829937703743e-01 -6.104232830088427431e-01 -4.613104535140597484e-01 -1.800898332672908886e-01 -1.342672223978116364e-01 -1.599922978719791056e-01 -2.769368284777322664e-01 -1.519155934188650692e-01 1.089208994467235070e-01 5.224141471031138462e-01 6.678077563448211462e-01 nan
nan nan nan nan nan nan nan nan nan nan nan nan nan -1.191218621310150549e+00 -9.911935701955659761e-01 -8.643673917255692007e-01 -7.712136899545627422e-01 -6.853612631918293285e-01 -5.971025496684316813e-01 -4.737720223173251810e-01 -3.589236642131485855e-01 -3.162825869833365555e-01 -1.101996684387267500e-01 1.145290497228032001e-01 3.610917131038339223e-01 5.099903343034234426e-01 5.931994812278447160e-01 nan
nan nan nan nan nan nan nan nan nan nan nan nan nan nan nan -8.237523237267330156e-01 -6.621046850418474961e-01 -5.071404790506510718e-01 -5.075055424246062152e-01 -4.462157020767560933e-01 -4.101488965380108986e-01 -3.081671647438863904e-01 -3.960919037494692319e-02 3.177481692219357168e-01 5.544252188475630172e-01 5.826348016722244783e-01 5.818139300226583543e-01 nan
nan nan nan nan nan nan nan nan nan nan nan nan nan nan nan nan nan -2.197788945655287929e-01 -1.437035536440562922e-01 -1.441093686590451117e-01 1.169164267538858049e-02 8.105042133915631997e-01 9.306157828343337712e-01 1.175529286284306973e-01 5.080321210197251691e-01 6.857006940275534035e-01 6.917316831116758769e-01 nan
nan nan nan nan nan nan nan nan nan nan nan nan nan nan nan nan nan nan nan nan 4.564942537885826601e-01 nan nan 2.385451156809202944e-01 5.534336001842068420e-01 7.681709323503081999e-01 nan nan
