nan nan nan 1.324044829999847739e+00 7.108049243216493229e-01 -9.932035998455969183e-01 nan nan nan nan nan nan nan nan nan nan nan nan nan nan nan nan nan nan nan nan nan nan
nan nan 1.446382622637604642e+00 1.487647308987594341e+00 1.072737104364543725e+00 -5.057626319733558168e-02 -2.881917040757772330e+00 nan nan nan nan nan nan nan nan nan nan nan nan nan nan nan nan nan nan nan nan nan
nan nan 1.522327923402696959e+00 1.482023935348061983e+00 1.129218503488674807e+00 9.352585200175826674e-02 -1.947278970538410148e+00 -5.230607113780283868e+00 nan nan nan nan nan nan nan nan nan nan nan nan nan nan nan nan nan nan nan nan
nan 1.871441672533766143e+00 1.554888247882763919e+00 1.444458258646009297e+00 1.094469040956365546e+00 2.727748465582006607e-02 -1.662718826334653288e+00 -3.747428678310507077e+00 -5.059498627704099860e+00 nan nan nan nan nan nan nan nan nan nan nan nan nan nan nan nan nan nan nan
2.446679414166241351e+00 2.221534529333920371e+00 1.852222261052210106e+00 1.400645568920603656e+00 9.751753549759465400e-01 2.770278825292408695e-02 -1.585100960458100561e+00 -3.433241024084892956e+00 -4.555685421620139230e+00 -2.937257031525740469e+00 nan nan nan nan nan nan nan nan nan nan nan nan nan nan nan nan nan nan
2.821242028718200512e+00 2.563751280925979703e+00 2.202126481184213613e+00 1.675023856018719615e+00 1.089955377194736785e+00 1.395638017116388185e-01 -1.584152273009845624e+00 -3.831723797403057130e+00 -5.339094881624561140e+00 nan nan nan nan nan nan nan nan nan nan nan nan nan nan nan nan nan nan nan
3.074293501462386669e+00 2.816147909155084506e+00 2.515349575202455945e+00 2.005038132412879204e+00 1.257406691319504555e+00 2.780851162098119667e-01 -1.448872606081954117e+00 -4.348722238069690604e+00 -6.134318885659816978e+00 nan nan nan nan nan nan nan nan nan nan nan nan nan nan nan nan nan nan nan
3.182567187408086529e+00 2.895915777475977393e+00 2.573833954068796448e+00 2.142054163253112264e+00 1.495417766007057336e+00 5.479989283104570452e-01 -1.336544459963782350e+00 -4.311516403396176145e+00 -6.703308185640629802e+00 nan nan nan nan nan nan nan nan nan nan nan nan nan nan nan nan nan nan nan
nan 2.950253364671816314e+00 2.596794218493112982e+00 2.175515733594024947e+00 1.655518380848750581e+00 7.696680182174430174e-01 -1.019691930077277542e+00 -3.612589022045519016e+00 -5.881961858860473846e+00 -4.574900718519319121e+00 nan nan nan nan nan nan nan nan nan nan nan nan nan nan nan nan nan nan
nan 3.064230944411006519e+00 2.619641221001961728e+00 2.180814064946799302e+00 1.747438896736176472e+00 9.599047984903409381e-01 -7.536350775086363418e-01 -2.922680252590254213e+00 -4.289684452536078219e+00 -3.562169909930111178e+00 nan nan nan nan nan nan nan nan nan nan nan nan nan nan nan nan nan nan
nan 3.246388267306806075e+00 2.603518603075472893e+00 2.150845595561782009e+00 1.741273084586097530e+00 9.872512144170643156e-01 -4.533535909893124383e-01 -2.794180436955670199e+00 -3.677544448409044264e+00 -3.041548241317504786e+00 nan nan nan nan nan nan nan nan nan nan nan nan nan nan nan nan nan nan
nan nan 2.777117383622712321e+00 2.017711711863157120e+00 1.506335709870787243e+00 1.031521879775568307e+00 -2.162958384790658606e-01 -2.489226168578847709e+00 -3.769688225342806565e+00 -2.537800043222987245e+00 nan nan nan nan nan nan nan nan nan nan nan nan nan nan nan nan nan nan
nan nan 1.897186706259221367e+00 1.144277564051423779e+00 6.365005597052647568e-01 nan 2.217643310660252498e-01 -1.892905619241919135e+00 -3.923518302554690251e+00 -3.068736271282933359e+00 nan nan nan nan nan nan nan nan nan nan nan nan nan nan nan nan nan nan
nan nan nan nan nan nan 2.667451393731486431e-01 -1.272657893437870724e+00 -3.847625280203659681e+00 -3.447109172587728310e+00 nan nan -1.658277447329024712e+00 nan nan nan nan nan nan nan nan nan nan nan nan nan nan nan
nan nan nan nan nan 6.902332598853391232e-01 1.746645445553274278e-01 -1.226737853090711372e+00 -3.475382154975736437e+00 -4.087996075032336307e+00 nan nan nan nan nan nan nan nan nan nan nan nan nan nan nan nan nan nan
nan nan nan nan nan 4.864238214722564346e-01 1.023234832147996709e-01 -1.131833931905818602e+00 -2.859178209700397932e+00 -4.861235462806508423e+00 -2.998813324148223547e+00 nan nan nan nan nan nan nan nan nan nan nan nan nan nan nan nan nan
nan nan nan nan nan 1.273144101645586890e-01 -2.016759958985872292e-01 -9.776666274423287950e-01 -2.026043682025539194e+00 -3.086177731370988386e+00 -3.930945747542676116e+00 -3.266800863402879340e+00 nan -1.360485093733253104e+00 nan nan nan nan nan nan nan nan nan nan nan nan nan nan
nan nan nan nan nan -3.046841759996369303e-01 -7.089726542033901735e-01 -1.183578416466938066e+00 -1.764617684044877288e+00 -2.080344780078257738e+00 -2.302983712388938287e+00 -2.703080423512618236e+00 -3.016215356338225906e+00 -2.325504801858424120e+00 -1.096168034226015831e+00 nan nan nan nan nan nan nan nan nan nan nan nan nan
nan nan nan nan nan -8.849370529206166403e-01 -1.288421793622335665e+00 -1.641816413630603044e+00 -1.954083893084996193e+00 -2.214481361592789188e+00 -2.253725657566996610e+00 -2.312334169040832776e+00 -2.468862065848548504e+00 -2.714988823572431098e+00 -2.377138950641030757e+00 -2.246157576025954672e+00 -1.395020853879083811e+00 nan nan nan nan nan nan nan nan nan nan nan
nan nan nan nan nan nan -1.733571748225412490e+00 -2.099731227440514658e+00 -2.377773738440850604e+00 -2.571778609806164351e+00 -2.559297338573046421e+00 -2.529038032794920454e+00 -2.434889957459002829e+00 -2.713821343728047619e+00 -3.023658642354776660e+00 -2.808031309884758020e+00 -2.006697813694513943e+00 -1.642275205773301217e+00 nan nan nan nan nan nan nan nan nan nan
nan nan nan nan nan nan nan -2.538527443251626714e+00 -2.803252781388438475e+00 -2.976818524066897620e+00 -2.925590270139883931e+00 -2.805113424106489450e+00 -2.607161678095900381e+00 -2.522381364844515250e+00 -2.818713684239906758e+00 -3.079960101788564941e+00 -3.192891146682631742e+00 -3.087575502607035727e+00 -2.115491960029732166e+00 nan nan -2.021734754900787578e+00 nan nan nan nan nan nan
nan nan nan nan nan nan nan -2.711996948997480672e+00 -3.097337310612702677e+00 -3.342385950399478833e+00 -3.270763052679549698e+00 -3.070330743620806047e+00 -2.808600948130749675e+00 -2.471993398457667190e+00 -2.275441190868971120e+00 -2.760382819883620442e+00 -3.187134647554928701e+00 -3.142511207845396282e+00 -2.870421791866900829e+00 -2.196096100143989371e+00 -1.453396711578341494e+00 -1.089507805672542462e+00 -1.102765109661896226e+00 nan nan nan nan nan
nan nan nan nan nan nan nan nan -3.024507883208137571e+00 -3.375617245394961330e+00 -3.530420256021573611e+00 -3.334887402362285869e+00 -2.990432808993983116e+00 -2.567573723403660413e+00 -2.316441287671048510e+00 -2.343561759843590497e+00 -3.039515149328499533e+00 -3.276609661085288394e+00 -3.056069701043490294e+00 -2.649575328098824567e+00 -2.336112299118862090e+00 -1.965465916378876576e+00 -1.226349474577965948e+00 -1.013871185722019952e+00 nan -6.876745615966858294e-01 -1.772678713402962236e+00 nan
nan nan nan nan nan nan nan nan nan -3.291293440918208635e+00 -3.736450464074463351e+00 -3.442314001039852744e+00 -3.059036398117031208e+00 -2.706304680855348810e+00 -2.449214251364878248e+00 -2.248922784443673439e+00 -2.519764725655913029e+00 -3.160643008386934127e+00 -3.268578524746064584e+00 -3.201980312492416214e+00 -3.009757370339365412e+00 -3.089446390154451105e+00 -3.041508092473701907e+00 -2.823075436468176047e+00 nan -1.648077481177353754e+00 -2.560809189595653290e+00 nan
nan nan nan nan nan nan nan nan nan nan -3.590880200272811518e+00 -3.497195852173552666e+00 -3.218231229827319684e+00 -2.907888552994215559e+00 -2.636576256996381762e+00 -2.337626468550548342e+00 -2.170186476727301805e+00 -2.718370916309327701e+00 -3.276257068442041120e+00 -3.561599024199845420e+00 -3.709870551620909396e+00 -3.660898266436853898e+00 -3.796861867299359261e+00 -3.939850757842419338e+00 -3.525328705826776154e+00 -2.350777090619895926e+00 -2.244161613324779925e+00 nan
nan nan nan nan nan nan nan nan nan nan nan nan -3.304980655172320869e+00 -2.951284113754252036e+00 -2.677931111403788922e+00 -2.547609085161084419e+00 -2.358304349500971231e+00 -2.528483149173680555e+00 -3.056160243154521172e+00 -3.484696585548931136e+00 -3.914533201050631295e+00 -4.152270165369539079e+00 -4.009378377332089904e+00 -3.673326463181640467e+00 -3.367450364036171706e+00 -2.812491456317239624e+00 -2.559116521780175457e+00 nan
nan nan nan nan nan nan nan nan nan nan nan nan nan -3.100635872643628943e+00 -2.813463672722592346e+00 -2.762696140462315153e+00 -2.747780802029492264e+00 -2.703304828208401123e+00 -3.013274746981680963e+00 -3.396949952325365008e+00 -3.736132932923242667e+00 -4.103203865635188130e+00 -4.216628469808743951e+00 -3.661893818683660928e+00 -3.162782751796559211e+00 -2.983041929858804675e+00 -2.782438454648770598e+00 nan
nan nan nan nan nan nan nan nan nan nan nan nan nan nan nan -2.953591436983320051e+00 -2.832997599610675987e+00 -2.891220743772452639e+00 -2.912560883983790205e+00 -3.122059593288309731e+00 -3.461427944990882910e+00 -3.363708589440210783e+00 -3.775782305912701364e+00 -3.851539495770442745e+00 -3.247069943011985149e+00 -3.058063422637818718e+00 -2.886979690474339666e+00 nan
nan nan nan nan nan nan nan nan nan nan nan nan nan nan nan nan nan -2.454685332001977915e+00 -2.569196803072623769e+00 -2.493081507016305931e+00 -2.723575027813787131e+00 -2.431699158653979342e+00 -2.258017146416698928e+00 -3.371268415329522039e+00 -3.235379549829690671e+00 -2.812412929241864479e+00 -2.443203190471726405e+00 nan
nan nan nan nan nan nan nan nan nan nan nan nan nan nan nan nan nan nan nan nan -6.623374720404066052e-01 nan nan -1.826351845773027449e+00 -2.523090698983270652e+00 -2.678109617063929360e+00 nan nan
