nan nan nan -3.613914199800417060e-01 -1.431352663543047576e+00 -3.129144959073973720e+00 nan nan nan nan nan nan nan nan nan nan nan nan nan nan nan nan nan nan nan nan nan nan
nan nan 6.482970251976256648e-01 -6.724431689948018320e-02 -1.202052763865082197e+00 -2.712790651817815313e+00 -5.597219143500308469e+00 nan nan nan nan nan nan nan nan nan nan nan nan nan nan nan nan nan nan nan nan nan
nan nan 8.266126746734265840e-01 -1.774426501299516956e-01 -1.176734854106111339e+00 -2.433628117837542071e+00 -4.721605684522902635e+00 -7.377929036423250153e+00 nan nan nan nan nan nan nan nan nan nan nan nan nan nan nan nan nan nan nan nan
nan 1.474186689222801272e+00 1.141253508873335099e+00 1.747886882581167062e-02 -1.042381318517426214e+00 -2.037578600053082667e+00 -3.565505657232645564e+00 -5.788283250541806702e+00 -5.920118405375714765e+00 nan nan nan nan nan nan nan nan nan nan nan nan nan nan nan nan nan nan nan
1.655735277396185090e+00 1.618728629895170634e+00 1.464692677990695913e+00 3.902384647884822311e-01 -5.701657290469773764e-01 -1.330347866133058776e+00 -2.586316182350364645e+00 -4.869975787283893354e+00 -4.902280339033267431e+00 -2.519612188637904371e+00 nan nan nan nan nan nan nan nan nan nan nan nan nan nan nan nan nan nan
1.727356418133082494e+00 1.680452712834831663e+00 1.547059417024613692e+00 8.464044514142807785e-01 -5.474773255451225590e-02 -8.694365870532513307e-01 -2.344617664265520762e+00 -5.222957203814415195e+00 -5.833029027928080978e+00 nan nan nan nan nan nan nan nan nan nan nan nan nan nan nan nan nan nan nan
1.785623584431797806e+00 1.644176446637865663e+00 1.730207734511157946e+00 1.353025037944004305e+00 3.025931623581586960e-01 -6.578717939966409745e-01 -2.295587715685910801e+00 -5.656641944514933407e+00 -6.835641649722161262e+00 nan nan nan nan nan nan nan nan nan nan nan nan nan nan nan nan nan nan nan
1.780442466922748324e+00 1.481554658898687871e+00 1.633084019068345771e+00 1.380224330215069184e+00 5.258525221135877947e-01 -7.104842958927510832e-01 -2.525722933008563764e+00 -5.458336407475146146e+00 -8.041183259580254372e+00 nan nan nan nan nan nan nan nan nan nan nan nan nan nan nan nan nan nan nan
nan 1.399388504323767268e+00 1.444721134866595591e+00 1.318262875964938186e+00 5.307863140860082929e-01 -7.081892585577257426e-01 -2.490944976986428472e+00 -4.395301135539006587e+00 -6.469333347936468748e+00 -6.175445828745506738e+00 nan nan nan nan nan nan nan nan nan nan nan nan nan nan nan nan nan nan
nan 1.299700483299367715e+00 1.373166549288270755e+00 1.257209949253725645e+00 3.565805345719155195e-01 -7.464432199663214584e-01 -2.248966840395466793e+00 -3.495072176311714518e+00 -4.804763349079065549e+00 -4.808997600715334109e+00 nan nan nan nan nan nan nan nan nan nan nan nan nan nan nan nan nan nan
nan 1.099255021388200193e+00 1.231495824569150077e+00 1.131817452170924332e+00 2.813199063005128453e-01 -8.318450361775409085e-01 -1.865546548152943629e+00 -3.148919818578842733e+00 -4.388736717464269965e+00 -4.602412255635391247e+00 nan nan nan nan nan nan nan nan nan nan nan nan nan nan nan nan nan nan
nan nan 1.068598827836046761e+00 1.013766291097310202e+00 3.758360118358760604e-01 -6.141679891342862740e-01 -1.895459301538775065e+00 -3.159050013015885394e+00 -5.378848980609944874e+00 -4.852222722656126308e+00 nan nan nan nan nan nan nan nan nan nan nan nan nan nan nan nan nan nan
nan nan 7.582849993540702327e-01 3.629131280570430662e-01 -9.509597420896310918e-04 nan -1.534869389210734347e+00 -2.870920028147728953e+00 -6.274641781403083485e+00 -6.255248114832096640e+00 nan nan nan nan nan nan nan nan nan nan nan nan nan nan nan nan nan nan
nan nan nan nan nan nan -7.743574113753420862e-01 -1.866818204022785643e+00 -5.766427553693779018e+00 -7.758618864359777767e+00 nan nan -3.661180588406500291e+00 nan nan nan nan nan nan nan nan nan nan nan nan nan nan nan
nan nan nan nan nan -3.088542397185824462e-01 4.428075864135901790e-02 -7.007163059912955294e-01 -4.073773979786430743e+00 -8.434813361042913016e+00 nan nan nan nan nan nan nan nan nan nan nan nan nan nan nan nan nan nan
nan nan nan nan nan 4.289329940103241978e-01 6.355522578863127547e-01 6.093070767482657024e-02 -2.384289274827549487e+00 -7.333990643349060257e+00 -6.331352338019912374e+00 nan nan nan nan nan nan nan nan nan nan nan nan nan nan nan nan nan
nan nan nan nan nan 7.738393659882063513e-01 7.888243540171782087e-01 3.028534610134889227e-01 -9.882772256017916535e-01 -3.487401893604434200e+00 -5.980990461048219409e+00 -5.345505283014734488e+00 nan -3.366774304723689326e+00 nan nan nan nan nan nan nan nan nan nan nan nan nan nan
nan nan nan nan nan 8.274382271504816533e-01 3.448452473217836767e-01 -3.276031944376193161e-01 -9.111567885608750084e-01 -1.675989481133739245e+00 -2.725012957025205296e+00 -4.207662799726398895e+00 -4.223640668931434305e+00 -3.970584602553235420e+00 -3.447935460709446343e+00 nan nan nan nan nan nan nan nan nan nan nan nan nan
nan nan nan nan nan 3.472107527664504145e-01 -3.146894181601890272e-01 -1.020353610959675583e+00 -1.308998537285618990e+00 -1.606967185101891626e+00 -2.045194487426951646e+00 -3.169344511238170625e+00 -3.907911635435064923e+00 -3.806513696493230015e+00 -4.207369208232439206e+00 -3.809882747120593827e+00 -2.619814634467190206e+00 nan nan nan nan nan nan nan nan nan nan nan
nan nan nan nan nan nan -8.259928173687589581e-01 -1.447696133933161100e+00 -1.850221452984530446e+00 -2.019512035080799794e+00 -2.388153644309432888e+00 -2.958739293911208268e+00 -3.753516247788386995e+00 -3.861975471832685081e+00 -3.549336578478261561e+00 -3.456701242512201233e+00 -2.524373650144622783e+00 -2.134344562553417646e+00 nan nan nan nan nan nan nan nan nan nan
nan nan nan nan nan nan nan -1.611332126059210390e+00 -2.063658589400104493e+00 -2.376660511145905375e+00 -2.625945524745236348e+00 -3.192394536153771778e+00 -3.575750109439265412e+00 -3.696666372548540913e+00 -3.547090710535908631e+00 -3.262490260104314199e+00 -2.747552729281288020e+00 -2.328310234231662612e+00 -1.803508775076619886e+00 nan nan -2.515150125720770902e+00 nan nan nan nan nan nan
nan nan nan nan nan nan nan -1.938439812307558574e+00 -2.197483789196502446e+00 -2.413879354978421876e+00 -2.540446375248974764e+00 -3.001810622915979110e+00 -3.591789108777929229e+00 -3.642817087913422736e+00 -3.594872584928974213e+00 -3.590288668950063933e+00 -3.147224481814439923e+00 -2.288929893362248169e+00 -1.536663043683996310e+00 -1.012763815425857583e+00 -7.170385189066964537e-01 -1.190231367114567673e+00 -1.395043264864797905e+00 nan nan nan nan nan
nan nan nan nan nan nan nan nan -2.707191259761335900e+00 -2.886646734860275121e+00 -3.102101385682598966e+00 -3.409197208011763625e+00 -3.716137865165882292e+00 -3.875063164044943331e+00 -4.012318850931000824e+00 -4.046039151477228479e+00 -3.860431837269126198e+00 -3.139707602280600529e+00 -2.276677987653176860e+00 -1.398217928053783421e+00 -8.209561427615422735e-01 -9.700750472152001036e-01 -9.573904253400939979e-01 -1.151205541139110666e+00 nan -1.617848977911973574e+00 -3.558923625350773001e+00 nan
nan nan nan nan nan nan nan nan nan -3.736541750111088689e+00 -4.172445458939167295e+00 -4.422262934727274164e+00 -4.671179803318769252e+00 -4.669714246315542105e+00 -4.624406359035543090e+00 -4.709472033303013561e+00 -4.654564871231094081e+00 -4.184545987288379898e+00 -3.656138121483570647e+00 -3.091337008424360988e+00 -2.396205167206984843e+00 -2.276573641924918956e+00 -2.393563844448433287e+00 -2.341146103928168909e+00 nan -2.989954524921282442e+00 -3.796158358535065336e+00 nan
nan nan nan nan nan nan nan nan nan nan -5.199712398391812762e+00 -5.502319610044692055e+00 -5.593923340818892420e+00 -5.477149057742855653e+00 -5.248135328232443442e+00 -5.242044339153038024e+00 -5.345456524258018760e+00 -5.341827483358180473e+00 -5.065089477406515606e+00 -4.589380758455966713e+00 -3.973979038045897472e+00 -3.351270643356374812e+00 -3.249592730628355408e+00 -2.908742547975054382e+00 -2.564369955081619246e+00 -2.280458973787536259e+00 -3.127323165246585823e+00 nan
nan nan nan nan nan nan nan nan nan nan nan nan -6.251158435027805105e+00 -5.939638897847935084e+00 -5.747402942932833270e+00 -5.903279288364603694e+00 -6.027386606255353385e+00 -5.963243680945948810e+00 -5.740269955785592515e+00 -5.342453902730589732e+00 -5.202564424154624056e+00 -4.527966522805656702e+00 -3.883851484835725287e+00 -3.079636625099416047e+00 -2.310430550132668071e+00 -2.074938657599033398e+00 -2.126990915968760998e+00 nan
nan nan nan nan nan nan nan nan nan nan nan nan nan -6.323851244021745366e+00 -6.319680462935430398e+00 -6.638622501407122733e+00 -6.500090143840846935e+00 -6.296112220394010528e+00 -6.379545511528593060e+00 -6.258609597139077607e+00 -5.966939400170803154e+00 -5.341021503959298755e+00 -4.762461236327133030e+00 -3.796984770344384863e+00 -2.836173998856449163e+00 -2.123682328505760442e+00 -1.907463583545039310e+00 nan
nan nan nan nan nan nan nan nan nan nan nan nan nan nan nan -6.800849663105091203e+00 -6.826920082213391971e+00 -6.667693984954521369e+00 -6.719304900818341864e+00 -6.832889808114846808e+00 -6.716572410381220770e+00 -6.452457046324229673e+00 -5.833160102880439624e+00 -4.599858297587787526e+00 -3.469837083282857559e+00 -2.743415580170737389e+00 -2.347608579324741207e+00 nan
nan nan nan nan nan nan nan nan nan nan nan nan nan nan nan nan nan -6.221655016966265883e+00 -6.241940803331833543e+00 -6.698304828922944765e+00 -6.286882574366761567e+00 -5.974027379345382194e+00 -5.292933609827523256e+00 -5.050336947020435119e+00 -3.829737084930263435e+00 -3.092406096894665612e+00 -2.590374717012560613e+00 nan
nan nan nan nan nan nan nan nan nan nan nan nan nan nan nan nan nan nan nan nan -3.027689970820783838e+00 nan nan -4.178295181493504984e+00 -3.845599152361834250e+00 -3.300913476969693061e+00 nan nan
