nan nan nan -9.125570586431323017e-01 -1.019965613723003317e+00 -1.226691981792938257e+00 nan nan nan nan nan nan nan nan nan nan nan nan nan nan nan nan nan nan nan nan nan nan
nan nan -1.082978096009286073e+00 -1.202184884119881891e+00 -1.304008160665194316e+00 -1.385219538472073575e+00 -1.855711797069849345e+00 nan nan nan nan nan nan nan nan nan nan nan nan nan nan nan nan nan nan nan nan nan
nan nan -1.405918557233569066e+00 -1.544654793797807013e+00 -1.629827657845174915e+00 -1.800238974345305998e+00 -1.790516615360530084e+00 -1.900445335585492890e+00 nan nan nan nan nan nan nan nan nan nan nan nan nan nan nan nan nan nan nan nan
nan -1.248362236720852669e+00 -1.565391848527529994e+00 -1.754669754426304351e+00 -1.868497587459725384e+00 -2.017415302043725767e+00 -1.879549722328219152e+00 -1.243696773417771073e+00 -9.241880819163788008e-01 nan nan nan nan nan nan nan nan nan nan nan nan nan nan nan nan nan nan nan
-1.239337523006528219e+00 -1.266310323729524345e+00 -1.495299992000721723e+00 -1.880192175365140272e+00 -2.071461739202586028e+00 -2.191418039274246610e+00 -2.076267159119871142e+00 -1.480191336881472086e+00 -7.204389120350170872e-01 -2.631174202787629479e-01 nan nan nan nan nan nan nan nan nan nan nan nan nan nan nan nan nan nan
-1.258754000180682509e+00 -1.282075499036499311e+00 -1.398214788455296009e+00 -1.689276079421647925e+00 -2.071383634802578033e+00 -2.265006322966070851e+00 -2.369287361354399657e+00 -2.016480970350127855e+00 -1.317753993024673997e+00 nan nan nan nan nan nan nan nan nan nan nan nan nan nan nan nan nan nan nan
-1.266731030745417375e+00 -1.186252468135011506e+00 -1.227375028519836153e+00 -1.473617007271851298e+00 -1.773085737099925563e+00 -2.016253570692327912e+00 -2.340607896086687401e+00 -2.513297944121016592e+00 -1.277184245410512897e+00 nan nan nan nan nan nan nan nan nan nan nan nan nan nan nan nan nan nan nan
-1.206045331885943206e+00 -1.139342493725522987e+00 -1.129391397417371046e+00 -1.292339965197742968e+00 -1.691417333930032907e+00 -1.969238577668265711e+00 -2.245064917117802761e+00 -2.586571425313408668e+00 -1.762653620227302653e+00 nan nan nan nan nan nan nan nan nan nan nan nan nan nan nan nan nan nan nan
nan -1.179815150284741154e+00 -1.297772278301393190e+00 -1.226912785426190311e+00 -1.468783718301267527e+00 -1.803286818603861086e+00 -1.984271924461171066e+00 -2.285996487902982821e+00 -1.728840615564577021e+00 -3.468273284338119211e-01 nan nan nan nan nan nan nan nan nan nan nan nan nan nan nan nan nan nan
nan -9.305244591701946621e-01 -1.146104922199278286e+00 -1.251540538005492254e+00 -1.381785696680845499e+00 -1.595481540638241214e+00 -1.797025404130757398e+00 -1.863753310546440334e+00 -1.165529465475160897e+00 -9.494263096505217714e-02 nan nan nan nan nan nan nan nan nan nan nan nan nan nan nan nan nan nan
nan -5.200623662154768567e-01 -7.793942605953098068e-01 -9.811246235734369936e-01 -1.321059989245130017e+00 -1.683950218417182843e+00 -1.856335319004292383e+00 -1.603157768766881208e+00 -1.116137660109416840e+00 -5.386428607945528135e-01 nan nan nan nan nan nan nan nan nan nan nan nan nan nan nan nan nan nan
nan nan -3.977075163070700192e-01 -7.624738913387949513e-01 -1.182657234494158383e+00 -1.924432405780805766e+00 -2.171322663272767350e+00 -1.670189326734821122e+00 -1.027292650711894684e+00 2.476759332263747670e-01 nan nan nan nan nan nan nan nan nan nan nan nan nan nan nan nan nan nan
nan nan 3.224497388327275393e-01 -8.260887018389758696e-01 -9.716452342862150759e-01 nan -2.331508246684472319e+00 -2.060897931708256969e+00 -8.613224309498497266e-01 8.651493582429359286e-01 nan nan nan nan nan nan nan nan nan nan nan nan nan nan nan nan nan nan
nan nan nan nan nan nan -1.543837306640180707e+00 -1.976881197993238359e+00 -9.895006020492780330e-01 1.375495020347663688e+00 nan nan 1.074586130694334951e+00 nan nan nan nan nan nan nan nan nan nan nan nan nan nan nan
nan nan nan nan nan -2.353692909101131381e+00 -1.611191096206535001e+00 -1.741258778859942513e+00 -1.268389083429347863e+00 6.149483733600005220e-01 nan nan nan nan nan nan nan nan nan nan nan nan nan nan nan nan nan nan
nan nan nan nan nan -1.788954608959449466e+00 -1.496593811169204091e+00 -1.287566981465790183e+00 -1.171901074170478951e+00 -1.979014990891835302e-01 7.220636593868678954e-01 nan nan nan nan nan nan nan nan nan nan nan nan nan nan nan nan nan
nan nan nan nan nan -1.499835647236348546e+00 -1.184033385910397751e+00 -9.463560782757544088e-01 -7.587804525661980826e-01 2.510641529054724597e-03 1.180779232703810910e+00 3.426269250559806356e-01 nan -8.995360601143405077e-01 nan nan nan nan nan nan nan nan nan nan nan nan nan nan
nan nan nan nan nan -1.797598962773402365e-01 -3.919630524512349168e-01 -3.728839633386749064e-01 -3.066767201438082568e-01 2.621240673072227634e-01 9.745904659558468630e-01 1.546232602503341713e+00 1.389040569012815585e+00 8.570862143490763918e-01 2.367718001336471811e-02 nan nan nan nan nan nan nan nan nan nan nan nan nan
nan nan nan nan nan 5.564946440059914678e-02 -3.602515434175335152e-02 3.605691301062918797e-03 1.327945920848397909e-01 3.736584664073074880e-01 7.832864941373279821e-01 1.218683048212836795e+00 1.517282726953957273e+00 1.640970866610424128e+00 1.416427156063899684e+00 -1.099643004452403927e+00 -9.253120337914717553e-01 nan nan nan nan nan nan nan nan nan nan nan
nan nan nan nan nan nan -2.967431324644550505e-01 -1.699066504709073611e-01 -2.548118711785674062e-02 2.846818697372596185e-01 6.775609437701219928e-01 9.455226025850966831e-01 1.083560325163761329e+00 1.400554794621013510e+00 1.827876427572953100e+00 1.971267144764639712e+00 1.669812731108029524e+00 2.729762303175747862e-01 nan nan nan nan nan nan nan nan nan nan
nan nan nan nan nan nan nan -4.939509794192674663e-01 -3.094694513665356972e-01 -9.488381304831094987e-03 3.517740249745431313e-01 6.395300046336189759e-01 7.220713972916786849e-01 8.895499686812659013e-01 1.376124274840187844e+00 1.714587766519721113e+00 1.985022942850440231e+00 1.819738750913768133e+00 6.084905029885124828e-01 nan nan -1.228155062255438690e+00 nan nan nan nan nan nan
nan nan nan nan nan nan nan -7.040032436568781637e-01 -6.089947898102210377e-01 -3.979350494391189486e-01 5.529961838858943324e-02 4.331617317513442034e-01 5.644369463674769882e-01 6.332178127042890070e-01 8.016329356630730318e-01 1.236092737225813920e+00 1.543900705580106392e+00 1.711126504335983123e+00 1.551110432575574904e+00 9.608009545013362906e-01 5.755086027895606193e-01 2.234101123006558554e-02 -2.120253742684037324e-01 nan nan nan nan nan
nan nan nan nan nan nan nan nan -8.078807244156478440e-01 -7.548956290570044692e-01 -3.012409911147027053e-01 9.778620878160870777e-02 3.144784287008884904e-01 4.347706989412135625e-01 6.161541877897520614e-01 9.343825457796541833e-01 1.322056482919596876e+00 1.504164441655718276e+00 1.742070108345492585e+00 1.714778760008791814e+00 1.394915954891986054e+00 9.778643795770632918e-01 8.439488930747411910e-01 5.367974900156902152e-01 nan 4.632896094233003859e-01 1.618692312896354013e-01 nan
nan nan nan nan nan nan nan nan nan -7.953324128468904908e-01 -6.826419025760265269e-01 -3.454497416468550464e-01 -9.265351880043160016e-02 1.975188816380879508e-02 2.293510135109446679e-01 5.888087220123080501e-01 9.562486732554669189e-01 1.317947527952523679e+00 1.607229469336025840e+00 1.857533100466640885e+00 1.837583968314602467e+00 1.672207235404905568e+00 1.635741795109279417e+00 1.639275219514396476e+00 nan 1.304161208433091801e+00 1.016975543503779722e+00 nan
nan nan nan nan nan nan nan nan nan nan -7.336546642306897015e-01 -5.517636334008919619e-01 -4.044964640628396779e-01 -2.735752350145640444e-01 -9.939729957461573839e-02 1.808533283713371631e-01 5.506390515116907913e-01 1.077329586197975031e+00 1.452897415307902840e+00 1.685924834246471216e+00 1.846865439549240984e+00 1.761544937332573113e+00 1.659390500687037084e+00 1.632766262269252699e+00 2.032178956205874520e+00 2.228956122003946660e+00 1.830299973888461551e+00 nan
nan nan nan nan nan nan nan nan nan nan nan nan -6.017512114297924875e-01 -5.578963382844437380e-01 -4.203451897044578889e-01 -1.002637740459327853e-01 1.466673396080546699e-01 5.925188708244666369e-01 1.034651719509982692e+00 1.331274133091325806e+00 1.404796530125403953e+00 1.449933463785496368e+00 1.439802688362892269e+00 1.427021639943705678e+00 1.578693551494591230e+00 1.837197372191573752e+00 1.951684140080774066e+00 nan
nan nan nan nan nan nan nan nan nan nan nan nan nan -4.621873241440415114e-01 -3.653517031020414585e-01 -1.042720024018017888e-01 2.194524890771777370e-01 4.230521151632496979e-01 7.716127752921306815e-01 9.943774639167509699e-01 1.126587327889519319e+00 1.066933412024310579e+00 1.261191813569995768e+00 1.326819381277530407e+00 1.392475362593087684e+00 1.526868226873741463e+00 1.678042180766552205e+00 nan
nan nan nan nan nan nan nan nan nan nan nan nan nan nan nan 9.028162195435807114e-02 1.014321890472581478e-01 3.572849657846728366e-01 7.529455720250981532e-01 1.094390980198769903e+00 1.155492104143560184e+00 1.210222408926183491e+00 1.391409175432940959e+00 1.416109612791089045e+00 1.314759327165371916e+00 1.357002396414829004e+00 1.491681662524710905e+00 nan
nan nan nan nan nan nan nan nan nan nan nan nan nan nan nan nan nan 2.967169083241989469e-01 5.208249794901307350e-01 7.864645015537314876e-01 1.101047871522369048e+00 1.911820961386365481e+00 2.402973908975080342e+00 1.382253853548344180e+00 1.443374079065203652e+00 1.468361316713712394e+00 1.588064855791228691e+00 nan
nan nan nan nan nan nan nan nan nan nan nan nan nan nan nan nan nan nan nan nan 7.623401093429266195e-01 nan nan 1.057203110205461982e+00 1.354730366918805995e+00 1.424749995572541339e+00 nan nan
