nan nan nan -1.597044002333728452e+00 -2.164594207413131244e+00 -2.869527501630794841e+00 nan nan nan nan nan nan nan nan nan nan nan nan nan nan nan nan nan nan nan nan nan nan
nan nan -1.733282746421576981e+00 -1.894332449413798525e+00 -2.336161759691009365e+00 -2.919041434029361781e+00 -3.435086650945078368e+00 nan nan nan nan nan nan nan nan nan nan nan nan nan nan nan nan nan nan nan nan nan
nan nan -1.862267456003764643e+00 -2.130597988738204940e+00 -2.475630132189377441e+00 -3.004483516457224113e+00 -3.340216139571582588e+00 -3.387484612939763551e+00 nan nan nan nan nan nan nan nan nan nan nan nan nan nan nan nan nan nan nan nan
nan -1.538362733735825216e+00 -1.887790550833598147e+00 -2.223219806674641585e+00 -2.601322177488815779e+00 -3.047600245269059371e+00 -3.281917613225106667e+00 -2.986095907934383398e+00 -1.782564296943457194e+00 nan nan nan nan nan nan nan nan nan nan nan nan nan nan nan nan nan nan nan
-1.189145979984835400e+00 -1.505861740656836645e+00 -1.875191930007130470e+00 -2.265223185963049168e+00 -2.739110913249139578e+00 -3.147958522338107468e+00 -3.331930321372023052e+00 -3.052431338710325903e+00 -1.943908163147543666e+00 -4.111817951125580906e-01 nan nan nan nan nan nan nan nan nan nan nan nan nan nan nan nan nan nan
-1.160335872705500204e+00 -1.493624442030602184e+00 -1.867019690833543688e+00 -2.248260333990176107e+00 -2.769561677641230180e+00 -3.178149235761355218e+00 -3.472634960727750908e+00 -3.339991140260914815e+00 -2.387071777571675657e+00 nan nan nan nan nan nan nan nan nan nan nan nan nan nan nan nan nan nan nan
-1.028603670594266717e+00 -1.420269585683582303e+00 -1.837086114205925158e+00 -2.278732004919623133e+00 -2.793686006036781855e+00 -3.159980060703592830e+00 -3.531183475484158230e+00 -3.536834429257727397e+00 -2.206814986307726212e+00 nan nan nan nan nan nan nan nan nan nan nan nan nan nan nan nan nan nan nan
-9.063480871865431387e-01 -1.272591817607319431e+00 -1.756088127134379340e+00 -2.330148464091085891e+00 -2.858091832929339660e+00 -3.165193780816663693e+00 -3.530946716083614767e+00 -3.530116699291415472e+00 -2.276359826845305356e+00 nan nan nan nan nan nan nan nan nan nan nan nan nan nan nan nan nan nan nan
nan -1.113328001074770146e+00 -1.569519026953887009e+00 -2.158425792382941744e+00 -2.730845827985983743e+00 -3.145577469709486707e+00 -3.460391642319666339e+00 -3.272431750234622072e+00 -2.239746290906670545e+00 -4.608256963926722349e-01 nan nan nan nan nan nan nan nan nan nan nan nan nan nan nan nan nan nan
nan -9.493075328425563120e-01 -1.335934568482763707e+00 -1.831890524514203644e+00 -2.498250564495734238e+00 -3.140827604562701048e+00 -3.397421902817350681e+00 -2.971833530687146396e+00 -1.794808263359974454e+00 -3.906843423349329325e-01 nan nan nan nan nan nan nan nan nan nan nan nan nan nan nan nan nan nan
nan -7.279841726855937889e-01 -9.978640658134977359e-01 -1.488674913247272746e+00 -2.212561985169552159e+00 -3.216601019963075903e+00 -3.562861808156204901e+00 -2.901888475531655409e+00 -1.857157236218127228e+00 -8.200348052166542834e-01 nan nan nan nan nan nan nan nan nan nan nan nan nan nan nan nan nan nan
nan nan -8.001789354261219511e-01 -1.210809260185947256e+00 -1.867274531540439764e+00 -3.214675082185963539e+00 -3.707726245989762859e+00 -2.971341339020917793e+00 -1.894955050666252916e+00 -2.639965404381627856e-02 nan nan nan nan nan nan nan nan nan nan nan nan nan nan nan nan nan nan
nan nan -9.676891371814852483e-02 -1.352131514332577833e+00 -1.377249091143772031e+00 nan -3.561440855871578215e+00 -3.050178115180780303e+00 -1.970325085024555722e+00 1.485640415770685951e-01 nan nan nan nan nan nan nan nan nan nan nan nan nan nan nan nan nan nan
nan nan nan nan nan nan -2.688032332864253693e+00 -2.916272474450992913e+00 -2.255921798418952573e+00 1.224750381370858232e-01 nan nan 7.884600771963692356e-01 nan nan nan nan nan nan nan nan nan nan nan nan nan nan nan
nan nan nan nan nan -3.041728773389153595e+00 -2.727093330284569017e+00 -2.849013248105948026e+00 -2.611478418943016688e+00 -1.198705614565964028e+00 nan nan nan nan nan nan nan nan nan nan nan nan nan nan nan nan nan nan
nan nan nan nan nan -2.367251978410727986e+00 -2.506309922719978545e+00 -2.514187110722859053e+00 -2.642447516031511956e+00 -2.247714517554568303e+00 -6.555996714286410620e-01 nan nan nan nan nan nan nan nan nan nan nan nan nan nan nan nan nan
nan nan nan nan nan -2.284900989376126734e+00 -2.235451044240129193e+00 -2.169219369565297928e+00 -2.138955970117119687e+00 -1.602227545466776704e+00 -6.836669809361132222e-01 -7.149370780205527298e-01 nan -1.134924398514786548e+00 nan nan nan nan nan nan nan nan nan nan nan nan nan nan
nan nan nan nan nan -9.813931974305984962e-01 -1.459674562822293131e+00 -1.429368394718689705e+00 -1.308448408835798826e+00 -9.929012947691887581e-01 -2.204653551466014827e-01 4.518352707015707015e-01 5.032815712328924107e-01 3.532419507165454609e-02 -1.313777765637432760e-01 nan nan nan nan nan nan nan nan nan nan nan nan nan
nan nan nan nan nan 1.216917470222975001e-01 -3.978972508199222213e-01 -6.267113988999509777e-01 -5.153128536378668301e-01 -3.881784459123880371e-01 -3.925351138562638287e-02 6.075127155090846998e-01 9.490457331026203036e-01 8.272351653439221630e-01 5.143165994373382066e-01 -8.841469304832045850e-01 -7.110668307776728536e-01 nan nan nan nan nan nan nan nan nan nan nan
nan nan nan nan nan nan 5.540648440104432026e-01 6.432497933218844777e-02 -1.698173214375217621e-01 -1.266702613871972805e-01 1.666743895516483720e-01 6.579019123228380117e-01 9.897165551781031967e-01 1.025338294988907162e+00 1.041983498774936123e+00 1.077249380183288086e+00 8.941121397613697175e-01 -2.192413079702630330e-01 nan nan nan nan nan nan nan nan nan nan
nan nan nan nan nan nan nan 6.411730350959665703e-01 3.263641136036699586e-01 3.333262262713232449e-02 2.412680386872001481e-02 4.585914542342975353e-01 9.043147613213766700e-01 1.074194027244324889e+00 1.313907720192561301e+00 1.310977408687277190e+00 1.204809513802844956e+00 5.522408622683642188e-01 -4.468199035143960440e-02 nan nan -1.008519353715409128e+00 nan nan nan nan nan nan
nan nan nan nan nan nan nan 1.170867360065918517e+00 8.156734445827208413e-01 4.692318078217408428e-01 2.909617505695231698e-01 3.869402113290323353e-01 7.214868884580173392e-01 1.035787362126092681e+00 1.272380031416422641e+00 1.390241318025355888e+00 1.444973364297674978e+00 1.096775820630881970e+00 5.989840062221958306e-01 2.940950811986390301e-01 1.943540220048068923e-01 -1.710885386005145670e-01 -1.804998255633686877e-01 nan nan nan nan nan
nan nan nan nan nan nan nan nan 1.327535360011224075e+00 7.536917278046824098e-01 6.553509663911968319e-01 5.447060645256228684e-01 6.620010395292800220e-01 8.457916740669534361e-01 1.028673950187477537e+00 1.235175967755965942e+00 1.546860167014743714e+00 1.600156849894251110e+00 1.331257918136199647e+00 8.742646278729588882e-01 5.461637810557851136e-01 4.658762800710423146e-01 5.184083299523143396e-01 3.958001361660716255e-01 nan 3.523827208712970727e-03 -7.388786691854543065e-02 nan
nan nan nan nan nan nan nan nan nan 1.080349733445014282e+00 7.807065110218576187e-01 6.846479795481382746e-01 6.348469089266378651e-01 8.580726983464358470e-01 1.047616106277019732e+00 1.258895127970059535e+00 1.424592290221246227e+00 1.762460091879967328e+00 1.774308114002472347e+00 1.458314927274191319e+00 1.129992178726139107e+00 9.256531196230326497e-01 1.138953217664116613e+00 1.565509003247038899e+00 nan 1.740315249555314692e+00 1.506742008443712866e+00 nan
nan nan nan nan nan nan nan nan nan nan 9.131063076628450625e-01 6.964575765951472874e-01 6.169857114582660840e-01 6.610934043187405296e-01 9.730698830749886508e-01 1.244995363265496646e+00 1.523897144852544905e+00 1.669358515502831208e+00 1.838043194590671003e+00 1.713170826742745678e+00 1.499153734969522311e+00 1.253431288218943340e+00 1.256231620633087021e+00 1.742499335709822184e+00 2.761941426288348822e+00 3.486505509501966138e+00 3.094915387749189062e+00 nan
nan nan nan nan nan nan nan nan nan nan nan nan 9.137324366928609720e-01 7.520115470312190853e-01 9.398469239731036540e-01 1.233747488927984692e+00 1.540505589577244816e+00 1.661979782403080863e+00 1.767162396700971083e+00 1.849750117987487785e+00 1.529719321035839519e+00 1.284516401930576812e+00 1.186268978330025092e+00 1.340267034442338856e+00 1.883807965047452626e+00 2.644270402930126274e+00 2.896089513582338348e+00 nan
nan nan nan nan nan nan nan nan nan nan nan nan nan 1.310156665743110738e+00 1.278643339524972777e+00 1.410728652082289925e+00 1.580075616349469581e+00 1.760386884756735437e+00 1.757259041245541331e+00 1.844830519681881942e+00 1.682514003518101653e+00 1.331227800785550475e+00 1.136366121479434943e+00 1.108105491917890983e+00 1.369794947726017620e+00 1.798170030617160187e+00 2.040726286281641766e+00 nan
nan nan nan nan nan nan nan nan nan nan nan nan nan nan nan 1.558963087616198173e+00 1.550472169189587968e+00 1.648481092121468983e+00 1.821686577336222967e+00 1.881513923750390394e+00 1.829348282328182584e+00 1.697722821251133274e+00 1.242476876494052807e+00 9.799626174292669356e-01 9.946940817948468627e-01 1.083279073003630799e+00 1.302358339927965236e+00 nan
nan nan nan nan nan nan nan nan nan nan nan nan nan nan nan nan nan 1.554293418607149535e+00 1.756958871715089909e+00 1.692504248748128104e+00 1.626415559829156310e+00 1.964411920177545401e+00 1.906957969415725040e+00 8.106164259693600105e-01 6.310942383068639527e-01 6.139248747755293723e-01 7.500150678823023220e-01 nan
nan nan nan nan nan nan nan nan nan nan nan nan nan nan nan nan nan nan nan nan 1.078950017505619030e+00 nan nan 4.446464579109833948e-01 4.870601994247341082e-01 2.662451545337624625e-01 nan nan
