nan nan nan 3.559307118241053836e+00 2.318276064002978032e+00 1.307329119872214784e-01 nan nan nan nan nan nan nan nan nan nan nan nan nan nan nan nan nan nan nan nan nan nan
nan nan 3.966659016850828223e+00 3.646701611308107438e+00 2.564538771697987940e+00 8.807756419879200216e-01 -1.530123522163539862e+00 nan nan nan nan nan nan nan nan nan nan nan nan nan nan nan nan nan nan nan nan nan
nan nan 3.966368862295535536e+00 3.692391436913720071e+00 2.863769554837207743e+00 1.321252519522050584e+00 -5.350940252912683714e-01 -2.593653097295897325e+00 nan nan nan nan nan nan nan nan nan nan nan nan nan nan nan nan nan nan nan nan
nan 4.019857002051891115e+00 3.928489459377779713e+00 3.767554744013095203e+00 3.124432522917772737e+00 1.863003878240009126e+00 4.685177788025109979e-01 -8.822622794070655861e-01 -1.706635223491123288e+00 nan nan nan nan nan nan nan nan nan nan nan nan nan nan nan nan nan nan nan
3.845453940784261171e+00 3.847403544298706457e+00 3.884370628408000847e+00 3.772827577609764393e+00 3.327297595103458683e+00 2.313113278626618197e+00 1.141743635345247476e+00 -1.239059966032960980e-01 -1.011043500223319347e+00 -1.094555759252183513e+00 nan nan nan nan nan nan nan nan nan nan nan nan nan nan nan nan nan nan
3.642853801827510285e+00 3.590981929315178789e+00 3.642176080124804649e+00 3.597785485151931528e+00 3.325217003604978405e+00 2.533740386831575542e+00 1.481408304676909538e+00 1.194289760583024107e-01 -1.292690507208567041e+00 nan nan nan nan nan nan nan nan nan nan nan nan nan nan nan nan nan nan nan
3.415049184510017710e+00 3.318681575254428751e+00 3.339217057841795899e+00 3.312359842996658976e+00 3.119459369281860184e+00 2.502401572092662896e+00 1.815941485312768666e+00 3.608137467335712500e-01 -9.330440552258909559e-01 nan nan nan nan nan nan nan nan nan nan nan nan nan nan nan nan nan nan nan
3.164817814040946864e+00 3.126200542458642317e+00 3.051441651603840288e+00 3.025811212202678568e+00 2.883924084456192638e+00 2.515129233096264905e+00 2.086223601403073502e+00 9.283947978249506017e-01 -7.253276222350346636e-01 nan nan nan nan nan nan nan nan nan nan nan nan nan nan nan nan nan nan nan
nan 2.851221041297919534e+00 2.827331369234678871e+00 2.757386645210730514e+00 2.660933096318845337e+00 2.433354517351133062e+00 2.065650571660111900e+00 1.405583330898584116e+00 8.059020069211542125e-02 -1.685892048973866575e-02 nan nan nan nan nan nan nan nan nan nan nan nan nan nan nan nan nan nan
nan 2.519622642628001508e+00 2.508671452774777766e+00 2.572790414025596828e+00 2.483419804191208335e+00 2.274118002196422239e+00 1.784640722993222184e+00 1.544511155814626280e+00 1.376383455315653981e+00 5.372757150010406546e-01 nan nan nan nan nan nan nan nan nan nan nan nan nan nan nan nan nan nan
nan 2.229416499215046255e+00 2.159265259373002177e+00 2.242703941845480387e+00 2.189653649530709956e+00 2.001862454704168570e+00 1.598368652851489546e+00 1.519715909830311684e+00 1.433296547298273493e+00 2.960125202503087749e-01 nan nan nan nan nan nan nan nan nan nan nan nan nan nan nan nan nan nan
nan nan 2.002959663345182939e+00 2.116599783065828078e+00 2.172449642998857122e+00 1.956273194328963072e+00 1.702327384752123862e+00 1.535372472418434331e+00 1.404052061935403550e+00 1.028942390195295209e+00 nan nan nan nan nan nan nan nan nan nan nan nan nan nan nan nan nan nan
nan nan 1.984901130336515607e+00 1.863600376968223671e+00 1.978499837352517554e+00 nan 1.788661768614693948e+00 1.572231147737698231e+00 1.689277653379180899e+00 2.060989509682463972e+00 nan nan nan nan nan nan nan nan nan nan nan nan nan nan nan nan nan nan
nan nan nan nan nan nan 8.136906521924929248e-01 1.388422462469853791e+00 1.877617637551512342e+00 2.879470566513886887e+00 nan nan 1.292719144740455572e+00 nan nan nan nan nan nan nan nan nan nan nan nan nan nan nan
nan nan nan nan nan 7.215829210334030464e-01 1.470770358162257208e-01 9.530812812545900181e-01 1.684694574586017790e+00 2.933425562613692250e+00 nan nan nan nan nan nan nan nan nan nan nan nan nan nan nan nan nan nan
nan nan nan nan nan -1.878268076883043702e-01 -6.707436802963426259e-02 4.644492515301588131e-01 1.280253595052513349e+00 2.165820605540342392e+00 2.370382687848622716e+00 nan nan nan nan nan nan nan nan nan nan nan nan nan nan nan nan nan
nan nan nan nan nan -1.080439957418908747e+00 -3.621153491131067215e-01 5.938546839068117866e-02 9.199083439387116812e-01 1.628166976030412050e+00 2.595709487061279130e+00 9.782476093475308554e-01 nan -6.355645384320487423e-01 nan nan nan nan nan nan nan nan nan nan nan nan nan nan
nan nan nan nan nan -5.563674826661377804e-01 -3.343519056662399014e-01 -5.629699338955829191e-02 5.613502054638674910e-01 1.328875385773685913e+00 2.016503347761295029e+00 2.251684959255568330e+00 1.276435550531729302e+00 3.356202290860476611e-01 2.994519842688749822e-01 nan nan nan nan nan nan nan nan nan nan nan nan nan
nan nan nan nan nan -3.174779671766436717e-03 -4.413304685504693126e-02 9.597469163685878879e-02 4.340883901983967341e-01 9.723009244964448961e-01 1.640419604204530701e+00 2.076217566177703588e+00 1.904330269106638163e+00 1.260564597021305300e+00 6.337689362703297080e-01 -5.471287979697899706e-01 -3.782949077013695316e-01 nan nan nan nan nan nan nan nan nan nan nan
nan nan nan nan nan nan 4.770918668964437281e-01 3.940410281753280453e-01 4.473318577667095286e-01 7.337781533780409760e-01 1.233758639776922017e+00 1.724164208688252486e+00 1.801974985411683994e+00 1.585722995636450472e+00 1.320310143431079331e+00 1.126050792414538204e+00 9.546831177943219116e-01 6.111030426677344085e-02 nan nan nan nan nan nan nan nan nan nan
nan nan nan nan nan nan nan 6.774743698380603085e-01 6.052449843479019709e-01 6.365416344616792177e-01 8.210429858870575970e-01 1.276997481049166439e+00 1.535052084378997872e+00 1.539709204559669198e+00 1.534158237055529783e+00 1.457204813171689484e+00 1.267873323746242953e+00 8.171772944285380369e-01 2.821408840578958910e-01 nan nan -1.208071874778080979e+00 nan nan nan nan nan nan
nan nan nan nan nan nan nan 1.166422985500333631e+00 9.784220921683286498e-01 8.202052115003586330e-01 7.647386240652710443e-01 9.678125132445185574e-01 1.280698312366940872e+00 1.480720070614155670e+00 1.540351311511647614e+00 1.409067461823121370e+00 1.413259518790392466e+00 1.180277586954807667e+00 8.884845213167100741e-01 6.714726240360875398e-01 5.759259078774269236e-01 1.943107105171729132e-01 7.065687130595521559e-03 nan nan nan nan nan
nan nan nan nan nan nan nan nan 1.431005565702174076e+00 1.179955485131562787e+00 1.102496133462512962e+00 9.044447658580079263e-01 1.051320395551854858e+00 1.269703747508989622e+00 1.479031166617582826e+00 1.448176198990709818e+00 1.371036002631364603e+00 1.406290846459550714e+00 1.160060350929802642e+00 9.491889353588024436e-01 7.043231684966503314e-01 4.657230042255284808e-01 4.368067824995399140e-01 2.859745600217379335e-01 nan -2.892382132939463335e-01 -9.896231432977542486e-01 nan
nan nan nan nan nan nan nan nan nan 1.665847416217482113e+00 1.391609955072124372e+00 1.186453138517316486e+00 1.075908872206440936e+00 1.196606482207072997e+00 1.368852363207926803e+00 1.532842621766584479e+00 1.457871975022453803e+00 1.478309896992106243e+00 1.274840086306043840e+00 1.029740780564045943e+00 7.509532431149028575e-01 4.225653890493783482e-01 2.726031802390223024e-01 3.555926546684398115e-01 nan 9.746556997341393469e-03 -6.246978527583677554e-01 nan
nan nan nan nan nan nan nan nan nan nan 1.798979241187819600e+00 1.467357693408244623e+00 1.264093509472767440e+00 1.221695559272031550e+00 1.324881925854493492e+00 1.414479179449888102e+00 1.534915097375811888e+00 1.478872567431375851e+00 1.571502648770652710e+00 1.418164264168836564e+00 1.067196438085099786e+00 5.660751976920482820e-01 1.129842337682299691e-01 -5.868966437982603424e-02 3.270845133475309696e-01 9.465863701587143852e-01 5.364320063045775466e-01 nan
nan nan nan nan nan nan nan nan nan nan nan nan 1.496228633526113239e+00 1.313110679493243449e+00 1.188602342683015900e+00 1.223736768625827587e+00 1.386142966964822199e+00 1.508266543536726401e+00 1.573710954310840515e+00 1.600981679431430438e+00 1.340989699444449013e+00 9.017044144196564304e-01 3.993073962220162754e-01 1.567144123638701814e-01 2.997328857159208271e-01 7.390197917554017781e-01 8.300113586782538189e-01 nan
nan nan nan nan nan nan nan nan nan nan nan nan nan 1.330410369203705478e+00 1.119291709933288637e+00 1.079991596891105132e+00 1.164803699970840878e+00 1.284091133033792298e+00 1.346481131543029397e+00 1.294603539625446942e+00 1.197187844610440699e+00 9.787857250519700347e-01 8.386752138433724024e-01 6.275519794315892463e-01 5.858765406012762522e-01 7.474793726792582360e-01 8.515851000057389486e-01 nan
nan nan nan nan nan nan nan nan nan nan nan nan nan nan nan 9.170434302272971738e-01 9.499715467953965264e-01 9.662684503049817630e-01 1.012394225694294825e+00 1.022393173238200337e+00 1.060909306611185432e+00 1.055088761592211988e+00 1.069061193938070975e+00 9.896789742273905954e-01 8.331444668327768754e-01 8.381802067853952876e-01 8.902199371072279099e-01 nan
nan nan nan nan nan nan nan nan nan nan nan nan nan nan nan nan nan 7.199540362481402500e-01 6.628197625731935272e-01 6.545759823701775559e-01 8.205713508743675000e-01 1.795169392058201474e+00 2.375424197256341685e+00 1.343901184399264537e+00 1.090205967247447338e+00 9.447860863381887242e-01 1.032497627912551508e+00 nan
nan nan nan nan nan nan nan nan nan nan nan nan nan nan nan nan nan nan nan nan 3.762607533596740161e-01 nan nan 1.086990401042698506e+00 9.587400747768687337e-01 1.096955372891733838e+00 nan nan
