nan nan nan 0.000000000000000000e+00 0.000000000000000000e+00 0.000000000000000000e+00 nan nan nan nan nan nan nan nan nan nan nan nan nan nan nan nan nan nan nan nan nan nan
nan nan 0.000000000000000000e+00 0.000000000000000000e+00 0.000000000000000000e+00 0.000000000000000000e+00 0.000000000000000000e+00 nan nan nan nan nan nan nan nan nan nan nan nan nan nan nan nan nan nan nan nan nan
nan nan 0.000000000000000000e+00 0.000000000000000000e+00 0.000000000000000000e+00 0.000000000000000000e+00 0.000000000000000000e+00 0.000000000000000000e+00 nan nan nan nan nan nan nan nan nan nan nan nan nan nan nan nan nan nan nan nan
nan 0.000000000000000000e+00 0.000000000000000000e+00 0.000000000000000000e+00 0.000000000000000000e+00 0.000000000000000000e+00 0.000000000000000000e+00 0.000000000000000000e+00 0.000000000000000000e+00 nan nan nan nan nan nan nan nan nan nan nan nan nan nan nan nan nan nan nan
0.000000000000000000e+00 0.000000000000000000e+00 0.000000000000000000e+00 0.000000000000000000e+00 0.000000000000000000e+00 0.000000000000000000e+00 0.000000000000000000e+00 0.000000000000000000e+00 1.237407401204109261e-03 2.237222187221050290e-02 nan nan nan nan nan nan nan nan nan nan nan nan nan nan nan nan nan nan
0.000000000000000000e+00 0.000000000000000000e+00 0.000000000000000000e+00 0.000000000000000000e+00 0.000000000000000000e+00 0.000000000000000000e+00 0.000000000000000000e+00 0.000000000000000000e+00 5.004629611968994252e-02 9.781333307735622096e-02 nan nan nan nan nan nan nan nan nan nan nan nan nan nan nan nan nan nan
0.000000000000000000e+00 0.000000000000000000e+00 0.000000000000000000e+00 0.000000000000000000e+00 0.000000000000000000e+00 0.000000000000000000e+00 0.000000000000000000e+00 1.242592558264732448e-03 1.159807395935058549e-01 nan nan nan nan nan nan nan nan nan nan nan nan nan nan nan nan nan nan nan
0.000000000000000000e+00 0.000000000000000000e+00 0.000000000000000000e+00 0.000000000000000000e+00 0.000000000000000000e+00 0.000000000000000000e+00 0.000000000000000000e+00 8.052963018417357705e-03 1.399118518829345625e-01 nan nan nan nan nan nan nan nan nan nan nan nan nan nan nan nan nan nan nan
nan 0.000000000000000000e+00 0.000000000000000000e+00 0.000000000000000000e+00 0.000000000000000000e+00 0.000000000000000000e+00 0.000000000000000000e+00 5.519333362579345592e-02 2.014585176110267606e-01 3.623576092720031672e-01 nan nan nan nan nan nan nan nan nan nan nan nan nan nan nan nan nan nan
nan 0.000000000000000000e+00 0.000000000000000000e+00 0.000000000000000000e+00 0.000000000000000000e+00 0.000000000000000000e+00 5.680740475654601739e-03 1.078322219848632801e-01 3.049333333969116433e-01 4.514181518554687411e-01 nan nan nan nan nan nan nan nan nan nan nan nan nan nan nan nan nan nan
nan 0.000000000000000000e+00 0.000000000000000000e+00 0.000000000000000000e+00 0.000000000000000000e+00 0.000000000000000000e+00 1.555592581629753127e-02 2.234688806533813299e-01 5.083873939514159668e-01 6.437148284912108664e-01 nan nan nan nan nan nan nan nan nan nan nan nan nan nan nan nan nan nan
nan nan 0.000000000000000000e+00 0.000000000000000000e+00 0.000000000000000000e+00 0.000000000000000000e+00 4.676037073135375782e-02 4.653544425964355469e-01 7.602644348144531605e-01 8.360203933715820712e-01 nan nan nan nan nan nan nan nan nan nan nan nan nan nan nan nan nan nan
nan nan 0.000000000000000000e+00 0.000000000000000000e+00 7.231111228466034421e-03 2.264999985694885268e-02 4.180111110210418118e-02 4.202259254455567028e-01 7.978255462646484109e-01 8.855125045776366388e-01 nan nan nan nan nan nan nan nan nan nan nan nan nan nan nan nan nan nan
nan nan nan nan nan nan 3.086888909339904896e-02 1.479351830482482921e-01 6.074040794372559393e-01 8.712541580200194868e-01 nan nan nan nan nan nan nan nan nan nan nan nan nan nan nan nan nan nan
nan nan nan nan nan 1.096555590629577637e-02 8.592592924833297860e-04 2.108925938606262193e-02 4.079870414733887118e-01 8.023625946044921076e-01 8.816550064086914329e-01 nan nan nan nan nan nan nan nan nan nan nan nan nan nan nan nan nan
nan nan nan nan nan 0.000000000000000000e+00 0.000000000000000000e+00 3.607407398521900350e-03 2.116177749633789129e-01 6.728696250915526811e-01 8.221823883056640359e-01 nan nan nan nan nan nan nan nan nan nan nan nan nan nan nan nan nan
nan nan nan nan nan 0.000000000000000000e+00 0.000000000000000000e+00 4.937037080526351452e-04 8.180296421051025391e-02 4.933885192871093617e-01 7.944692611694336160e-01 8.939447784423828480e-01 9.465326690673827592e-01 9.539953613281250133e-01 nan 8.731250000000000400e-01 nan nan nan nan nan nan nan nan nan nan nan nan
nan nan nan nan 0.000000000000000000e+00 0.000000000000000000e+00 0.000000000000000000e+00 0.000000000000000000e+00 6.417777836322784840e-03 2.098755598068237083e-01 5.485859298706055043e-01 7.250315093994140758e-01 8.483429336547851918e-01 9.129929733276367365e-01 9.181200027465820090e-01 nan nan nan nan nan nan nan nan nan nan nan nan nan
nan nan nan nan nan 0.000000000000000000e+00 0.000000000000000000e+00 0.000000000000000000e+00 0.000000000000000000e+00 1.489000052213668851e-02 1.390677762031555242e-01 4.345092582702636541e-01 6.508807563781738859e-01 8.223388671875000444e-01 8.900485229492187678e-01 8.796822357177733753e-01 nan nan nan nan nan nan nan nan nan nan nan nan
nan nan nan nan nan nan 0.000000000000000000e+00 0.000000000000000000e+00 0.000000000000000000e+00 0.000000000000000000e+00 6.569259017705917497e-03 1.247014856338500982e-01 3.750970315933227495e-01 6.007015037536620472e-01 7.713837051391601030e-01 8.620018386840819780e-01 9.020644378662109331e-01 9.357600021362304510e-01 9.354826736450194691e-01 nan nan nan nan nan nan nan nan nan
nan nan nan nan nan nan nan 0.000000000000000000e+00 0.000000000000000000e+00 0.000000000000000000e+00 0.000000000000000000e+00 8.371481448411941320e-03 9.908555388450622503e-02 2.223325872421264837e-01 4.700933361053466486e-01 7.688907241821288929e-01 9.226774215698242410e-01 9.445333099365234020e-01 9.675596237182617632e-01 9.111116790771485174e-01 9.767105484008788974e-01 9.916874694824218128e-01 nan nan nan nan nan nan
nan nan nan nan nan nan nan 0.000000000000000000e+00 0.000000000000000000e+00 0.000000000000000000e+00 0.000000000000000000e+00 0.000000000000000000e+00 1.033703684806823626e-03 8.759259469807148188e-03 9.411814928054809681e-02 4.684203529357910400e-01 8.074466323852538263e-01 9.195985412597655895e-01 9.499225997924805043e-01 9.551684951782226651e-01 9.647344589233398660e-01 9.705081558227539595e-01 9.882246017456055576e-01 9.071266555786132724e-01 nan nan nan nan
nan nan nan nan nan nan nan nan 0.000000000000000000e+00 0.000000000000000000e+00 0.000000000000000000e+00 0.000000000000000000e+00 0.000000000000000000e+00 0.000000000000000000e+00 3.301111087203025853e-03 1.005737060308456443e-01 5.469566917419433905e-01 8.606414794921875000e-01 9.270422363281249911e-01 9.513933563232421786e-01 9.551836776733397816e-01 9.505825805664063211e-01 9.625866699218750266e-01 8.969038009643555132e-01 nan 9.767814254760742720e-01 9.483821105957030984e-01 nan
nan nan nan nan nan nan nan nan nan 0.000000000000000000e+00 0.000000000000000000e+00 0.000000000000000000e+00 0.000000000000000000e+00 0.000000000000000000e+00 0.000000000000000000e+00 2.072592526674270439e-03 1.114640700817108171e-01 5.420485305786132413e-01 8.647974014282227007e-01 9.363677597045898526e-01 9.489122009277344283e-01 9.459340667724609464e-01 9.536310958862304066e-01 9.047244644165038929e-01 8.372004699707030762e-01 9.338171005249022993e-01 9.436392593383788885e-01 nan
nan nan nan nan nan nan nan nan nan nan 0.000000000000000000e+00 0.000000000000000000e+00 0.000000000000000000e+00 0.000000000000000000e+00 0.000000000000000000e+00 0.000000000000000000e+00 0.000000000000000000e+00 1.166396260261535617e-01 4.658548164367675160e-01 6.926074028015136719e-01 8.796784973144531339e-01 9.350500106811523438e-01 9.344370269775390536e-01 9.389107513427734641e-01 9.385818481445312722e-01 9.563503646850586293e-01 9.789055633544921919e-01 nan
nan nan nan nan nan nan nan nan nan nan nan nan 0.000000000000000000e+00 0.000000000000000000e+00 0.000000000000000000e+00 0.000000000000000000e+00 0.000000000000000000e+00 8.270370215177535924e-04 2.987148284912109417e-02 1.478607439994812089e-01 4.815229606628418368e-01 8.188214492797851740e-01 9.145655441284179510e-01 9.636166763305664684e-01 9.744570159912109286e-01 9.826963043212890714e-01 9.919507598876953214e-01 nan
nan nan nan nan nan nan nan nan nan nan nan nan nan 0.000000000000000000e+00 0.000000000000000000e+00 0.000000000000000000e+00 0.000000000000000000e+00 0.000000000000000000e+00 0.000000000000000000e+00 0.000000000000000000e+00 6.451518595218658225e-02 3.738429641723632901e-01 6.753599929809570579e-01 9.233818817138672586e-01 9.753859329223633079e-01 9.857600021362304954e-01 9.880959320068358753e-01 nan
nan nan nan nan nan nan nan nan nan nan nan nan nan nan nan 0.000000000000000000e+00 0.000000000000000000e+00 0.000000000000000000e+00 0.000000000000000000e+00 0.000000000000000000e+00 0.000000000000000000e+00 1.147370353341102718e-02 2.785474109649658248e-01 8.332936859130859464e-01 9.688155364990234109e-01 9.669825744628905984e-01 9.738014984130859419e-01 nan
nan nan nan nan nan nan nan nan nan nan nan nan nan nan nan nan nan 0.000000000000000000e+00 0.000000000000000000e+00 5.123703479766845460e-03 4.487777706235647306e-03 1.476291656494140708e-02 1.552520847320556507e-01 7.373162841796875311e-01 9.725433349609375888e-01 9.814755630493163796e-01 9.777899932861328081e-01 nan
nan nan nan nan nan nan nan nan nan nan nan nan nan nan nan nan nan nan nan nan 1.441173362731933416e-01 nan nan 6.480963134765624911e-01 9.480674362182617276e-01 9.905315017700195845e-01 nan nan
