nan nan nan 0.000000000000000000e+00 0.000000000000000000e+00 2.681481589873632135e-04 nan nan nan nan nan nan nan nan nan nan nan nan nan nan nan nan nan nan nan nan nan nan
nan nan 0.000000000000000000e+00 0.000000000000000000e+00 0.000000000000000000e+00 0.000000000000000000e+00 7.187654326359431368e-04 nan nan nan nan nan nan nan nan nan nan nan nan nan nan nan nan nan nan nan nan nan
nan nan 0.000000000000000000e+00 0.000000000000000000e+00 0.000000000000000000e+00 0.000000000000000000e+00 0.000000000000000000e+00 6.708073933919271592e-02 nan nan nan nan nan nan nan nan nan nan nan nan nan nan nan nan nan nan nan nan
nan 0.000000000000000000e+00 0.000000000000000000e+00 0.000000000000000000e+00 0.000000000000000000e+00 0.000000000000000000e+00 0.000000000000000000e+00 1.206024726231892837e-02 4.254232025146484908e-01 nan nan nan nan nan nan nan nan nan nan nan nan nan nan nan nan nan nan nan
0.000000000000000000e+00 0.000000000000000000e+00 0.000000000000000000e+00 0.000000000000000000e+00 0.000000000000000000e+00 0.000000000000000000e+00 0.000000000000000000e+00 0.000000000000000000e+00 2.668916002909342278e-01 8.254550425211588660e-01 nan nan nan nan nan nan nan nan nan nan nan nan nan nan nan nan nan nan
0.000000000000000000e+00 0.000000000000000000e+00 0.000000000000000000e+00 0.000000000000000000e+00 0.000000000000000000e+00 0.000000000000000000e+00 0.000000000000000000e+00 9.918518563111622735e-03 3.260135777791341449e-01 7.566142272949218928e-01 nan nan nan nan nan nan nan nan nan nan nan nan nan nan nan nan nan nan
0.000000000000000000e+00 0.000000000000000000e+00 0.000000000000000000e+00 0.000000000000000000e+00 0.000000000000000000e+00 0.000000000000000000e+00 0.000000000000000000e+00 3.219802459081013563e-02 5.738407389322915941e-01 nan nan nan nan nan nan nan nan nan nan nan nan nan nan nan nan nan nan nan
0.000000000000000000e+00 0.000000000000000000e+00 0.000000000000000000e+00 0.000000000000000000e+00 0.000000000000000000e+00 0.000000000000000000e+00 0.000000000000000000e+00 4.920394976933797210e-02 6.254155604044596695e-01 nan nan nan nan nan nan nan nan nan nan nan nan nan nan nan nan nan nan nan
nan 0.000000000000000000e+00 0.000000000000000000e+00 0.000000000000000000e+00 0.000000000000000000e+00 0.000000000000000000e+00 0.000000000000000000e+00 1.098491382598876936e-01 7.004219690958658484e-01 9.453326924641927143e-01 nan nan nan nan nan nan nan nan nan nan nan nan nan nan nan nan nan nan
nan 0.000000000000000000e+00 0.000000000000000000e+00 0.000000000000000000e+00 0.000000000000000000e+00 0.000000000000000000e+00 0.000000000000000000e+00 2.114938298861185687e-02 4.514787673950195201e-01 8.783995056152343883e-01 nan nan nan nan nan nan nan nan nan nan nan nan nan nan nan nan nan nan
nan 0.000000000000000000e+00 0.000000000000000000e+00 0.000000000000000000e+00 0.000000000000000000e+00 0.000000000000000000e+00 0.000000000000000000e+00 4.842345754305521499e-02 4.079365475972493438e-01 8.445861816406251554e-01 nan nan nan nan nan nan nan nan nan nan nan nan nan nan nan nan nan nan
nan nan 0.000000000000000000e+00 0.000000000000000000e+00 0.000000000000000000e+00 0.000000000000000000e+00 0.000000000000000000e+00 1.224264220396677622e-01 6.346570460001627056e-01 9.521096293131510180e-01 nan nan nan nan nan nan nan nan nan nan nan nan nan nan nan nan nan nan
nan nan 0.000000000000000000e+00 0.000000000000000000e+00 2.219340705871581942e-01 2.279288927714029703e-02 0.000000000000000000e+00 1.114335823059082048e-01 6.515414810180663041e-01 9.510705566406251199e-01 nan nan nan nan nan nan nan nan nan nan nan nan nan nan nan nan nan nan
nan nan nan nan nan nan 0.000000000000000000e+00 3.243061763544877185e-02 4.660948053995768170e-01 9.077305603027344683e-01 nan nan nan nan nan nan nan nan nan nan nan nan nan nan nan nan nan nan
nan nan nan nan nan 8.409135937690733961e-03 0.000000000000000000e+00 1.686666607856750688e-03 2.288190142313639430e-01 7.811402384440103708e-01 9.529622395833333703e-01 nan nan nan nan nan nan nan nan nan nan nan nan nan nan nan nan nan
nan nan nan nan nan 0.000000000000000000e+00 0.000000000000000000e+00 0.000000000000000000e+00 7.692000230153402118e-02 5.704427210489909639e-01 9.178361765543620043e-01 nan nan nan nan nan nan nan nan nan nan nan nan nan nan nan nan nan
nan nan nan nan nan 0.000000000000000000e+00 0.000000000000000000e+00 0.000000000000000000e+00 3.773827224969864003e-02 4.403545824686685983e-01 8.838387552897136734e-01 9.624441274007161651e-01 9.900591023763021248e-01 9.999608866373698168e-01 nan 9.679633076985676432e-01 nan nan nan nan nan nan nan nan nan nan nan nan
nan nan nan nan 0.000000000000000000e+00 0.000000000000000000e+00 0.000000000000000000e+00 0.000000000000000000e+00 4.478765328725179025e-03 2.321125936508179055e-01 7.192972564697265314e-01 9.250819651285806522e-01 9.579960632324219238e-01 9.899590047200520493e-01 9.997399902343749867e-01 nan nan nan nan nan nan nan nan nan nan nan nan nan
nan nan nan nan nan 0.000000000000000000e+00 0.000000000000000000e+00 0.000000000000000000e+00 0.000000000000000000e+00 3.943851828575133805e-02 3.315071678161621294e-01 7.403397369384765447e-01 9.024602508544922186e-01 9.376713307698567590e-01 9.619115956624350039e-01 9.665096282958983709e-01 nan nan nan nan nan nan nan nan nan nan nan nan
nan nan nan nan nan nan 0.000000000000000000e+00 0.000000000000000000e+00 0.000000000000000000e+00 2.883950620889663935e-04 1.254441998402277547e-01 4.796239407857258996e-01 7.887012481689453791e-01 9.002204895019531028e-01 9.153192647298177276e-01 9.241170247395832371e-01 9.265322113037109952e-01 9.211948140462240531e-01 9.616573588053385357e-01 nan nan nan nan nan nan nan nan nan
nan nan nan nan nan nan nan 0.000000000000000000e+00 0.000000000000000000e+00 0.000000000000000000e+00 4.326197634140650089e-02 3.089669100443522276e-01 6.133758036295572369e-01 7.763365427652995088e-01 8.114496358235676610e-01 8.810315958658853086e-01 9.433501180013020848e-01 9.581434631347657271e-01 9.738365681966145715e-01 9.547322082519530406e-01 1.000000000000000000e+00 9.951255544026693656e-01 nan nan nan nan nan nan
nan nan nan nan nan nan nan 0.000000000000000000e+00 0.000000000000000000e+00 0.000000000000000000e+00 4.349629680315653460e-03 9.295506159464517193e-02 3.306024805704752545e-01 4.881096331278483302e-01 5.616632207234700802e-01 6.978313573201497810e-01 8.782821909586587816e-01 9.484461720784506111e-01 9.728022257486980129e-01 9.776642100016276204e-01 9.764194997151692812e-01 9.996972910563149961e-01 9.990797424316406605e-01 9.686666615804035985e-01 nan nan nan nan
nan nan nan nan nan nan nan nan 0.000000000000000000e+00 0.000000000000000000e+00 0.000000000000000000e+00 1.781481504440307574e-03 8.516000111897786828e-02 1.822913519541422556e-01 2.227367877960205467e-01 3.312096277872721428e-01 6.816481399536131747e-01 8.972587585449218750e-01 9.428484090169270138e-01 9.636876678466798074e-01 9.490321095784505223e-01 9.830318450927734153e-01 9.934787495930988976e-01 9.355152638753255756e-01 nan 9.788974761962890847e-01 9.311936187744139781e-01 nan
nan nan nan nan nan nan nan nan nan 0.000000000000000000e+00 0.000000000000000000e+00 0.000000000000000000e+00 0.000000000000000000e+00 1.069086415072282269e-02 3.733407393097877558e-02 7.821481342116991253e-02 2.085083929697672256e-01 6.278970209757487320e-01 8.763335673014323035e-01 9.380995178222656383e-01 9.507155863444011201e-01 9.399511210123697724e-01 9.459234364827473485e-01 8.556096394856771425e-01 7.923612721761067457e-01 9.077591705322265447e-01 9.290387725830079324e-01 nan
nan nan nan nan nan nan nan nan nan nan 0.000000000000000000e+00 0.000000000000000000e+00 0.000000000000000000e+00 0.000000000000000000e+00 6.928395231564839522e-04 3.234074115753173950e-03 3.650123576323190903e-03 1.372874037424723082e-01 4.670925903320312655e-01 6.756022262573241344e-01 8.712088775634766469e-01 9.366550445556640625e-01 9.310380299886067412e-01 9.072641754150391202e-01 9.205735778808593617e-01 9.383237202962240175e-01 9.574024963378905406e-01 nan
nan nan nan nan nan nan nan nan nan nan nan nan 0.000000000000000000e+00 0.000000000000000000e+00 0.000000000000000000e+00 0.000000000000000000e+00 0.000000000000000000e+00 0.000000000000000000e+00 1.868370393911997565e-02 1.148918517430623371e-01 4.439582697550455426e-01 8.297725931803384691e-01 9.201955668131510668e-01 9.457007344563802542e-01 9.580930836995443789e-01 9.664777628580729640e-01 9.727708689371744599e-01 nan
nan nan nan nan nan nan nan nan nan nan nan nan nan 0.000000000000000000e+00 0.000000000000000000e+00 0.000000000000000000e+00 0.000000000000000000e+00 0.000000000000000000e+00 0.000000000000000000e+00 0.000000000000000000e+00 3.396197477976480722e-02 4.027619679768880689e-01 7.358819580078125311e-01 9.327896372477213482e-01 9.805251820882161518e-01 9.905733235677084414e-01 9.920839436848959414e-01 nan
nan nan nan nan nan nan nan nan nan nan nan nan nan nan nan 0.000000000000000000e+00 0.000000000000000000e+00 0.000000000000000000e+00 0.000000000000000000e+00 0.000000000000000000e+00 0.000000000000000000e+00 1.349950628976027273e-02 2.491686375935872333e-01 7.217479197184245576e-01 9.591511027018229107e-01 9.895244344075520004e-01 9.980595143636068478e-01 nan
nan nan nan nan nan nan nan nan nan nan nan nan nan nan nan nan nan 0.000000000000000000e+00 0.000000000000000000e+00 0.000000000000000000e+00 0.000000000000000000e+00 1.328944484392802043e-02 3.175277928511301834e-02 2.675251770019531627e-01 7.499335988362630934e-01 9.787017313639322369e-01 9.946997578938802098e-01 nan
nan nan nan nan nan nan nan nan nan nan nan nan nan nan nan nan nan nan nan nan 5.252222220102945732e-02 nan nan 1.736209917068481656e-01 5.371486345926920203e-01 9.291528320312499867e-01 nan nan
