nan nan nan 0.000000000000000000e+00 0.000000000000000000e+00 0.000000000000000000e+00 nan nan nan nan nan nan nan nan nan nan nan nan nan nan nan nan nan nan nan nan nan nan
nan nan 0.000000000000000000e+00 0.000000000000000000e+00 0.000000000000000000e+00 0.000000000000000000e+00 0.000000000000000000e+00 nan nan nan nan nan nan nan nan nan nan nan nan nan nan nan nan nan nan nan nan nan
nan nan 0.000000000000000000e+00 0.000000000000000000e+00 0.000000000000000000e+00 0.000000000000000000e+00 0.000000000000000000e+00 6.861481481481480904e-02 nan nan nan nan nan nan nan nan nan nan nan nan nan nan nan nan nan nan nan nan
nan 0.000000000000000000e+00 0.000000000000000000e+00 0.000000000000000000e+00 0.000000000000000000e+00 0.000000000000000000e+00 0.000000000000000000e+00 1.338253968253968335e-02 3.911894179894179757e-01 nan nan nan nan nan nan nan nan nan nan nan nan nan nan nan nan nan nan nan
0.000000000000000000e+00 0.000000000000000000e+00 0.000000000000000000e+00 0.000000000000000000e+00 0.000000000000000000e+00 0.000000000000000000e+00 0.000000000000000000e+00 6.740740740740740070e-04 2.594428571428571417e-01 7.275370370370369821e-01 nan nan nan nan nan nan nan nan nan nan nan nan nan nan nan nan nan nan
0.000000000000000000e+00 0.000000000000000000e+00 0.000000000000000000e+00 0.000000000000000000e+00 0.000000000000000000e+00 0.000000000000000000e+00 0.000000000000000000e+00 7.052910052910052983e-04 2.680497354497354268e-01 7.175038095238095437e-01 nan nan nan nan nan nan nan nan nan nan nan nan nan nan nan nan nan nan
0.000000000000000000e+00 0.000000000000000000e+00 0.000000000000000000e+00 0.000000000000000000e+00 0.000000000000000000e+00 0.000000000000000000e+00 0.000000000000000000e+00 1.643227513227513148e-02 4.605238095238095575e-01 nan nan nan nan nan nan nan nan nan nan nan nan nan nan nan nan nan nan nan
0.000000000000000000e+00 0.000000000000000000e+00 0.000000000000000000e+00 0.000000000000000000e+00 0.000000000000000000e+00 0.000000000000000000e+00 0.000000000000000000e+00 2.002698412698412575e-02 4.806867724867725511e-01 nan nan nan nan nan nan nan nan nan nan nan nan nan nan nan nan nan nan nan
nan 0.000000000000000000e+00 0.000000000000000000e+00 0.000000000000000000e+00 0.000000000000000000e+00 0.000000000000000000e+00 0.000000000000000000e+00 6.778148148148148422e-02 5.764433862433862021e-01 8.559850340136053726e-01 nan nan nan nan nan nan nan nan nan nan nan nan nan nan nan nan nan nan
nan 0.000000000000000000e+00 0.000000000000000000e+00 0.000000000000000000e+00 0.000000000000000000e+00 0.000000000000000000e+00 0.000000000000000000e+00 1.248042328042328099e-02 3.247978835978835854e-01 8.219523809523808788e-01 nan nan nan nan nan nan nan nan nan nan nan nan nan nan nan nan nan nan
nan 0.000000000000000000e+00 0.000000000000000000e+00 0.000000000000000000e+00 0.000000000000000000e+00 0.000000000000000000e+00 0.000000000000000000e+00 0.000000000000000000e+00 1.217576719576719674e-01 6.796910052910053457e-01 nan nan nan nan nan nan nan nan nan nan nan nan nan nan nan nan nan nan
nan nan 0.000000000000000000e+00 0.000000000000000000e+00 0.000000000000000000e+00 0.000000000000000000e+00 0.000000000000000000e+00 6.008465608465608787e-03 2.392201058201057773e-01 7.378687830687830074e-01 nan nan nan nan nan nan nan nan nan nan nan nan nan nan nan nan nan nan
nan nan 0.000000000000000000e+00 0.000000000000000000e+00 2.650000000000000012e-03 2.248190476190475851e-02 0.000000000000000000e+00 6.028042328042327626e-03 3.221894179894179699e-01 7.992624999999998758e-01 nan nan nan nan nan nan nan nan nan nan nan nan nan nan nan nan nan nan
nan nan nan nan nan nan 0.000000000000000000e+00 0.000000000000000000e+00 1.218015873015872996e-01 6.892857142857141683e-01 nan nan nan nan nan nan nan nan nan nan nan nan nan nan nan nan nan nan
nan nan nan nan nan 1.098465608465608485e-02 0.000000000000000000e+00 0.000000000000000000e+00 3.273333333333332956e-02 5.566492063492063380e-01 8.798071428571428987e-01 nan nan nan nan nan nan nan nan nan nan nan nan nan nan nan nan nan
nan nan nan nan nan 0.000000000000000000e+00 0.000000000000000000e+00 0.000000000000000000e+00 0.000000000000000000e+00 3.302851851851851817e-01 6.886687074829932476e-01 nan nan nan nan nan nan nan nan nan nan nan nan nan nan nan nan nan
nan nan nan nan nan 0.000000000000000000e+00 0.000000000000000000e+00 0.000000000000000000e+00 0.000000000000000000e+00 1.673296296296296060e-01 5.613888888888888262e-01 7.312333333333332908e-01 8.187638095238094493e-01 9.226761904761905386e-01 nan 9.932166666666666366e-01 nan nan nan nan nan nan nan nan nan nan nan nan
nan nan nan nan 0.000000000000000000e+00 0.000000000000000000e+00 0.000000000000000000e+00 0.000000000000000000e+00 0.000000000000000000e+00 3.682698412698413165e-02 2.902772486772486893e-01 4.574068783068782618e-01 6.300386243386243423e-01 7.120417989417989757e-01 8.545208333333333961e-01 nan nan nan nan nan nan nan nan nan nan nan nan nan
nan nan nan nan nan 0.000000000000000000e+00 0.000000000000000000e+00 0.000000000000000000e+00 0.000000000000000000e+00 0.000000000000000000e+00 1.515449735449735623e-02 1.070566137566137804e-01 4.361835978835978955e-01 6.244629629629629974e-01 6.071978835978835143e-01 8.196666666666666545e-01 nan nan nan nan nan nan nan nan nan nan nan nan
nan nan nan nan nan nan 0.000000000000000000e+00 0.000000000000000000e+00 0.000000000000000000e+00 0.000000000000000000e+00 0.000000000000000000e+00 0.000000000000000000e+00 1.943746031746031999e-01 6.446761904761905138e-01 6.842899470899470593e-01 6.440042328042326902e-01 8.170769841269841516e-01 9.430380952380952309e-01 9.984961904761905371e-01 nan nan nan nan nan nan nan nan nan
nan nan nan nan nan nan nan 0.000000000000000000e+00 0.000000000000000000e+00 0.000000000000000000e+00 0.000000000000000000e+00 0.000000000000000000e+00 1.002804232804232892e-01 4.794211640211640812e-01 6.335042328042327364e-01 6.873698412698412419e-01 7.083513227513226207e-01 8.042640211640211811e-01 9.177015873015873515e-01 7.880392857142858309e-01 9.965023809523808618e-01 9.791857142857143259e-01 nan nan nan nan nan nan
nan nan nan nan nan nan nan 0.000000000000000000e+00 0.000000000000000000e+00 0.000000000000000000e+00 0.000000000000000000e+00 0.000000000000000000e+00 3.029365079365079969e-02 1.765322751322751238e-01 3.307740740740741092e-01 5.763396825396824852e-01 7.687984126984127586e-01 7.996047619047619293e-01 7.997603174603175047e-01 7.919010582010580501e-01 9.344550264550264274e-01 9.967793650793650428e-01 9.952494047619048212e-01 9.702904761904762587e-01 nan nan nan nan
nan nan nan nan nan nan nan nan 0.000000000000000000e+00 0.000000000000000000e+00 0.000000000000000000e+00 0.000000000000000000e+00 1.150793650793650738e-03 2.733492063492063903e-02 6.436084656084656297e-02 1.914000000000000146e-01 5.669798941798941394e-01 7.617857142857142883e-01 8.280846560846560900e-01 8.448386243386242223e-01 8.765809523809524606e-01 9.152179894179894859e-01 9.408746031746030303e-01 9.137741496598638102e-01 nan 9.335170068027212054e-01 9.108119047619048780e-01 nan
nan nan nan nan nan nan nan nan nan 0.000000000000000000e+00 0.000000000000000000e+00 0.000000000000000000e+00 0.000000000000000000e+00 0.000000000000000000e+00 0.000000000000000000e+00 1.307830687830688170e-02 2.418063492063492192e-01 5.788962962962963532e-01 7.772936507936507589e-01 8.246407407407407852e-01 8.470857142857143307e-01 8.281269841269840448e-01 7.843883597883597458e-01 7.042195767195766898e-01 7.213571428571429189e-01 8.830172619047619298e-01 9.212957671957674455e-01 nan
nan nan nan nan nan nan nan nan nan nan 0.000000000000000000e+00 0.000000000000000000e+00 0.000000000000000000e+00 0.000000000000000000e+00 0.000000000000000000e+00 0.000000000000000000e+00 4.331534391534391792e-02 2.769529100529100618e-01 5.332015873015872875e-01 6.168878306878307072e-01 7.647613756613756975e-01 8.270492063492064228e-01 8.652693121693122436e-01 8.189793650793650848e-01 7.884888888888887948e-01 8.883253968253969068e-01 9.280253968253968644e-01 nan
nan nan nan nan nan nan nan nan nan nan nan nan 0.000000000000000000e+00 0.000000000000000000e+00 0.000000000000000000e+00 0.000000000000000000e+00 0.000000000000000000e+00 4.727830687830687079e-02 1.765243386243386114e-01 2.277941798941799101e-01 5.151714285714286135e-01 7.981740740740740359e-01 8.554910052910053020e-01 8.805354497354498378e-01 8.777809523809523284e-01 9.052423280423279595e-01 9.232238095238095577e-01 nan
nan nan nan nan nan nan nan nan nan nan nan nan nan 0.000000000000000000e+00 0.000000000000000000e+00 0.000000000000000000e+00 0.000000000000000000e+00 0.000000000000000000e+00 6.272486772486773193e-03 2.327513227513227853e-02 2.166253968253968321e-01 6.875037037037037280e-01 8.212285714285715299e-01 8.902873015873016271e-01 9.249455026455025708e-01 9.195989417989417491e-01 9.200058201058203267e-01 nan
nan nan nan nan nan nan nan nan nan nan nan nan nan nan nan 0.000000000000000000e+00 0.000000000000000000e+00 0.000000000000000000e+00 0.000000000000000000e+00 0.000000000000000000e+00 2.027830687830688150e-02 2.087756613756613921e-01 6.049417989417990027e-01 8.926767195767194574e-01 9.426084656084655622e-01 9.203470899470899136e-01 9.260846560846561770e-01 nan
nan nan nan nan nan nan nan nan nan nan nan nan nan nan nan nan nan 0.000000000000000000e+00 0.000000000000000000e+00 0.000000000000000000e+00 0.000000000000000000e+00 1.502678571428571475e-02 4.743773809523809670e-01 9.043126984126984569e-01 9.483640211640212980e-01 9.328873015873014873e-01 9.370857142857142996e-01 nan
nan nan nan nan nan nan nan nan nan nan nan nan nan nan nan nan nan nan nan nan 4.505333333333333412e-02 nan nan 9.093455026455026236e-01 9.514539682539683296e-01 9.369708994708995098e-01 nan nan
