nan nan nan 0.000000000000000000e+00 0.000000000000000000e+00 0.000000000000000000e+00 nan nan nan nan nan nan nan nan nan nan nan nan nan nan nan nan nan nan nan nan nan nan
nan nan 0.000000000000000000e+00 0.000000000000000000e+00 0.000000000000000000e+00 0.000000000000000000e+00 2.681481589873632135e-04 nan nan nan nan nan nan nan nan nan nan nan nan nan nan nan nan nan nan nan nan nan
nan nan 0.000000000000000000e+00 0.000000000000000000e+00 0.000000000000000000e+00 0.000000000000000000e+00 0.000000000000000000e+00 5.815234502156575030e-02 nan nan nan nan nan nan nan nan nan nan nan nan nan nan nan nan nan nan nan nan
nan 0.000000000000000000e+00 0.000000000000000000e+00 0.000000000000000000e+00 0.000000000000000000e+00 0.000000000000000000e+00 0.000000000000000000e+00 4.798024793465932407e-03 2.892261759440103996e-01 nan nan nan nan nan nan nan nan nan nan nan nan nan nan nan nan nan nan nan
0.000000000000000000e+00 0.000000000000000000e+00 0.000000000000000000e+00 0.000000000000000000e+00 0.000000000000000000e+00 0.000000000000000000e+00 0.000000000000000000e+00 0.000000000000000000e+00 1.968024698893229285e-01 7.657027180989582904e-01 nan nan nan nan nan nan nan nan nan nan nan nan nan nan nan nan nan nan
0.000000000000000000e+00 0.000000000000000000e+00 0.000000000000000000e+00 0.000000000000000000e+00 0.000000000000000000e+00 0.000000000000000000e+00 0.000000000000000000e+00 1.533086448907852208e-03 2.598207410176595067e-01 7.148284403483073923e-01 nan nan nan nan nan nan nan nan nan nan nan nan nan nan nan nan nan nan
0.000000000000000000e+00 0.000000000000000000e+00 0.000000000000000000e+00 0.000000000000000000e+00 0.000000000000000000e+00 0.000000000000000000e+00 0.000000000000000000e+00 1.250567893187205099e-02 4.756604894002278705e-01 nan nan nan nan nan nan nan nan nan nan nan nan nan nan nan nan nan nan nan
0.000000000000000000e+00 0.000000000000000000e+00 0.000000000000000000e+00 0.000000000000000000e+00 0.000000000000000000e+00 0.000000000000000000e+00 0.000000000000000000e+00 3.912296334902445188e-02 5.851896158854167362e-01 nan nan nan nan nan nan nan nan nan nan nan nan nan nan nan nan nan nan nan
nan 0.000000000000000000e+00 0.000000000000000000e+00 0.000000000000000000e+00 0.000000000000000000e+00 0.000000000000000000e+00 2.535802374283472682e-04 9.468098799387614228e-02 6.761115900675456203e-01 9.555390421549478930e-01 nan nan nan nan nan nan nan nan nan nan nan nan nan nan nan nan nan nan
nan 0.000000000000000000e+00 0.000000000000000000e+00 0.000000000000000000e+00 0.000000000000000000e+00 0.000000000000000000e+00 0.000000000000000000e+00 1.877037048339843736e-02 4.038417307535807077e-01 9.174098714192707726e-01 nan nan nan nan nan nan nan nan nan nan nan nan nan nan nan nan nan nan
nan 0.000000000000000000e+00 0.000000000000000000e+00 0.000000000000000000e+00 0.000000000000000000e+00 0.000000000000000000e+00 0.000000000000000000e+00 8.859258914987245756e-03 3.433975346883137991e-01 8.859064229329427498e-01 nan nan nan nan nan nan nan nan nan nan nan nan nan nan nan nan nan nan
nan nan 0.000000000000000000e+00 0.000000000000000000e+00 0.000000000000000000e+00 0.000000000000000000e+00 0.000000000000000000e+00 6.311160564422607644e-02 5.710558064778646914e-01 9.598044331868490486e-01 nan nan nan nan nan nan nan nan nan nan nan nan nan nan nan nan nan nan
nan nan 0.000000000000000000e+00 0.000000000000000000e+00 2.154266675313313562e-01 2.269511143366495856e-02 0.000000000000000000e+00 5.201777577400207297e-02 5.084158070882162095e-01 9.166411081949868978e-01 nan nan nan nan nan nan nan nan nan nan nan nan nan nan nan nan nan nan
nan nan nan nan nan nan 0.000000000000000000e+00 9.366172949473063405e-03 2.517666689554849957e-01 8.162611134847005401e-01 nan nan nan nan nan nan nan nan nan nan nan nan nan nan nan nan nan nan
nan nan nan nan nan 9.342715938886005100e-03 0.000000000000000000e+00 3.088888774315516248e-04 7.668370405832926340e-02 6.736592610677082371e-01 9.417500305175781072e-01 nan nan nan nan nan nan nan nan nan nan nan nan nan nan nan nan nan
nan nan nan nan nan 0.000000000000000000e+00 0.000000000000000000e+00 0.000000000000000000e+00 7.386913498242696392e-03 4.941372807820638147e-01 8.599368286132812456e-01 nan nan nan nan nan nan nan nan nan nan nan nan nan nan nan nan nan
nan nan nan nan nan 0.000000000000000000e+00 0.000000000000000000e+00 0.000000000000000000e+00 1.642716079950332824e-03 2.900925954182942412e-01 8.109118398030599195e-01 9.058241271972656827e-01 9.637448628743490175e-01 9.852631123860677853e-01 nan 9.821044158935547941e-01 nan nan nan nan nan nan nan nan nan nan nan nan
nan nan nan nan 0.000000000000000000e+00 0.000000000000000000e+00 0.000000000000000000e+00 0.000000000000000000e+00 0.000000000000000000e+00 6.029975215593973842e-02 4.342185147603352946e-01 7.845977783203124112e-01 9.304711151123047363e-01 9.612775421142577548e-01 9.720794423421222907e-01 nan nan nan nan nan nan nan nan nan nan nan nan nan
nan nan nan nan nan 0.000000000000000000e+00 0.000000000000000000e+00 0.000000000000000000e+00 0.000000000000000000e+00 0.000000000000000000e+00 1.856617281834284372e-02 2.808291371663411140e-01 7.591368103027343883e-01 9.207106018066406605e-01 9.440320841471354640e-01 9.411451721191405051e-01 nan nan nan nan nan nan nan nan nan nan nan nan
nan nan nan nan nan nan 0.000000000000000000e+00 0.000000000000000000e+00 0.000000000000000000e+00 0.000000000000000000e+00 0.000000000000000000e+00 8.331357836723328816e-03 3.507787577311198279e-01 7.907678985595701926e-01 8.799380238850910141e-01 9.093511199951170854e-01 9.127255503336587639e-01 9.284303792317709636e-01 9.826457722981771781e-01 nan nan nan nan nan nan nan nan nan
nan nan nan nan nan nan nan 0.000000000000000000e+00 0.000000000000000000e+00 0.000000000000000000e+00 0.000000000000000000e+00 0.000000000000000000e+00 8.739950497945148111e-02 4.249081484476724957e-01 7.000506210327147594e-01 8.488982899983724684e-01 9.220530954996745132e-01 9.210884094238281916e-01 9.582708740234374689e-01 9.212816619873046564e-01 9.749318695068359686e-01 9.676822153727213660e-01 nan nan nan nan nan nan
nan nan nan nan nan nan nan 0.000000000000000000e+00 0.000000000000000000e+00 0.000000000000000000e+00 0.000000000000000000e+00 0.000000000000000000e+00 2.738271554311116560e-03 4.122765342394511118e-02 2.096444447835286440e-01 5.837493769327800619e-01 8.542335764567057232e-01 9.287412261962891824e-01 9.405459086100259603e-01 9.431775156656900805e-01 9.442126210530599195e-01 9.752861785888672363e-01 9.755108388264974728e-01 9.515088907877604640e-01 nan nan nan nan
nan nan nan nan nan nan nan nan 0.000000000000000000e+00 0.000000000000000000e+00 0.000000000000000000e+00 0.000000000000000000e+00 0.000000000000000000e+00 0.000000000000000000e+00 8.216790159543355815e-03 1.585249360402425090e-01 6.578629557291666430e-01 9.072523498535156605e-01 9.312397511800130090e-01 9.335545603434244333e-01 9.382552846272785851e-01 9.622165425618489643e-01 9.827291361490884114e-01 9.624063618977864998e-01 nan 9.548165130615234863e-01 9.117755889892578125e-01 nan
nan nan nan nan nan nan nan nan nan 0.000000000000000000e+00 0.000000000000000000e+00 0.000000000000000000e+00 0.000000000000000000e+00 0.000000000000000000e+00 0.000000000000000000e+00 1.408814827601114796e-02 2.436770439147949163e-01 7.022624842325847494e-01 9.175548044840494688e-01 9.266069030761719949e-01 9.377207438151041741e-01 9.523856862386068656e-01 9.586599985758463838e-01 9.300029500325520671e-01 8.103342692057292629e-01 9.189880625406900982e-01 9.518871561686198524e-01 nan
nan nan nan nan nan nan nan nan nan nan 0.000000000000000000e+00 0.000000000000000000e+00 0.000000000000000000e+00 0.000000000000000000e+00 0.000000000000000000e+00 0.000000000000000000e+00 3.150913558900356182e-02 2.736802546183268459e-01 6.692570622762045174e-01 7.935715993245443522e-01 8.704753112792968928e-01 9.090543365478516158e-01 9.288177998860677187e-01 9.207930755615234553e-01 9.149516042073567723e-01 9.321209716796875488e-01 9.508972930908203836e-01 nan
nan nan nan nan nan nan nan nan nan nan nan nan 0.000000000000000000e+00 0.000000000000000000e+00 0.000000000000000000e+00 0.000000000000000000e+00 0.000000000000000000e+00 1.372814844051996851e-02 1.066239515940348159e-01 2.790693855285644731e-01 5.204859288533528749e-01 7.619906107584636379e-01 8.314733378092448168e-01 8.982486470540363976e-01 9.102770487467447547e-01 9.235153198242187500e-01 9.287654368082683964e-01 nan
nan nan nan nan nan nan nan nan nan nan nan nan nan 0.000000000000000000e+00 0.000000000000000000e+00 0.000000000000000000e+00 0.000000000000000000e+00 0.000000000000000000e+00 0.000000000000000000e+00 2.033580342928568464e-03 3.903456846872965791e-02 2.780706151326497455e-01 4.477091471354166519e-01 7.612385304768879424e-01 9.087429555257161562e-01 9.212101236979166607e-01 9.238054402669271248e-01 nan
nan nan nan nan nan nan nan nan nan nan nan nan nan nan nan 0.000000000000000000e+00 0.000000000000000000e+00 0.000000000000000000e+00 0.000000000000000000e+00 0.000000000000000000e+00 0.000000000000000000e+00 2.382716039816538576e-04 1.413642032941182514e-01 4.813293711344401316e-01 7.863184992472330714e-01 8.993461863199869732e-01 9.251489003499347996e-01 nan
nan nan nan nan nan nan nan nan nan nan nan nan nan nan nan nan nan 0.000000000000000000e+00 0.000000000000000000e+00 0.000000000000000000e+00 0.000000000000000000e+00 1.309305588404337771e-02 9.961361249287921382e-02 2.786116147786378838e-01 4.978864192962646484e-01 7.956963094075520937e-01 9.235782877604167274e-01 nan
nan nan nan nan nan nan nan nan nan nan nan nan nan nan nan nan nan nan nan nan 2.139733354250590233e-02 nan nan 1.532323511441548713e-01 3.259533321857452370e-01 6.900548171997070712e-01 nan nan
