nan nan nan 0.000000000000000000e+00 0.000000000000000000e+00 2.780246982971826980e-04 nan nan nan nan nan nan nan nan nan nan nan nan nan nan nan nan nan nan nan nan nan nan
nan nan 0.000000000000000000e+00 0.000000000000000000e+00 0.000000000000000000e+00 0.000000000000000000e+00 6.986666917800903737e-03 nan nan nan nan nan nan nan nan nan nan nan nan nan nan nan nan nan nan nan nan nan
nan nan 0.000000000000000000e+00 0.000000000000000000e+00 0.000000000000000000e+00 0.000000000000000000e+00 0.000000000000000000e+00 1.002308622996012505e-01 nan nan nan nan nan nan nan nan nan nan nan nan nan nan nan nan nan nan nan nan
nan 0.000000000000000000e+00 0.000000000000000000e+00 0.000000000000000000e+00 0.000000000000000000e+00 0.000000000000000000e+00 0.000000000000000000e+00 4.334049324194590852e-02 4.176439476013183438e-01 nan nan nan nan nan nan nan nan nan nan nan nan nan nan nan nan nan nan nan
0.000000000000000000e+00 0.000000000000000000e+00 0.000000000000000000e+00 0.000000000000000000e+00 0.000000000000000000e+00 0.000000000000000000e+00 0.000000000000000000e+00 8.728148142496745115e-03 2.327861722310383963e-01 7.423700968424479241e-01 nan nan nan nan nan nan nan nan nan nan nan nan nan nan nan nan nan nan
0.000000000000000000e+00 0.000000000000000000e+00 0.000000000000000000e+00 0.000000000000000000e+00 0.000000000000000000e+00 0.000000000000000000e+00 0.000000000000000000e+00 8.706172555685043639e-04 2.310666656494140547e-01 6.669813283284504735e-01 nan nan nan nan nan nan nan nan nan nan nan nan nan nan nan nan nan nan
0.000000000000000000e+00 0.000000000000000000e+00 0.000000000000000000e+00 0.000000000000000000e+00 0.000000000000000000e+00 0.000000000000000000e+00 0.000000000000000000e+00 8.891604840755462646e-03 4.400390116373698035e-01 nan nan nan nan nan nan nan nan nan nan nan nan nan nan nan nan nan nan nan
0.000000000000000000e+00 0.000000000000000000e+00 0.000000000000000000e+00 0.000000000000000000e+00 0.000000000000000000e+00 0.000000000000000000e+00 0.000000000000000000e+00 2.143925905227661230e-02 5.344750595092774281e-01 nan nan nan nan nan nan nan nan nan nan nan nan nan nan nan nan nan nan nan
nan 0.000000000000000000e+00 0.000000000000000000e+00 0.000000000000000000e+00 0.000000000000000000e+00 0.000000000000000000e+00 2.758024632930755745e-04 6.819580396016439172e-02 6.308797709147135890e-01 9.356898498535155539e-01 nan nan nan nan nan nan nan nan nan nan nan nan nan nan nan nan nan nan
nan 0.000000000000000000e+00 0.000000000000000000e+00 0.000000000000000000e+00 0.000000000000000000e+00 0.000000000000000000e+00 0.000000000000000000e+00 1.652567883332570556e-02 3.846027119954427143e-01 8.901906331380208259e-01 nan nan nan nan nan nan nan nan nan nan nan nan nan nan nan nan nan nan
nan 0.000000000000000000e+00 0.000000000000000000e+00 0.000000000000000000e+00 0.000000000000000000e+00 0.000000000000000000e+00 0.000000000000000000e+00 1.900222162405649715e-02 2.950965468088785904e-01 8.477256774902345304e-01 nan nan nan nan nan nan nan nan nan nan nan nan nan nan nan nan nan nan
nan nan 0.000000000000000000e+00 0.000000000000000000e+00 0.000000000000000000e+00 0.000000000000000000e+00 0.000000000000000000e+00 7.411061624685923166e-02 4.971750450134277410e-01 9.150802357991536518e-01 nan nan nan nan nan nan nan nan nan nan nan nan nan nan nan nan nan nan
nan nan 0.000000000000000000e+00 0.000000000000000000e+00 1.880985132853190134e-01 2.129688858985900879e-02 0.000000000000000000e+00 2.577876607577006193e-02 4.564200019836426314e-01 8.861052703857422719e-01 nan nan nan nan nan nan nan nan nan nan nan nan nan nan nan nan nan nan
nan nan nan nan nan nan 0.000000000000000000e+00 3.027160465717315717e-04 2.538659254709879076e-01 8.307924906412761379e-01 nan nan nan nan nan nan nan nan nan nan nan nan nan nan nan nan nan nan
nan nan nan nan nan 7.831605076789855888e-03 0.000000000000000000e+00 0.000000000000000000e+00 1.677187601725260713e-01 7.645560455322266691e-01 9.075300089518228974e-01 nan nan nan nan nan nan nan nan nan nan nan nan nan nan nan nan nan
nan nan nan nan nan 0.000000000000000000e+00 0.000000000000000000e+00 0.000000000000000000e+00 7.296691238880158303e-02 6.231691360473632368e-01 8.659523773193359419e-01 nan nan nan nan nan nan nan nan nan nan nan nan nan nan nan nan nan
nan nan nan nan nan 0.000000000000000000e+00 0.000000000000000000e+00 0.000000000000000000e+00 1.758024772008260142e-02 3.932318496704101385e-01 8.525204976399739509e-01 9.083228556315104951e-01 9.421413421630858709e-01 9.815062204996745088e-01 nan 9.999555460611979640e-01 nan nan nan nan nan nan nan nan nan nan nan nan
nan nan nan nan 0.000000000000000000e+00 0.000000000000000000e+00 0.000000000000000000e+00 0.000000000000000000e+00 0.000000000000000000e+00 7.540666619936624293e-02 4.002362887064616070e-01 6.843607330322264426e-01 8.926142883300780539e-01 9.492345682779946836e-01 9.580233256022134825e-01 nan nan nan nan nan nan nan nan nan nan nan nan nan
nan nan nan nan nan 0.000000000000000000e+00 0.000000000000000000e+00 0.000000000000000000e+00 0.000000000000000000e+00 0.000000000000000000e+00 4.855802456537882360e-03 1.539143212636311653e-01 5.883874003092448568e-01 8.549799855550129779e-01 9.000647226969401560e-01 8.803444417317707327e-01 nan nan nan nan nan nan nan nan nan nan nan nan
nan nan nan nan nan nan 0.000000000000000000e+00 0.000000000000000000e+00 0.000000000000000000e+00 0.000000000000000000e+00 0.000000000000000000e+00 6.735802690188089775e-04 1.430908648173014053e-01 6.003945668538411828e-01 8.107269032796224906e-01 8.328372701009114643e-01 8.419007364908854818e-01 9.072866821289061745e-01 9.681377919514974062e-01 nan nan nan nan nan nan nan nan nan
nan nan nan nan nan nan nan 0.000000000000000000e+00 0.000000000000000000e+00 0.000000000000000000e+00 0.000000000000000000e+00 0.000000000000000000e+00 1.029654331505298719e-02 1.485550610224405932e-01 5.123311106363932499e-01 8.148422241210937500e-01 8.845755513509114820e-01 8.876444498697916297e-01 9.223983001708985219e-01 9.160549926757811656e-01 9.340055592854817901e-01 9.320005798339844327e-01 nan nan nan nan nan nan
nan nan nan nan nan nan nan 0.000000000000000000e+00 0.000000000000000000e+00 0.000000000000000000e+00 0.000000000000000000e+00 0.000000000000000000e+00 0.000000000000000000e+00 5.488888919353484760e-04 6.178444325923920094e-02 4.562948099772135002e-01 8.211323547363281738e-01 8.977802530924479107e-01 9.218182881673177009e-01 9.340659332275390581e-01 9.027839660644531028e-01 8.829921213785807410e-01 8.907905578613281028e-01 8.679533131917317457e-01 nan nan nan nan
nan nan nan nan nan nan nan nan 0.000000000000000000e+00 0.000000000000000000e+00 0.000000000000000000e+00 0.000000000000000000e+00 0.000000000000000000e+00 0.000000000000000000e+00 0.000000000000000000e+00 6.499012351036072277e-02 5.650960540771484686e-01 8.751380157470703969e-01 9.181792449951172719e-01 9.346244557698568656e-01 9.205548350016276027e-01 8.542849222819010047e-01 8.948029581705729818e-01 8.920774586995442457e-01 nan 9.588034820556640137e-01 9.310172526041666785e-01 nan
nan nan nan nan nan nan nan nan nan 0.000000000000000000e+00 0.000000000000000000e+00 0.000000000000000000e+00 0.000000000000000000e+00 0.000000000000000000e+00 0.000000000000000000e+00 0.000000000000000000e+00 1.079034531116485618e-01 5.316039530436197369e-01 8.222802480061849328e-01 9.149918365478515447e-01 9.325335693359374512e-01 9.217316182454426965e-01 9.099017333984374956e-01 8.934004974365233887e-01 7.805400085449218928e-01 9.267741648356119244e-01 9.551101430257160629e-01 nan
nan nan nan nan nan nan nan nan nan nan 0.000000000000000000e+00 0.000000000000000000e+00 0.000000000000000000e+00 0.000000000000000000e+00 0.000000000000000000e+00 0.000000000000000000e+00 1.383950610955556222e-03 9.490641911824543309e-02 3.731313514709472812e-01 6.218960571289062766e-01 8.502590179443360041e-01 9.309471638997396381e-01 9.284459177652996109e-01 9.425061543782552453e-01 9.279382832845052276e-01 9.587118530273438521e-01 9.781935628255208348e-01 nan
nan nan nan nan nan nan nan nan nan nan nan nan 0.000000000000000000e+00 0.000000000000000000e+00 0.000000000000000000e+00 0.000000000000000000e+00 0.000000000000000000e+00 1.474320987860361755e-03 2.974172929922739780e-02 9.206148525079090039e-02 3.733232116699218839e-01 7.847427113850912184e-01 8.874175516764323257e-01 9.432367960611979241e-01 9.611407470703124956e-01 9.818468983968099417e-01 9.878706105550131289e-01 nan
nan nan nan nan nan nan nan nan nan nan nan nan nan 0.000000000000000000e+00 0.000000000000000000e+00 0.000000000000000000e+00 0.000000000000000000e+00 0.000000000000000000e+00 0.000000000000000000e+00 0.000000000000000000e+00 2.512000004450480259e-02 2.780051835378010705e-01 5.090849304199218661e-01 8.834832000732421031e-01 9.652387746175130623e-01 9.844330851236979818e-01 9.883019765218099550e-01 nan
nan nan nan nan nan nan nan nan nan nan nan nan nan nan nan 0.000000000000000000e+00 0.000000000000000000e+00 0.000000000000000000e+00 0.000000000000000000e+00 0.000000000000000000e+00 0.000000000000000000e+00 4.018271565437316235e-03 1.925083923339843961e-01 8.106538136800131022e-01 9.694511159261067768e-01 9.706286366780599861e-01 9.779785156249999334e-01 nan
nan nan nan nan nan nan nan nan nan nan nan nan nan nan nan nan nan 0.000000000000000000e+00 0.000000000000000000e+00 0.000000000000000000e+00 0.000000000000000000e+00 1.305166641871134507e-02 5.228805502255757381e-02 5.235051727294922630e-01 9.098419952392577947e-01 9.663777923583983798e-01 9.762580108642578969e-01 nan
nan nan nan nan nan nan nan nan nan nan nan nan nan nan nan nan nan nan nan nan 2.698311090469360241e-02 nan nan 2.840866661071777544e-01 7.218513488769531250e-01 9.330997467041015625e-01 nan nan
