nan nan nan 0.000000000000000000e+00 0.000000000000000000e+00 0.000000000000000000e+00 nan nan nan nan nan nan nan nan nan nan nan nan nan nan nan nan nan nan nan nan nan nan
nan nan 0.000000000000000000e+00 0.000000000000000000e+00 0.000000000000000000e+00 0.000000000000000000e+00 0.000000000000000000e+00 nan nan nan nan nan nan nan nan nan nan nan nan nan nan nan nan nan nan nan nan nan
nan nan 0.000000000000000000e+00 0.000000000000000000e+00 0.000000000000000000e+00 0.000000000000000000e+00 0.000000000000000000e+00 2.743234554926554311e-02 nan nan nan nan nan nan nan nan nan nan nan nan nan nan nan nan nan nan nan nan
nan 0.000000000000000000e+00 0.000000000000000000e+00 0.000000000000000000e+00 0.000000000000000000e+00 0.000000000000000000e+00 0.000000000000000000e+00 0.000000000000000000e+00 1.852256838480631496e-01 nan nan nan nan nan nan nan nan nan nan nan nan nan nan nan nan nan nan nan
0.000000000000000000e+00 0.000000000000000000e+00 0.000000000000000000e+00 0.000000000000000000e+00 0.000000000000000000e+00 0.000000000000000000e+00 0.000000000000000000e+00 0.000000000000000000e+00 8.440395037333170425e-02 6.294343312581379690e-01 nan nan nan nan nan nan nan nan nan nan nan nan nan nan nan nan nan nan
0.000000000000000000e+00 0.000000000000000000e+00 0.000000000000000000e+00 0.000000000000000000e+00 0.000000000000000000e+00 0.000000000000000000e+00 0.000000000000000000e+00 7.017284135023752313e-04 1.240992609659830742e-01 4.540404383341471450e-01 nan nan nan nan nan nan nan nan nan nan nan nan nan nan nan nan nan nan
0.000000000000000000e+00 0.000000000000000000e+00 0.000000000000000000e+00 0.000000000000000000e+00 0.000000000000000000e+00 0.000000000000000000e+00 0.000000000000000000e+00 6.198024551073709996e-03 3.590135765075683771e-01 nan nan nan nan nan nan nan nan nan nan nan nan nan nan nan nan nan nan nan
0.000000000000000000e+00 0.000000000000000000e+00 0.000000000000000000e+00 0.000000000000000000e+00 0.000000000000000000e+00 0.000000000000000000e+00 0.000000000000000000e+00 1.935901189843813527e-02 4.651963043212890558e-01 nan nan nan nan nan nan nan nan nan nan nan nan nan nan nan nan nan nan nan
nan 0.000000000000000000e+00 0.000000000000000000e+00 0.000000000000000000e+00 0.000000000000000000e+00 0.000000000000000000e+00 0.000000000000000000e+00 6.251580238342284435e-02 5.555064137776692945e-01 8.869793701171876377e-01 nan nan nan nan nan nan nan nan nan nan nan nan nan nan nan nan nan nan
nan 0.000000000000000000e+00 0.000000000000000000e+00 0.000000000000000000e+00 0.000000000000000000e+00 0.000000000000000000e+00 0.000000000000000000e+00 9.053333202997842707e-03 3.225698788960775221e-01 8.410336049397786340e-01 nan nan nan nan nan nan nan nan nan nan nan nan nan nan nan nan nan nan
nan 0.000000000000000000e+00 0.000000000000000000e+00 0.000000000000000000e+00 0.000000000000000000e+00 0.000000000000000000e+00 0.000000000000000000e+00 1.177728414535522510e-02 3.237424723307291696e-01 8.146214803059895759e-01 nan nan nan nan nan nan nan nan nan nan nan nan nan nan nan nan nan nan
nan nan 0.000000000000000000e+00 0.000000000000000000e+00 0.000000000000000000e+00 0.000000000000000000e+00 0.000000000000000000e+00 6.366641839345296705e-02 5.385427347819010668e-01 9.206725819905599018e-01 nan nan nan nan nan nan nan nan nan nan nan nan nan nan nan nan nan nan
nan nan 0.000000000000000000e+00 0.000000000000000000e+00 3.414814919233321797e-04 2.398088852564493959e-02 0.000000000000000000e+00 1.478098799784978261e-02 4.078901290893554576e-01 8.579713948567707638e-01 nan nan nan nan nan nan nan nan nan nan nan nan nan nan nan nan nan nan
nan nan nan nan nan nan 0.000000000000000000e+00 0.000000000000000000e+00 1.900822226206461407e-01 7.713977813720703791e-01 nan nan nan nan nan nan nan nan nan nan nan nan nan nan nan nan nan nan
nan nan nan nan nan 5.895061691602070802e-03 0.000000000000000000e+00 0.000000000000000000e+00 6.779506127039591767e-02 6.118903732299805220e-01 9.292166646321614598e-01 nan nan nan nan nan nan nan nan nan nan nan nan nan nan nan nan nan
nan nan nan nan nan 0.000000000000000000e+00 0.000000000000000000e+00 0.000000000000000000e+00 1.304691359400749146e-03 3.246145629882812300e-01 8.110473124186198257e-01 nan nan nan nan nan nan nan nan nan nan nan nan nan nan nan nan nan
nan nan nan nan nan 0.000000000000000000e+00 0.000000000000000000e+00 0.000000000000000000e+00 0.000000000000000000e+00 4.801283955574035117e-02 5.429041926066080492e-01 7.814393870035808431e-01 8.790373229980469327e-01 9.219284566243489687e-01 nan 9.580744425455729463e-01 nan nan nan nan nan nan nan nan nan nan nan nan
nan nan nan nan 0.000000000000000000e+00 0.000000000000000000e+00 0.000000000000000000e+00 0.000000000000000000e+00 0.000000000000000000e+00 9.691357612609863064e-04 8.842049558957416899e-02 3.867955652872721584e-01 7.804506174723307987e-01 8.982804870605468617e-01 8.821966552734376021e-01 nan nan nan nan nan nan nan nan nan nan nan nan nan
nan nan nan nan nan 0.000000000000000000e+00 0.000000000000000000e+00 0.000000000000000000e+00 0.000000000000000000e+00 0.000000000000000000e+00 3.195061782995859789e-04 3.951481342315673467e-02 3.587911160786946829e-01 7.933150736490887089e-01 8.839713541666666119e-01 8.840781402587890581e-01 nan nan nan nan nan nan nan nan nan nan nan nan
nan nan nan nan nan nan 0.000000000000000000e+00 0.000000000000000000e+00 0.000000000000000000e+00 0.000000000000000000e+00 0.000000000000000000e+00 0.000000000000000000e+00 5.196864207585652484e-02 4.315128389994304370e-01 7.516884104410807010e-01 8.560363006591796831e-01 8.651348368326822191e-01 8.866873931884765581e-01 9.445773569742837994e-01 nan nan nan nan nan nan nan nan nan
nan nan nan nan nan nan nan 0.000000000000000000e+00 0.000000000000000000e+00 0.000000000000000000e+00 0.000000000000000000e+00 0.000000000000000000e+00 1.678641972442468031e-02 1.873503684997558649e-01 4.076101303100585493e-01 7.287089029947916297e-01 8.724950408935546742e-01 8.522442118326822857e-01 9.208182779947916563e-01 8.964905548095702947e-01 9.166855621337890447e-01 8.817872111002604818e-01 nan nan nan nan nan nan
nan nan nan nan nan nan nan 0.000000000000000000e+00 0.000000000000000000e+00 0.000000000000000000e+00 0.000000000000000000e+00 0.000000000000000000e+00 1.379259228706359924e-03 2.396814743677774806e-02 9.687481244405110603e-02 3.554550615946451830e-01 7.893429819742837639e-01 9.031501007080078303e-01 9.039103444417317945e-01 9.087518564860026515e-01 9.054118347167969816e-01 8.657325998942057010e-01 8.379547119140625666e-01 8.634844462076821658e-01 nan nan nan nan
nan nan nan nan nan nan nan nan 0.000000000000000000e+00 0.000000000000000000e+00 0.000000000000000000e+00 0.000000000000000000e+00 0.000000000000000000e+00 0.000000000000000000e+00 2.936790188153584613e-03 5.150666594505309837e-02 4.887088775634765292e-01 8.471802520751953169e-01 9.073982747395833437e-01 9.173920949300130578e-01 9.064215087890624689e-01 8.841276550292969105e-01 8.693150838216144871e-01 8.508666737874349684e-01 nan 9.656847635904947103e-01 9.242825063069660674e-01 nan
nan nan nan nan nan nan nan nan nan 0.000000000000000000e+00 0.000000000000000000e+00 0.000000000000000000e+00 0.000000000000000000e+00 0.000000000000000000e+00 0.000000000000000000e+00 0.000000000000000000e+00 1.011521005630493103e-01 5.193311182657877056e-01 8.168451944986978575e-01 8.959034474690755756e-01 9.020311228434244599e-01 8.917066446940103974e-01 8.914772796630859863e-01 8.714787801106770315e-01 7.674038187662760579e-01 9.127080535888673074e-01 9.453289031982422541e-01 nan
nan nan nan nan nan nan nan nan nan nan 0.000000000000000000e+00 0.000000000000000000e+00 0.000000000000000000e+00 0.000000000000000000e+00 0.000000000000000000e+00 0.000000000000000000e+00 3.527407447497049597e-03 1.202424710988998363e-01 3.911358038584391572e-01 5.119407399495442546e-01 7.342331059773763435e-01 8.455982971191406961e-01 8.656044514973958437e-01 8.749192555745443078e-01 8.773600260416666297e-01 9.062031809488931833e-01 9.216888936360675411e-01 nan
nan nan nan nan nan nan nan nan nan nan nan nan 0.000000000000000000e+00 0.000000000000000000e+00 0.000000000000000000e+00 0.000000000000000000e+00 0.000000000000000000e+00 1.542716026306152318e-03 3.074765364329020215e-02 3.946642026305198503e-02 1.558399963378906128e-01 4.442750612894694195e-01 6.524308649698893348e-01 8.502355702718099595e-01 8.699024709065755756e-01 8.793333435058593439e-01 8.897143300374349417e-01 nan
nan nan nan nan nan nan nan nan nan nan nan nan nan 0.000000000000000000e+00 0.000000000000000000e+00 0.000000000000000000e+00 0.000000000000000000e+00 0.000000000000000000e+00 0.000000000000000000e+00 0.000000000000000000e+00 3.348148117462794167e-04 4.798518578211466434e-02 1.616261768341064331e-01 5.272696304321288219e-01 8.625269317626953480e-01 8.826651763916015803e-01 8.871994781494140225e-01 nan
nan nan nan nan nan nan nan nan nan nan nan nan nan nan nan 0.000000000000000000e+00 0.000000000000000000e+00 0.000000000000000000e+00 0.000000000000000000e+00 0.000000000000000000e+00 0.000000000000000000e+00 0.000000000000000000e+00 9.170123636722565807e-03 2.663441975911458592e-01 8.100481414794922230e-01 8.956192779541014559e-01 9.058439381917317013e-01 nan
nan nan nan nan nan nan nan nan nan nan nan nan nan nan nan nan nan 0.000000000000000000e+00 0.000000000000000000e+00 0.000000000000000000e+00 0.000000000000000000e+00 9.652222394943238068e-03 0.000000000000000000e+00 7.762740929921467525e-02 3.787276585896809933e-01 7.986987559000651160e-01 8.913691457112630223e-01 nan
nan nan nan nan nan nan nan nan nan nan nan nan nan nan nan nan nan nan nan nan 1.852844397226969739e-02 nan nan 2.525925884644190629e-04 3.805382649103800780e-02 4.179725901285807343e-01 nan nan
