nan nan nan 0.000000000000000000e+00 0.000000000000000000e+00 0.000000000000000000e+00 nan nan nan nan nan nan nan nan nan nan nan nan nan nan nan nan nan nan nan nan nan nan
nan nan 0.000000000000000000e+00 0.000000000000000000e+00 0.000000000000000000e+00 0.000000000000000000e+00 0.000000000000000000e+00 nan nan nan nan nan nan nan nan nan nan nan nan nan nan nan nan nan nan nan nan nan
nan nan 0.000000000000000000e+00 0.000000000000000000e+00 0.000000000000000000e+00 0.000000000000000000e+00 0.000000000000000000e+00 8.839259445667267331e-03 nan nan nan nan nan nan nan nan nan nan nan nan nan nan nan nan nan nan nan nan
nan 0.000000000000000000e+00 0.000000000000000000e+00 0.000000000000000000e+00 0.000000000000000000e+00 0.000000000000000000e+00 0.000000000000000000e+00 1.184197564919789664e-03 6.041086276372273356e-02 nan nan nan nan nan nan nan nan nan nan nan nan nan nan nan nan nan nan nan
0.000000000000000000e+00 0.000000000000000000e+00 0.000000000000000000e+00 0.000000000000000000e+00 0.000000000000000000e+00 0.000000000000000000e+00 0.000000000000000000e+00 0.000000000000000000e+00 2.927604993184407256e-02 3.142693837483723773e-01 nan nan nan nan nan nan nan nan nan nan nan nan nan nan nan nan nan nan
0.000000000000000000e+00 0.000000000000000000e+00 0.000000000000000000e+00 0.000000000000000000e+00 0.000000000000000000e+00 0.000000000000000000e+00 0.000000000000000000e+00 2.772592504819234097e-03 1.208276557922363242e-01 3.260866641998290683e-01 nan nan nan nan nan nan nan nan nan nan nan nan nan nan nan nan nan nan
0.000000000000000000e+00 0.000000000000000000e+00 0.000000000000000000e+00 0.000000000000000000e+00 0.000000000000000000e+00 0.000000000000000000e+00 0.000000000000000000e+00 8.365432148178418223e-03 3.817325846354167052e-01 nan nan nan nan nan nan nan nan nan nan nan nan nan nan nan nan nan nan nan
0.000000000000000000e+00 0.000000000000000000e+00 0.000000000000000000e+00 0.000000000000000000e+00 0.000000000000000000e+00 0.000000000000000000e+00 0.000000000000000000e+00 2.709654261668523190e-02 5.605397415161131880e-01 nan nan nan nan nan nan nan nan nan nan nan nan nan nan nan nan nan nan nan
nan 0.000000000000000000e+00 0.000000000000000000e+00 0.000000000000000000e+00 0.000000000000000000e+00 0.000000000000000000e+00 0.000000000000000000e+00 8.586073915163676407e-02 6.816523488362630223e-01 9.198774464925129069e-01 nan nan nan nan nan nan nan nan nan nan nan nan nan nan nan nan nan nan
nan 0.000000000000000000e+00 0.000000000000000000e+00 0.000000000000000000e+00 0.000000000000000000e+00 0.000000000000000000e+00 9.827160338560739922e-04 5.904148101806640930e-02 4.848029581705728952e-01 9.140745544433593883e-01 nan nan nan nan nan nan nan nan nan nan nan nan nan nan nan nan nan nan
nan 0.000000000000000000e+00 0.000000000000000000e+00 0.000000000000000000e+00 0.000000000000000000e+00 0.000000000000000000e+00 1.670864249269167793e-03 1.117086394627889029e-01 5.264444478352864332e-01 9.294780476888021559e-01 nan nan nan nan nan nan nan nan nan nan nan nan nan nan nan nan nan nan
nan nan 0.000000000000000000e+00 0.000000000000000000e+00 0.000000000000000000e+00 0.000000000000000000e+00 1.398271620273590062e-03 1.353874079386393203e-01 7.014088694254557721e-01 9.774560546874999645e-01 nan nan nan nan nan nan nan nan nan nan nan nan nan nan nan nan nan nan
nan nan 0.000000000000000000e+00 0.000000000000000000e+00 9.992592533429464022e-04 2.649377743403116825e-02 6.995061536629994465e-04 7.318247159322102680e-02 6.116570281982420809e-01 9.552952575683594238e-01 nan nan nan nan nan nan nan nan nan nan nan nan nan nan nan nan nan nan
nan nan nan nan nan nan 0.000000000000000000e+00 1.491777817408243730e-02 2.929138183593750222e-01 8.729227956136066391e-01 nan nan nan nan nan nan nan nan nan nan nan nan nan nan nan nan nan nan
nan nan nan nan nan 3.838024685780207571e-03 0.000000000000000000e+00 0.000000000000000000e+00 1.068116060892740915e-01 7.212553151448567457e-01 9.354011027018228619e-01 nan nan nan nan nan nan nan nan nan nan nan nan nan nan nan nan nan
nan nan nan nan nan 0.000000000000000000e+00 0.000000000000000000e+00 0.000000000000000000e+00 8.990123197436333813e-03 4.106170399983724018e-01 8.572057088216146203e-01 nan nan nan nan nan nan nan nan nan nan nan nan nan nan nan nan nan
nan nan nan nan nan 0.000000000000000000e+00 0.000000000000000000e+00 0.000000000000000000e+00 0.000000000000000000e+00 8.300419807434081254e-02 5.485155487060546786e-01 8.045688883463540941e-01 9.331666564941406561e-01 9.659444427490234686e-01 nan 9.657755533854167629e-01 nan nan nan nan nan nan nan nan nan nan nan nan
nan nan nan nan 0.000000000000000000e+00 0.000000000000000000e+00 0.000000000000000000e+00 0.000000000000000000e+00 0.000000000000000000e+00 1.185432076454162598e-03 6.976567745208739346e-02 2.750503667195637880e-01 6.561323420206705004e-01 8.881308492024739820e-01 9.014491526285807188e-01 nan nan nan nan nan nan nan nan nan nan nan nan nan
nan nan nan nan nan 0.000000000000000000e+00 0.000000000000000000e+00 0.000000000000000000e+00 0.000000000000000000e+00 0.000000000000000000e+00 0.000000000000000000e+00 7.731851935386657541e-03 1.636797555287679284e-01 5.277649307250976696e-01 7.939555613199869022e-01 8.321866607666015270e-01 nan nan nan nan nan nan nan nan nan nan nan nan
nan nan nan nan nan nan 0.000000000000000000e+00 0.000000000000000000e+00 0.000000000000000000e+00 0.000000000000000000e+00 0.000000000000000000e+00 0.000000000000000000e+00 1.362716058890024728e-03 8.950641949971516187e-02 3.531540679931641225e-01 7.628861745198568522e-01 8.452285003662108887e-01 8.875474039713541208e-01 9.413484446207682765e-01 nan nan nan nan nan nan nan nan nan
nan nan nan nan nan nan nan 0.000000000000000000e+00 0.000000000000000000e+00 0.000000000000000000e+00 0.000000000000000000e+00 0.000000000000000000e+00 0.000000000000000000e+00 6.370370586713155472e-04 3.869481528798739134e-02 4.084081586201985803e-01 8.725869242350260402e-01 9.036822001139322991e-01 9.595985412597656250e-01 9.629522196451821836e-01 9.496774037679035496e-01 9.638911183675130667e-01 nan nan nan nan nan nan
nan nan nan nan nan nan nan 0.000000000000000000e+00 0.000000000000000000e+00 0.000000000000000000e+00 0.000000000000000000e+00 0.000000000000000000e+00 0.000000000000000000e+00 0.000000000000000000e+00 4.997531076272328883e-04 9.935308456420899326e-02 5.934743245442707371e-01 9.011459350585937500e-01 9.290847015380858664e-01 9.581911214192708748e-01 9.634404754638671298e-01 9.610333251953124822e-01 9.513122049967447369e-01 9.015600077311197724e-01 nan nan nan nan
nan nan nan nan nan nan nan nan 0.000000000000000000e+00 0.000000000000000000e+00 8.012345433235168804e-04 0.000000000000000000e+00 0.000000000000000000e+00 0.000000000000000000e+00 0.000000000000000000e+00 8.007160524527231690e-03 2.881266689300537309e-01 7.119935862223307765e-01 9.054197438557943789e-01 9.359375508626301965e-01 9.448950703938802098e-01 9.686133321126302320e-01 9.642982737223307899e-01 9.149526977539061967e-01 nan 9.630228424072265758e-01 9.176661173502603797e-01 nan
nan nan nan nan nan nan nan nan nan 0.000000000000000000e+00 0.000000000000000000e+00 0.000000000000000000e+00 0.000000000000000000e+00 0.000000000000000000e+00 0.000000000000000000e+00 0.000000000000000000e+00 6.304345707098642226e-02 3.867871665954589755e-01 6.976054255167642992e-01 8.771881357828775760e-01 9.368814849853516202e-01 9.534558105468750044e-01 9.560414886474609686e-01 8.884234619140625178e-01 7.844079335530599328e-01 9.035050201416016113e-01 9.270180002848307232e-01 nan
nan nan nan nan nan nan nan nan nan nan 0.000000000000000000e+00 0.000000000000000000e+00 0.000000000000000000e+00 0.000000000000000000e+00 0.000000000000000000e+00 0.000000000000000000e+00 3.178518414497375627e-03 1.050841951370239252e-01 3.363770357767741359e-01 5.025792566935222139e-01 7.694533284505208348e-01 9.066600036621094150e-01 9.298345692952474373e-01 9.145343271891276382e-01 9.240237172444660807e-01 9.376441955566406916e-01 9.427236938476561967e-01 nan
nan nan nan nan nan nan nan nan nan nan nan nan 0.000000000000000000e+00 0.000000000000000000e+00 0.000000000000000000e+00 0.000000000000000000e+00 0.000000000000000000e+00 4.320987562338511026e-04 1.739753127098083579e-02 5.570740699768065435e-02 2.664093780517577947e-01 6.393318557739258168e-01 8.000644683837890847e-01 9.024392700195312811e-01 9.188083902994792496e-01 9.309989929199219416e-01 9.385915883382162095e-01 nan
nan nan nan nan nan nan nan nan nan nan nan nan nan 0.000000000000000000e+00 0.000000000000000000e+00 0.000000000000000000e+00 0.000000000000000000e+00 0.000000000000000000e+00 0.000000000000000000e+00 0.000000000000000000e+00 1.344222247600555288e-02 1.537357997894287231e-01 2.933688863118489309e-01 6.966903559366862675e-01 9.093106079101561656e-01 9.255797322591146070e-01 9.437856801350911207e-01 nan
nan nan nan nan nan nan nan nan nan nan nan nan nan nan nan 0.000000000000000000e+00 0.000000000000000000e+00 0.000000000000000000e+00 0.000000000000000000e+00 0.000000000000000000e+00 3.580246865749359283e-04 4.567901119589806019e-03 6.503901322682698050e-02 5.618313725789388924e-01 9.181313578287760846e-01 9.186471557617187367e-01 9.340202331542969416e-01 nan
nan nan nan nan nan nan nan nan nan nan nan nan nan nan nan nan nan 0.000000000000000000e+00 0.000000000000000000e+00 1.411950608094533245e-02 5.096074223518370916e-02 6.086666504542032757e-02 7.692388852437337388e-02 3.185883967081705737e-01 7.464501444498697902e-01 9.311999766031900938e-01 9.381750742594401338e-01 nan
nan nan nan nan nan nan nan nan nan nan nan nan nan nan nan nan nan nan nan nan 2.846106656392415335e-01 nan nan 2.332935778299967122e-01 5.065911102294921031e-01 9.038318634033203347e-01 nan nan
