nan nan nan -2.838794596903918777e+00 -3.573819857766016739e+00 -3.265128339090070053e+00 nan nan nan nan nan nan nan nan nan nan nan nan nan nan nan nan nan nan nan nan nan nan
nan nan -1.958723685915107593e+00 -2.929264711799314025e+00 -3.396004346392246021e+00 -3.293460888127937025e+00 -2.629876766579389180e+00 nan nan nan nan nan nan nan nan nan nan nan nan nan nan nan nan nan nan nan nan nan
nan nan -1.962291679196365379e+00 -2.741188495208480180e+00 -2.883531233822376638e+00 -2.491540748230764102e+00 -1.608919004594775437e+00 -7.319114418738830175e-01 nan nan nan nan nan nan nan nan nan nan nan nan nan nan nan nan nan nan nan nan
nan -1.116496999161167070e+00 -1.623212186003996971e+00 -1.847775006821748445e+00 -1.488230912043740028e+00 -5.890106337850318230e-01 2.677258815578126630e-02 7.527781334923175915e-01 1.632409692976750204e+00 nan nan nan nan nan nan nan nan nan nan nan nan nan nan nan nan nan nan nan
8.026034017799302256e-02 -6.579413128817214185e-01 -8.370535524380920966e-01 -4.499420589219227939e-01 3.219401985021643764e-01 1.028931075793495742e+00 1.317467754086605769e+00 1.219358281994420645e+00 1.078702017437404015e+00 1.369549181156505924e+00 nan nan nan nan nan nan nan nan nan nan nan nan nan nan nan nan nan nan
5.209166820563519984e-01 -9.597055930116071831e-02 2.495636188106884756e-01 1.010366723047503301e+00 1.689304334979749411e+00 1.677055127650472599e+00 1.365478606805782036e+00 1.057729224322682571e+00 -3.108175490919277972e-02 nan nan nan nan nan nan nan nan nan nan nan nan nan nan nan nan nan nan nan
1.104525381423984376e+00 6.536207904882228581e-01 1.339164075725064906e+00 1.949474037799899584e+00 2.229898866927325862e+00 1.714728215703526404e+00 1.074082916641019514e+00 -5.608863977304665016e-02 -1.151774973715359973e+00 nan nan nan nan nan nan nan nan nan nan nan nan nan nan nan nan nan nan nan
1.800299732271549935e+00 1.385605872326266974e+00 1.944493263440394637e+00 2.496761292612737826e+00 2.571979531160593080e+00 1.497704067551568485e+00 4.277482375387111069e-01 -1.239688245919594589e+00 -1.512375066994188222e+00 nan nan nan nan nan nan nan nan nan nan nan nan nan nan nan nan nan nan nan
nan 1.953974485335788103e+00 2.452782130240732439e+00 3.034733149840168398e+00 2.492555737581058750e+00 1.129686884261922986e+00 2.514750325434024769e-01 -5.520284504508468082e-01 -2.329196785585725959e-01 -3.323216865420100530e-02 nan nan nan nan nan nan nan nan nan nan nan nan nan nan nan nan nan nan
nan 2.583054015799399750e+00 3.035448866786643052e+00 3.383766510491396762e+00 2.307306910911724351e+00 1.547980344945235620e+00 8.716458531554133193e-01 3.043270132932411887e-01 5.431775142694018621e-01 3.943388996517134260e-01 nan nan nan nan nan nan nan nan nan nan nan nan nan nan nan nan nan nan
nan 3.297752621706457443e+00 3.576858100371082205e+00 3.330391366869943415e+00 2.304851414520998620e+00 2.394604734313093175e+00 1.474892893218814782e+00 4.937821317427129042e-01 1.930089799237322962e-02 1.516697699132639188e-01 nan nan nan nan nan nan nan nan nan nan nan nan nan nan nan nan nan nan
nan nan 3.852457258992989075e+00 3.031983639970806443e+00 2.326895601484471499e+00 2.780500625000922543e+00 1.114653347929629001e+00 -2.136105929117215474e-01 -8.845422574643450053e-01 -5.844231242943879190e-01 nan nan nan nan nan nan nan nan nan nan nan nan nan nan nan nan nan nan
nan nan 2.782149135435157294e+00 1.917233781819622784e+00 1.835354772910968268e+00 nan 3.562106517892943414e-01 -6.780064472257286701e-01 -1.801576313104821248e+00 -1.076848946639660687e+00 nan nan nan nan nan nan nan nan nan nan nan nan nan nan nan nan nan nan
nan nan nan nan nan nan 1.529871327518333469e-02 -9.511181025627449825e-01 -1.934628253773031936e+00 -1.211792461221457673e+00 nan nan 1.872095659234811471e-01 nan nan nan nan nan nan nan nan nan nan nan nan nan nan nan
nan nan nan nan nan 9.942938624528794289e-01 -1.346958491361784083e-01 -1.304170784112671955e+00 -1.665583280334826277e+00 -1.094134682895818944e+00 nan nan nan nan nan nan nan nan nan nan nan nan nan nan nan nan nan nan
nan nan nan nan nan 1.115161547364551975e+00 -2.446808680547046810e-01 -1.081684608701488193e+00 -8.920411008574435918e-01 -5.235732308745447705e-01 7.834361269938158179e-01 nan nan nan nan nan nan nan nan nan nan nan nan nan nan nan nan nan
nan nan nan nan nan 7.049892275761052707e-01 9.386706485836557312e-02 -1.974891710850917026e-01 -1.020903113342725398e-02 9.052723695978607266e-01 1.885138057418127566e+00 2.018778224081007266e+00 nan 2.667467997197130458e+00 nan nan nan nan nan nan nan nan nan nan nan nan nan nan
nan nan nan nan nan 5.526706388126376712e-01 8.538053644583781798e-01 1.045955175967125506e+00 1.085551186655041578e+00 1.951437118084626388e+00 2.470855701653534187e+00 2.568808607896974738e+00 2.720105094846326121e+00 2.874266518855932429e+00 3.539463939776389623e+00 nan nan nan nan nan nan nan nan nan nan nan nan nan
nan nan nan nan nan 1.154163210957659613e+00 1.685326698844098026e+00 2.088662046354524016e+00 2.163810536432636766e+00 2.471627154956113070e+00 3.080871870802209589e+00 3.509726856290219299e+00 3.363575178857968861e+00 3.113551762367163356e+00 2.635417015972543631e+00 3.571320875693964059e+00 3.153139311672870537e+00 nan nan nan nan nan nan nan nan nan nan nan
nan nan nan nan nan nan 2.327798498085944079e+00 2.883045860123776727e+00 3.056144305957685159e+00 2.816043817118540016e+00 3.069544564354141247e+00 3.469823867817778407e+00 3.550841730252721540e+00 3.288575900605609004e+00 2.684307553272681446e+00 2.279436759243501864e+00 2.304876410300361833e+00 2.425009638045237725e+00 nan nan nan nan nan nan nan nan nan nan
nan nan nan nan nan nan nan 3.276842609578780596e+00 3.491818274385867671e+00 3.255619092495859235e+00 3.037282454911340857e+00 3.318202813627610936e+00 3.508283778269801978e+00 3.541116155504707042e+00 3.042861766472418683e+00 2.335978602529372061e+00 2.322146754541969838e+00 2.931261727306516462e+00 3.667316841639214786e+00 nan nan 3.370979595314127497e+00 nan nan nan nan nan nan
nan nan nan nan nan nan nan 3.789909866262783922e+00 3.810990015592493840e+00 3.607189597370036527e+00 3.227463390729000459e+00 3.344605025411212296e+00 3.740279546743577210e+00 4.086066626089236209e+00 3.855290011990788468e+00 3.171108641772216075e+00 2.636776303758253004e+00 2.733443657891052148e+00 2.617186662867646341e+00 2.279039512882824248e+00 2.027905906017307913e+00 1.737575958948308852e+00 2.303520762819271095e+00 nan nan nan nan nan
nan nan nan nan nan nan nan nan 4.220834156911871027e+00 3.885742218731547126e+00 3.554099780007751175e+00 3.517816380315419877e+00 3.655445963343859628e+00 3.958038021644461946e+00 4.020545795911737663e+00 3.852881148987449045e+00 3.439895754044371312e+00 2.784120103202161189e+00 2.253159795555383038e+00 1.913414580369445783e+00 1.838028015485522415e+00 1.979228839335812395e+00 1.717790788761420329e+00 2.113296944851014381e+00 nan 4.042164465004162821e+00 3.016754328572764265e+00 nan
nan nan nan nan nan nan nan nan nan 4.184486717639597231e+00 3.736129243279339818e+00 3.707228761209705237e+00 3.722748017284831512e+00 3.742887062412749266e+00 3.940481378678184932e+00 3.946096074783096874e+00 3.910136494690566789e+00 3.499485992364402165e+00 2.825553809306399877e+00 2.413609165809825097e+00 2.520669281409450679e+00 2.450488925109424176e+00 2.051349456561676554e+00 1.873629274259840383e+00 nan 5.301012464310352890e+00 5.055677909356989908e+00 nan
nan nan nan nan nan nan nan nan nan nan 4.212638878520708730e+00 4.046782514787993001e+00 4.111255127411921784e+00 3.933393604034667312e+00 3.939648108679651539e+00 4.145675956544888408e+00 4.231956538760582198e+00 4.298781940371135590e+00 3.773548201660334556e+00 3.345086960171549162e+00 3.138436367440708086e+00 2.638243637253202323e+00 2.012899670756073345e+00 1.932158638322188260e+00 3.403555789984361812e+00 4.768414729570084276e+00 5.647921243674394631e+00 nan
nan nan nan nan nan nan nan nan nan nan nan nan 4.290607767483991530e+00 4.209232865153544445e+00 4.283886542550047416e+00 4.185508484855914979e+00 4.204558598099251476e+00 4.354618533690797655e+00 4.013107083197740899e+00 3.444104463435471608e+00 3.297076761487746310e+00 2.702483238262201048e+00 1.994468404998841704e+00 1.906341396532611254e+00 2.949136071072214538e+00 3.976554503775742599e+00 4.668211035818838894e+00 nan
nan nan nan nan nan nan nan nan nan nan nan nan nan 4.413319447622941816e+00 4.428626967727009145e+00 4.244678701628180839e+00 4.125587522089311676e+00 4.018425350362165638e+00 3.934845519316320761e+00 3.389068687128609980e+00 3.316794822690576350e+00 2.986950449185223011e+00 2.344638942515809621e+00 2.069040992271260482e+00 2.875087698225680555e+00 3.438670245993392882e+00 3.849625155555740808e+00 nan
nan nan nan nan nan nan nan nan nan nan nan nan nan nan nan 4.356694700386055885e+00 4.024235195767355222e+00 3.884974180907519781e+00 3.841496886420597612e+00 3.526283313239237049e+00 2.779782932226119829e+00 2.073770670418320972e+00 1.818873146152240716e+00 2.063168931608314161e+00 2.795321261593775475e+00 3.233302819028234687e+00 3.318523681044636575e+00 nan
nan nan nan nan nan nan nan nan nan nan nan nan nan nan nan nan nan 3.786185655021443441e+00 3.412309406694442160e+00 2.768455789690079882e+00 1.925086497995434964e+00 4.876064322508811277e-01 4.914671510460414394e-01 2.040919654104476511e+00 2.749586397911959246e+00 3.136402179040495231e+00 2.936661218416153130e+00 nan
nan nan nan nan nan nan nan nan nan nan nan nan nan nan nan nan nan nan nan nan 6.202682912078320010e-01 nan nan 2.176727137134497170e+00 2.738046324089406180e+00 2.865675133171529332e+00 nan nan
