nan nan nan 1.992871544034925613e+00 1.079576436057824607e+00 1.862792644680004994e-01 nan nan nan nan nan nan nan nan nan nan nan nan nan nan nan nan nan nan nan nan nan nan
nan nan 2.100137241071524663e+00 1.365232030563680032e+00 3.664558363446812073e-01 -4.811374280803826231e-01 -8.919391102207563371e-01 nan nan nan nan nan nan nan nan nan nan nan nan nan nan nan nan nan nan nan nan nan
nan nan 1.277888040349930643e+00 6.432006574899782336e-01 -1.926800293209336157e-01 -8.243123169902965008e-01 -1.154215607518022768e+00 -9.226301044443416810e-01 nan nan nan nan nan nan nan nan nan nan nan nan nan nan nan nan nan nan nan nan
nan 9.249877421572784142e-01 5.663165348358583095e-01 -1.312891581307468747e-01 -8.204297084118500338e-01 -1.241768964870369363e+00 -1.714822046883489604e+00 -1.314047948449592829e+00 -2.623231514554156263e-01 nan nan nan nan nan nan nan nan nan nan nan nan nan nan nan nan nan nan nan
5.321945097949859482e-01 4.098427949388479541e-01 -7.448945920238653207e-02 -7.794900231208730101e-01 -1.282389902570671536e+00 -1.852944765264381122e+00 -2.562039259423599891e+00 -2.393851876390796996e+00 -1.696476686549439616e+00 -2.867793274353093724e-01 nan nan nan nan nan nan nan nan nan nan nan nan nan nan nan nan nan nan
-6.321437397300644356e-02 -2.926216223812989625e-01 -7.042249068094159625e-01 -1.112270898594857060e+00 -1.582322988625682658e+00 -2.371901299601915092e+00 -3.331934910854744913e+00 -3.306780750984262163e+00 -2.946494078628852265e+00 nan nan nan nan nan nan nan nan nan nan nan nan nan nan nan nan nan nan nan
-1.047125117573998399e+00 -1.238188657938624981e+00 -1.278245981991121383e+00 -1.541224205403381120e+00 -2.175409028223005858e+00 -3.016258111017069865e+00 -3.957744522782199681e+00 -4.470992577111815969e+00 -3.809510336472933023e+00 nan nan nan nan nan nan nan nan nan nan nan nan nan nan nan nan nan nan nan
-1.954259712038979524e+00 -1.930201994049088432e+00 -1.887489462739923241e+00 -2.127542976651770612e+00 -2.622592519046138548e+00 -3.496975303703823368e+00 -4.379803750435700138e+00 -4.781952610097519596e+00 -3.613147820930995291e+00 nan nan nan nan nan nan nan nan nan nan nan nan nan nan nan nan nan nan nan
nan -2.427622254379472100e+00 -2.275408000441796919e+00 -2.315000153070281286e+00 -2.737379003874581329e+00 -3.576984442146310172e+00 -4.499818937854045409e+00 -4.543986469042144094e+00 -3.252530976346753810e+00 -1.316316447820701008e+00 nan nan nan nan nan nan nan nan nan nan nan nan nan nan nan nan nan nan
nan -2.777328851143082034e+00 -2.528717526604151278e+00 -2.342596361390456128e+00 -2.584390297774239009e+00 -3.523690967890152681e+00 -4.591494405342865903e+00 -4.979384474244155534e+00 -3.849349318743638726e+00 -2.039918261101660413e+00 nan nan nan nan nan nan nan nan nan nan nan nan nan nan nan nan nan nan
nan -3.268448218376008185e+00 -2.680134974707585549e+00 -2.086670482740122790e+00 -2.206894752171996377e+00 -3.327661756490407186e+00 -4.774188800029157242e+00 -5.200284956857039731e+00 -4.519062098459822430e+00 -2.080552821949815723e+00 nan nan nan nan nan nan nan nan nan nan nan nan nan nan nan nan nan nan
nan nan -2.491062930146613841e+00 -1.624316987080986152e+00 -2.079945667206765325e+00 -2.957602601580874069e+00 -5.251000850306018819e+00 -5.421100147865782759e+00 -4.783324732007633528e+00 -2.016290657801413477e+00 nan nan nan nan nan nan nan nan nan nan nan nan nan nan nan nan nan nan
nan nan -1.151877372392656973e+00 -5.289822118467735201e-01 -2.444422334222829285e+00 nan -5.672967085207424986e+00 -5.382401558194719549e+00 -4.888216732908982287e+00 -2.621929057510291816e+00 nan nan nan nan nan nan nan nan nan nan nan nan nan nan nan nan nan nan
nan nan nan nan nan nan -4.928127720465506734e+00 -5.432446075396525131e+00 -4.828392797152702087e+00 -3.110983854470921184e+00 nan nan -6.086370972907084731e-01 nan nan nan nan nan nan nan nan nan nan nan nan nan nan nan
nan nan nan nan nan -2.992733895087476004e+00 -4.077940895630038476e+00 -4.835304219188956587e+00 -4.358700712017862244e+00 -3.933010507289971258e+00 nan nan nan nan nan nan nan nan nan nan nan nan nan nan nan nan nan nan
nan nan nan nan nan -3.256636339682446923e+00 -3.575106720570587981e+00 -3.908384103616910910e+00 -3.331829894443175455e+00 -2.344564672929767557e+00 7.279201062592326188e-02 nan nan nan nan nan nan nan nan nan nan nan nan nan nan nan nan nan
nan nan nan nan nan -2.645475611713153707e+00 -3.307944491418657318e+00 -3.537847758913568175e+00 -2.982372947538722840e+00 -1.445620547472660444e+00 2.165852307716214509e-01 1.186562205344279475e+00 nan 1.193598892840637582e+00 nan nan nan nan nan nan nan nan nan nan nan nan nan nan
nan nan nan nan nan -2.719923506810216107e+00 -3.229075911701351220e+00 -3.531585992233293059e+00 -3.314910426842103686e+00 -2.392590302348533537e+00 -1.107997256783934903e+00 2.356451539236976631e-02 3.450219221506740652e-01 8.318053221611944326e-02 6.261735885051915584e-01 nan nan nan nan nan nan nan nan nan nan nan nan nan
nan nan nan nan nan -2.876501390442336437e+00 -3.333105442700320609e+00 -3.772506379794496656e+00 -3.442847734595813947e+00 -2.807979362396265000e+00 -1.995376529843449154e+00 -1.056406389445108562e+00 -2.294924978582292552e-01 1.095170072236888587e-01 -6.743873390618924414e-03 1.141384075423346633e+00 9.126197504883017952e-01 nan nan nan nan nan nan nan nan nan nan nan
nan nan nan nan nan nan -3.918295182563226842e+00 -3.963553513418485608e+00 -3.441006668418408410e+00 -2.775171623131793996e+00 -2.173849499515363881e+00 -1.449350202089827011e+00 -7.482400869639609375e-01 -2.856811544219355903e-01 -1.431966018360527823e-02 3.398417025487318055e-01 3.806676640886345053e-01 7.892081513373906398e-01 nan nan nan nan nan nan nan nan nan nan
nan nan nan nan nan nan nan -3.894510241965913000e+00 -3.146681802066807698e+00 -2.490475377113897437e+00 -2.088520835194688452e+00 -1.637234592259084964e+00 -1.087295276584430814e+00 -7.849892974794143718e-01 -6.609957887243941288e-01 -3.547967077506296030e-01 -2.178808907918746915e-02 7.455648550045552714e-01 1.580640615063255261e+00 nan nan 1.485759277530042333e+00 nan nan nan nan nan nan
nan nan nan nan nan nan nan -3.565443561771378889e+00 -2.793277379875573008e+00 -2.344731722691815623e+00 -2.027499613726387651e+00 -1.632115544772881899e+00 -1.279012540493256411e+00 -1.043005921535118397e+00 -9.864705902543836613e-01 -7.458956863622481226e-01 -1.340348546806943986e-01 3.579329749934874183e-01 6.851100098479754319e-01 9.904815530658068745e-01 8.648264751051886190e-01 2.338709948582655129e-01 3.385048967071275783e-01 nan nan nan nan nan
nan nan nan nan nan nan nan nan -2.408271366346415920e+00 -2.151878793752841634e+00 -1.821652834951553501e+00 -1.638717537012001069e+00 -1.371830063298912439e+00 -1.146478709291371523e+00 -9.479626061517755220e-01 -6.272811991148732336e-01 -5.665464216622025095e-02 3.808418466394629109e-01 6.309042238591415774e-01 6.981090920602428529e-01 2.015264838427955896e-01 -4.067090543123219049e-01 -5.476012571007974339e-01 2.859028993211136516e-02 nan 1.235186265105788994e+00 1.244020367385317405e+00 nan
nan nan nan nan nan nan nan nan nan -2.105504620230544965e+00 -2.006695930931401861e+00 -1.695377260876569370e+00 -1.398952072521268963e+00 -1.091913156964330778e+00 -7.671646547618541367e-01 -3.401349727055160144e-01 1.820291460539202322e-01 6.100090398197240971e-01 7.246476865987581117e-01 4.639940232187889091e-01 -1.287678877304527375e-02 -3.662223726773716770e-01 -4.880177249245705728e-01 9.217881647968240166e-02 nan 1.335154017406861682e+00 1.287152196214395028e+00 nan
nan nan nan nan nan nan nan nan nan nan -2.004223913285836822e+00 -1.689173145605109783e+00 -1.324459776663341248e+00 -8.801781678463042047e-01 -5.185814107107975524e-01 -1.227017940790237488e-01 4.098733593023263788e-01 7.039033885213501485e-01 7.407189542479734046e-01 5.535823839030776794e-01 1.461242497855275435e-01 2.233279774355498987e-02 -1.031264518954999182e-01 4.140232421997571133e-01 1.393388572180113805e+00 1.512069680951098727e+00 1.667926776924168797e+00 nan
nan nan nan nan nan nan nan nan nan nan nan nan -1.236222826084911519e+00 -8.041409594247850290e-01 -3.559020703974037914e-01 1.089158682498997666e-01 6.142167986410497216e-01 1.043938073510407794e+00 1.066103334115738654e+00 9.371445288233020143e-01 6.968892186600137428e-01 5.323850992607523924e-01 4.866154487745836255e-01 5.397059574129704496e-01 1.163538360621684253e+00 1.758076808096302956e+00 1.852315653438455501e+00 nan
nan nan nan nan nan nan nan nan nan nan nan nan nan -7.164984625805259633e-01 -2.128721504377711626e-01 3.359810272112858098e-01 9.188131289749761343e-01 1.342184306181573916e+00 1.382315496655472931e+00 1.345776920276268385e+00 1.467271702960514235e+00 1.311628288217899563e+00 1.349340367290575271e+00 1.027807709699006367e+00 1.273817787987464811e+00 1.701085215617147872e+00 1.836566066846481382e+00 nan
nan nan nan nan nan nan nan nan nan nan nan nan nan nan nan 6.782050358964213377e-01 1.421851337912856783e+00 1.825952804397360074e+00 1.937719482475876998e+00 2.095271364780978640e+00 2.232093123438963822e+00 2.200044640030444754e+00 2.385128084359710687e+00 1.740303581025595570e+00 1.501762223763396076e+00 1.620452363261285500e+00 1.631218187242886142e+00 nan
nan nan nan nan nan nan nan nan nan nan nan nan nan nan nan nan nan 2.414560261676867547e+00 2.637996136028600169e+00 2.775415969269399596e+00 2.359478890564225662e+00 6.576738521798823900e-01 1.931024402786111427e+00 2.272149792787275135e+00 1.733744408795165892e+00 1.458759747986116073e+00 1.316000831547999628e+00 nan
nan nan nan nan nan nan nan nan nan nan nan nan nan nan nan nan nan nan nan nan 1.001818073301793843e+00 nan nan 2.252762545274866746e+00 2.060775809961008065e+00 1.608293426771357337e+00 nan nan
