nan nan nan -2.836603686723729201e+00 -2.880940679468732224e+00 -2.374065096621533755e+00 nan nan nan nan nan nan nan nan nan nan nan nan nan nan nan nan nan nan nan nan nan nan
nan nan -2.264666352475257494e+00 -2.653698093232919497e+00 -2.885608868599147669e+00 -2.713995425029539721e+00 -2.081732310657685048e+00 nan nan nan nan nan nan nan nan nan nan nan nan nan nan nan nan nan nan nan nan nan
nan nan -2.470511061015569609e+00 -2.787278141428241263e+00 -2.965335242498551960e+00 -3.027765840819266696e+00 -2.808374707331475761e+00 -1.988841338893369670e+00 nan nan nan nan nan nan nan nan nan nan nan nan nan nan nan nan nan nan nan nan
nan -2.364367153949125999e+00 -2.873116014288960685e+00 -3.153153434073199257e+00 -3.417758351545225004e+00 -3.730834221245611815e+00 -3.896709502683244786e+00 -4.069358315924754166e+00 -1.339511363752815987e+00 nan nan nan nan nan nan nan nan nan nan nan nan nan nan nan nan nan nan nan
-1.916017990940161786e+00 -3.024752399481923870e+00 -3.531209932898499382e+00 -3.736305417654892214e+00 -4.188273077130055810e+00 -4.829676845568487309e+00 -5.435396093884537372e+00 -5.805317744878751185e+00 -5.328395490453871730e+00 -3.180265929102112921e-01 nan nan nan nan nan nan nan nan nan nan nan nan nan nan nan nan nan nan
-2.718671163596867668e+00 -3.814539719390422690e+00 -4.181264407262151650e+00 -4.505092727764854921e+00 -5.072152924199599511e+00 -5.981175431795893616e+00 -6.515833608497624496e+00 -7.044739695649922417e+00 -6.853398323694864125e+00 nan nan nan nan nan nan nan nan nan nan nan nan nan nan nan nan nan nan nan
-3.466397563762221079e+00 -4.301290177738094300e+00 -4.777729341023901455e+00 -5.361644569713708286e+00 -5.944827071357067894e+00 -6.926015457131407871e+00 -7.266352019332161127e+00 -7.634100339864721363e+00 -7.303097635113589448e+00 nan nan nan nan nan nan nan nan nan nan nan nan nan nan nan nan nan nan nan
-4.452945972589413159e+00 -5.237594301339226988e+00 -5.673984439734694796e+00 -6.115049269608181071e+00 -6.795995627060263722e+00 -7.778581976096412554e+00 -8.091764498493789759e+00 -7.989412224376391869e+00 -6.811058372402287731e+00 nan nan nan nan nan nan nan nan nan nan nan nan nan nan nan nan nan nan nan
nan -6.181821100232350652e+00 -6.692211157194837057e+00 -7.051167047040575397e+00 -7.663510204761085021e+00 -8.642504583083113090e+00 -9.047869168123892081e+00 -8.252864789322771344e+00 -5.806069799118189323e+00 -2.041366838044954779e+00 nan nan nan nan nan nan nan nan nan nan nan nan nan nan nan nan nan nan
nan -6.863050700535406889e+00 -7.622035522089086079e+00 -7.998542229701310902e+00 -8.551024852267630649e+00 -9.609455408835625434e+00 -9.791329782658683811e+00 -9.005392651794654313e+00 -6.942602925922808588e+00 -3.110662395214538023e+00 nan nan nan nan nan nan nan nan nan nan nan nan nan nan nan nan nan nan
nan -7.277064033972626689e+00 -8.053166111084177459e+00 -8.322434354932404688e+00 -8.612836358257700553e+00 -9.834660856194490819e+00 -1.054749297991916279e+01 -9.725522048958136878e+00 -7.942172352894989906e+00 -3.772903267050351506e+00 nan nan nan nan nan nan nan nan nan nan nan nan nan nan nan nan nan nan
nan nan -7.809239965932394334e+00 -7.951529663989067132e+00 -7.698561463713129882e+00 -8.970409229161775855e+00 -1.093800955503468941e+01 -1.028827057630107689e+01 -8.879078823660373487e+00 -4.565639685026192218e+00 nan nan nan nan nan nan nan nan nan nan nan nan nan nan nan nan nan nan
nan nan -5.236929366683287235e+00 -5.163835470307138742e+00 -6.356214350017545200e+00 nan -1.086067599141219020e+01 -1.052093625604393345e+01 -9.632601121033935954e+00 -6.138495905707723743e+00 nan nan nan nan nan nan nan nan nan nan nan nan nan nan nan nan nan nan
nan nan nan nan nan nan -1.003955781096961886e+01 -1.016782750072855102e+01 -9.702539686515688544e+00 -7.074788301512755062e+00 nan nan -2.146389707815859360e+00 nan nan nan nan nan nan nan nan nan nan nan nan nan nan nan
nan nan nan nan nan -8.065878240213246286e+00 -9.148952719126667077e+00 -9.088195516151566622e+00 -8.320667935437978002e+00 -7.531678014874918503e+00 nan nan nan nan nan nan nan nan nan nan nan nan nan nan nan nan nan nan
nan nan nan nan nan -8.290989973644844468e+00 -8.502014615463696856e+00 -7.815974208663351241e+00 -6.301742663805315559e+00 -4.208580000955651990e+00 -5.147292366764579796e-01 nan nan nan nan nan nan nan nan nan nan nan nan nan nan nan nan nan
nan nan nan nan nan -7.347729685111086262e+00 -7.703967389434370538e+00 -7.126071279279491577e+00 -5.397234182002372371e+00 -2.500158718676130043e+00 1.421352480273266883e-01 1.377249420757489906e+00 nan 1.917578053999191123e+00 nan nan nan nan nan nan nan nan nan nan nan nan nan nan
nan nan nan nan nan -6.941918971541153560e+00 -7.068645744767396266e+00 -6.653259376474711217e+00 -5.771943230488726151e+00 -4.153426774379005870e+00 -1.882309201087889461e+00 -1.519626471564385906e-01 4.346145200213593074e-01 4.224093483295211504e-01 1.567084602453043596e+00 nan nan nan nan nan nan nan nan nan nan nan nan nan
nan nan nan nan nan -6.612431601745138998e+00 -6.684604018105481771e+00 -6.356801951931434047e+00 -5.664036675400758725e+00 -4.697070259359888311e+00 -3.482487137210668937e+00 -2.495476017296101912e+00 -1.238067839518948610e+00 -7.681897731668411167e-01 -4.867359695342916570e-01 1.992984130470226489e+00 1.724374826294147178e+00 nan nan nan nan nan nan nan nan nan nan nan
nan nan nan nan nan nan -6.580299863442601982e+00 -6.211200502335651130e+00 -5.562131960433337241e+00 -4.774032128183534951e+00 -3.799354380554429422e+00 -3.297229243422275413e+00 -2.643833530491568773e+00 -1.152505093442736550e+00 -2.563223361217938367e-01 7.087132625426629806e-01 1.611979109223331319e+00 2.160579147524794852e+00 nan nan nan nan nan nan nan nan nan nan
nan nan nan nan nan nan nan -6.020467226034758923e+00 -5.283010855002705064e+00 -4.439602260577863113e+00 -3.740527697982919175e+00 -3.453934196680350954e+00 -3.186431658992817884e+00 -2.049017943431989508e+00 -4.590354001983810717e-01 8.875412968755123089e-01 1.682208187654901321e+00 2.454423733723352985e+00 3.484269699745513815e+00 nan nan 3.909613394368934625e+00 nan nan nan nan nan nan
nan nan nan nan nan nan nan -5.719576099858782570e+00 -5.046772031033329498e+00 -4.214994973305571158e+00 -3.471073073091593741e+00 -3.125796195680588418e+00 -2.929080150732859877e+00 -2.089753671610443675e+00 -8.603996800013252733e-01 4.180445490228879013e-01 1.304248734499418472e+00 2.082027506628459701e+00 2.514169804815554965e+00 2.669478606386238351e+00 2.358155325234232436e+00 1.976602242939222487e+00 3.009771649146847139e+00 nan nan nan nan nan
nan nan nan nan nan nan nan nan -4.694515555862207812e+00 -3.947830479333576559e+00 -3.191532547474671411e+00 -2.686092386306049740e+00 -2.423051618873911295e+00 -1.917122997413748919e+00 -9.692412897820245066e-01 -9.633665478725525824e-03 9.314935813082148020e-01 1.391011561785567840e+00 1.861575337358463145e+00 2.067287664153254934e+00 1.891515704868632630e+00 1.940718511993341444e+00 2.276725344914523941e+00 3.148986069629061912e+00 nan 4.109029241962197432e+00 2.860237614477394885e+00 nan
nan nan nan nan nan nan nan nan nan -3.635482839308291414e+00 -2.817071788732774973e+00 -2.417089261099330866e+00 -2.017360975956062230e+00 -1.594251224458715921e+00 -1.066099520951992563e+00 -2.315424687901384282e-01 8.257885869045783478e-01 1.114569093558593016e+00 1.401454815547354071e+00 1.647611989844890656e+00 1.752646983910555400e+00 1.969042558585316627e+00 2.243165753867692569e+00 2.548042176186432695e+00 nan 3.532980854451435615e+00 2.347610954846288678e+00 nan
nan nan nan nan nan nan nan nan nan nan -2.437166327098730267e+00 -1.976008357188062003e+00 -1.828213297562956141e+00 -1.371557089527775553e+00 -1.213948154063626994e+00 -4.271868442869115601e-01 6.404448917739558045e-01 1.446227385638410468e+00 1.625255038064214119e+00 1.833566938117604073e+00 1.991476643589188633e+00 2.126809288892374639e+00 1.887779640476211496e+00 1.623218972055586740e+00 1.793423884352765452e+00 9.048499733475067197e-01 1.144967378333198588e-01 nan
nan nan nan nan nan nan nan nan nan nan nan nan -1.567341565718957108e+00 -1.364273245465697615e+00 -1.153432581336506280e+00 -3.870558269666208862e-01 6.023559597267774679e-01 1.431638786796236573e+00 2.029508880150631356e+00 2.444568361077000151e+00 2.587096469624875716e+00 2.173441649777186235e+00 1.345923131631794112e+00 3.983054813525989113e-01 -3.831460335675337392e-01 -1.182799824112342968e+00 -1.331097692177277914e+00 nan
nan nan nan nan nan nan nan nan nan nan nan nan nan -1.178415100546203131e+00 -9.071738007817055083e-01 -1.580344431523661164e-01 7.008304837188473746e-01 1.455388630862228583e+00 2.111450603825038019e+00 2.528869260868352953e+00 2.762245663934099760e+00 2.253488367794751035e+00 1.075373764881996763e+00 -1.952449603354761976e-01 -1.025185971520745865e+00 -2.045303522231804116e+00 -2.589468620911449026e+00 nan
nan nan nan nan nan nan nan nan nan nan nan nan nan nan nan 3.875845199008715047e-02 9.159510959968555355e-01 1.559357765643365257e+00 2.072179591292353074e+00 2.425875270802634986e+00 2.232270645182938829e+00 1.220240895136981640e+00 1.232556475323374895e-01 -8.356329653186459483e-01 -1.786387059063615279e+00 -2.757417807568207646e+00 -3.519342670943545581e+00 nan
nan nan nan nan nan nan nan nan nan nan nan nan nan nan nan nan nan 1.650089270397768759e+00 1.912754210000312538e+00 1.774183084437469082e+00 6.317070776971791535e-01 -2.263314006247151844e-01 -5.811385630261765023e-01 -1.144732944343790582e+00 -2.390598950949088586e+00 -3.385594042218567967e+00 -4.316082550371510784e+00 nan
nan nan nan nan nan nan nan nan nan nan nan nan nan nan nan nan nan nan nan nan -1.162848405525962470e+00 nan nan -1.284900209893867551e+00 -2.630791402481650110e+00 -3.313976303156060954e+00 nan nan
