nan nan nan 6.205638628332130757e+00 5.931432357999751659e+00 4.967736345872327597e+00 nan nan nan nan nan nan nan nan nan nan nan nan nan nan nan nan nan nan nan nan nan nan
nan nan 6.461156391409801358e+00 6.334705613041730743e+00 5.757558804951291798e+00 4.394026925784047855e+00 2.635230203216443634e+00 nan nan nan nan nan nan nan nan nan nan nan nan nan nan nan nan nan nan nan nan nan
nan nan 6.778556462083907164e+00 6.589098275554468920e+00 5.866864541751387385e+00 4.302965506196200884e+00 2.784390213669816205e+00 1.610726302005534905e+00 nan nan nan nan nan nan nan nan nan nan nan nan nan nan nan nan nan nan nan nan
nan 7.132307213083570296e+00 7.266963565462825514e+00 6.943782814681639159e+00 6.062790200188130640e+00 4.697693504430032085e+00 3.932975500337000163e+00 2.840659662584665401e+00 2.395549555037603806e+00 nan nan nan nan nan nan nan nan nan nan nan nan nan nan nan nan nan nan nan
7.299942913767683450e+00 7.586807371574182390e+00 7.640560184422554357e+00 7.300247074152999005e+00 6.482932168584384591e+00 5.583751303335737326e+00 5.017284282713745824e+00 3.892554182346824376e+00 2.214242335148327800e+00 2.646813757777949361e-01 nan nan nan nan nan nan nan nan nan nan nan nan nan nan nan nan nan nan
7.818751539860150146e+00 7.933700879927617855e+00 7.880848033232213723e+00 7.433816536274424180e+00 6.868287453057703829e+00 6.173381119565044095e+00 5.320109263988842763e+00 3.939854771023186597e+00 1.015476961210612261e+00 nan nan nan nan nan nan nan nan nan nan nan nan nan nan nan nan nan nan nan
8.081016997495661158e+00 8.070033639773456002e+00 7.946454666053164750e+00 7.504885757654122358e+00 6.968173335493472287e+00 6.270490657027546710e+00 4.978479322458604805e+00 2.957157399215949223e+00 -4.001829667261629364e-01 nan nan nan nan nan nan nan nan nan nan nan nan nan nan nan nan nan nan nan
8.177125841707709952e+00 8.182434127188939144e+00 7.973640236342967036e+00 7.716018554340851487e+00 7.274412285239113984e+00 6.330832184526980377e+00 4.617111743153943237e+00 2.532666901910372914e+00 -5.109393167554219239e-01 nan nan nan nan nan nan nan nan nan nan nan nan nan nan nan nan nan nan nan
nan 8.173305922633161913e+00 8.134289309449030725e+00 7.886271980351099664e+00 7.341979590093439256e+00 6.241596309295124101e+00 4.810858320221991669e+00 2.611300274420035983e+00 4.790153765323650337e-01 -1.430851882180299017e-01 nan nan nan nan nan nan nan nan nan nan nan nan nan nan nan nan nan nan
nan 8.291076223074037799e+00 8.173615300343449519e+00 7.828863310944389475e+00 7.257866589432372173e+00 6.291403118322573818e+00 5.207530018991634257e+00 3.083356714814096122e+00 1.358217370440566674e+00 4.200632384615426429e-01 nan nan nan nan nan nan nan nan nan nan nan nan nan nan nan nan nan nan
nan 8.320337240299322090e+00 7.959264103367309495e+00 7.527875135104156179e+00 6.976545815482518620e+00 6.218493159682385141e+00 5.464456599228490141e+00 3.272162175484183422e+00 1.360915155444777369e+00 2.509639896752170474e-01 nan nan nan nan nan nan nan nan nan nan nan nan nan nan nan nan nan nan
nan nan 7.618449201725527864e+00 7.138931779657371912e+00 6.179411415069806068e+00 5.864299381466833161e+00 5.320539919955556307e+00 3.003925083073375024e+00 5.620935246253958573e-01 -6.550935588268288479e-01 nan nan nan nan nan nan nan nan nan nan nan nan nan nan nan nan nan nan
nan nan 5.435504831109595258e+00 4.745067939344266961e+00 4.439576717423382668e+00 nan 5.016107442524693205e+00 2.695036339495927802e+00 -9.328103965447812063e-02 -8.295895537312147905e-01 nan nan nan nan nan nan nan nan nan nan nan nan nan nan nan nan nan nan
nan nan nan nan nan nan 4.613848308149119504e+00 2.734125592824827145e+00 -8.506714312804024292e-02 -7.673232071969876555e-01 nan nan 1.293338318216931404e-01 nan nan nan nan nan nan nan nan nan nan nan nan nan nan nan
nan nan nan nan nan 4.576096003158323988e+00 4.413495758811940561e+00 2.401338829270099229e+00 9.264877705662420693e-02 -9.253038381026171821e-01 nan nan nan nan nan nan nan nan nan nan nan nan nan nan nan nan nan nan
nan nan nan nan nan 5.856911724807508435e+00 4.644327263528055916e+00 2.107590655840513083e+00 4.472541279720829155e-01 -3.350094675331427019e-01 5.214998588469215157e-01 nan nan nan nan nan nan nan nan nan nan nan nan nan nan nan nan nan
nan nan nan nan nan 5.427896699786389334e+00 4.097174469250143503e+00 2.373085281280665981e+00 1.351886072314337328e+00 1.304606948062170924e+00 1.918788556201828310e+00 1.772965209941602005e+00 nan 2.114313448018370512e+00 nan nan nan nan nan nan nan nan nan nan nan nan nan nan
nan nan nan nan nan 5.008305439039576257e+00 3.847798773540626271e+00 2.871509271221247328e+00 2.431043126823614120e+00 2.261593079729633082e+00 2.152461761539567142e+00 1.945034832552770876e+00 1.660689295043161984e+00 1.583529525477640920e+00 2.283205808639471091e+00 nan nan nan nan nan nan nan nan nan nan nan nan nan
nan nan nan nan nan 4.827392110797148916e+00 4.038701439581431352e+00 3.661322266409165138e+00 3.444618859812206058e+00 2.926587489834661326e+00 2.653517840547216178e+00 2.106358200053593421e+00 1.353268589734358374e+00 9.660274215968115419e-01 9.069245219162070937e-01 2.690311651548501715e+00 2.348308685963807374e+00 nan nan nan nan nan nan nan nan nan nan nan
nan nan nan nan nan nan 4.738403385240285814e+00 4.643486615431112519e+00 4.226155445391704291e+00 3.714549242275054564e+00 3.208761628120937015e+00 1.925775980321980274e+00 1.248905263619497497e+00 9.654297359474023343e-01 9.964604413229352087e-01 1.477579888791575646e+00 2.008493789007533170e+00 2.449314858529429983e+00 nan nan nan nan nan nan nan nan nan nan
nan nan nan nan nan nan nan 5.359910684324285413e+00 4.848039192664970187e+00 4.190174325495410024e+00 3.265201580410669102e+00 2.008269228252895111e+00 1.212315685769504769e+00 1.232035604149368080e+00 1.601099587038500527e+00 2.117673072186542438e+00 2.679398698622022845e+00 3.649268971272181972e+00 4.369128149726224208e+00 nan nan 4.275375347085064170e+00 nan nan nan nan nan nan
nan nan nan nan nan nan nan 5.879042506564260862e+00 5.279850781888671740e+00 4.318103120312825283e+00 3.096580251298793218e+00 2.235621224051146605e+00 1.555787731835960530e+00 1.452466595615576672e+00 2.054644485484785843e+00 2.594654361786560948e+00 3.091200072178296399e+00 3.179142298820382351e+00 2.990556382447884687e+00 2.588476326370527936e+00 1.949994542786393170e+00 1.447658662409836650e+00 2.476702544849340715e+00 nan nan nan nan nan
nan nan nan nan nan nan nan nan 5.492603684211553983e+00 4.300637961835993117e+00 3.160010598622202238e+00 2.644241328802912072e+00 2.093376996002981993e+00 1.912102343981830321e+00 2.413927324957765741e+00 2.783179338710754624e+00 2.873334711923047458e+00 2.718740645375908649e+00 2.423728868865632879e+00 1.942522880680080277e+00 1.264277831176340738e+00 1.111661180055357523e+00 1.278817322368579479e+00 2.420529943896613911e+00 nan 4.374132965613281243e+00 3.141110611540939068e+00 nan
nan nan nan nan nan nan nan nan nan 4.414590894714799596e+00 3.377626335126065804e+00 3.057544949792628586e+00 2.663694422702751918e+00 2.360398570940610785e+00 2.547763046157350164e+00 2.704989315331974176e+00 2.647623489758315518e+00 2.316098870607361526e+00 1.886818281850277224e+00 1.672186269237671885e+00 1.543059556271295429e+00 1.613612510349180518e+00 1.772900739510221646e+00 2.271136002516129349e+00 nan 4.979394919119785712e+00 5.020619961729885006e+00 nan
nan nan nan nan nan nan nan nan nan nan 3.760552387149091569e+00 3.500917029223209909e+00 3.135157279960136378e+00 2.793780437922865012e+00 2.725663795661518396e+00 2.640827401837395616e+00 2.446088221689098230e+00 1.872492821743284797e+00 1.736078087007605575e+00 1.822297195800413050e+00 1.899792732549459462e+00 2.020216718572481085e+00 2.051026672568525111e+00 2.477519687922189018e+00 3.595141678318227285e+00 4.362391114863991781e+00 4.467886411735005225e+00 nan
nan nan nan nan nan nan nan nan nan nan nan nan 3.378279043741663212e+00 2.998311379907929730e+00 2.917149243024698357e+00 2.676796418537856770e+00 2.174650155208460056e+00 1.137286552173275567e+00 1.082776818687506637e+00 1.665606721726542006e+00 2.024163944047896013e+00 2.091482913215728878e+00 2.100840393652403382e+00 2.160454155421592581e+00 2.658057313374574182e+00 2.999314364793411958e+00 2.747533459743043416e+00 nan
nan nan nan nan nan nan nan nan nan nan nan nan nan 3.370332698418164075e+00 3.322088978516652968e+00 2.896046037173086507e+00 1.666753521349573219e+00 9.223243820732370812e-01 1.024763262225345084e+00 1.441080240587171435e+00 1.705279083875428592e+00 1.863481073926902987e+00 1.765057020912965013e+00 1.701253325181295128e+00 1.887567598848218342e+00 1.698712408795665763e+00 1.118683692366218230e+00 nan
nan nan nan nan nan nan nan nan nan nan nan nan nan nan nan 2.774226154312288362e+00 1.525975391363836975e+00 1.241437759216588610e+00 1.197918028776191246e+00 1.186344473153059687e+00 7.404159923500105434e-01 5.545437994795943126e-01 8.448483643273007049e-01 1.131109014269404467e+00 1.197066884972975087e+00 8.981430485552011067e-01 2.925573071257928648e-01 nan
nan nan nan nan nan nan nan nan nan nan nan nan nan nan nan nan nan 1.186297911452693921e+00 7.386426961429314320e-01 3.889655632097617499e-02 -3.927669643746142802e-01 -8.858212082142076227e-01 -5.337673660115401786e-01 4.290264469559866289e-01 6.670597326942150351e-01 7.661781148965461918e-01 -4.514499743555862310e-02 nan
nan nan nan nan nan nan nan nan nan nan nan nan nan nan nan nan nan nan nan nan -1.580616547602178290e+00 nan nan -1.210390464707869623e-01 1.622790160763282197e-01 3.421337645330639887e-01 nan nan
