nan nan nan -5.479852662711097722e+00 -5.719244919995934318e+00 -5.957046120496873876e+00 nan nan nan nan nan nan nan nan nan nan nan nan nan nan nan nan nan nan nan nan nan nan
nan nan -6.104374369594666838e+00 -6.010975361826192298e+00 -6.063313335361850243e+00 -6.452216730354641605e+00 -5.751841836662555885e+00 nan nan nan nan nan nan nan nan nan nan nan nan nan nan nan nan nan nan nan nan nan
nan nan -6.777498423910047975e+00 -6.982092517931822506e+00 -6.585641048020478117e+00 -6.400759983864643843e+00 -5.969123567785501017e+00 -3.330794322192401680e+00 nan nan nan nan nan nan nan nan nan nan nan nan nan nan nan nan nan nan nan nan
nan -7.971749696796935680e+00 -7.663060047924308726e+00 -7.274542668269678991e+00 -6.722447160386876952e+00 -6.506510251955997859e+00 -6.414560571973076719e+00 -4.782635275885738224e+00 -1.446636804190576386e+00 nan nan nan nan nan nan nan nan nan nan nan nan nan nan nan nan nan nan nan
-8.235651174672568686e+00 -8.045161108738374978e+00 -7.698821471294055918e+00 -7.251786136458353127e+00 -6.754413372938472548e+00 -6.607157626680225881e+00 -6.913349071425511028e+00 -6.118868661886263105e+00 -5.034075486168836377e+00 -6.859703501542833148e-01 nan nan nan nan nan nan nan nan nan nan nan nan nan nan nan nan nan nan
-8.125775554772204146e+00 -7.837012075520812360e+00 -7.511720678066902579e+00 -7.196003878040537316e+00 -6.757090475011509056e+00 -6.638006158215279839e+00 -6.861170915930252967e+00 -6.597572347060192577e+00 -5.690131912421328764e+00 nan nan nan nan nan nan nan nan nan nan nan nan nan nan nan nan nan nan nan
-7.766949759479727433e+00 -7.525394487014107625e+00 -7.346052726883333328e+00 -6.992932239267879879e+00 -6.605610578295115332e+00 -6.294715448843518857e+00 -6.547703037095748968e+00 -6.616047070932788543e+00 -5.294443758250761967e+00 nan nan nan nan nan nan nan nan nan nan nan nan nan nan nan nan nan nan nan
-7.194452395202893591e+00 -7.288021994625964339e+00 -7.105004488787874273e+00 -6.546985684481038348e+00 -5.967283056269834240e+00 -5.701132856700271923e+00 -6.007480042966429679e+00 -6.114894701278539735e+00 -4.576988023388235405e+00 nan nan nan nan nan nan nan nan nan nan nan nan nan nan nan nan nan nan nan
nan -6.910600537740998028e+00 -6.554992142394323373e+00 -5.890326606480055460e+00 -5.320940557297423545e+00 -5.335665624068302471e+00 -5.614071672678843328e+00 -5.713694519351917300e+00 -3.499813698684390406e+00 -1.655700908313745501e+00 nan nan nan nan nan nan nan nan nan nan nan nan nan nan nan nan nan nan
nan -6.420482453457085903e+00 -5.783405856583873295e+00 -5.125081987985736554e+00 -4.572733006805694167e+00 -5.084431391253996679e+00 -5.408606855688439019e+00 -6.113840658526815020e+00 -4.441258949403014356e+00 -2.342200400287535178e+00 nan nan nan nan nan nan nan nan nan nan nan nan nan nan nan nan nan nan
nan -5.785972192001263892e+00 -5.233936769458591876e+00 -4.736679910863726306e+00 -4.398960783955923048e+00 -5.349161151380101842e+00 -5.374246699575546238e+00 -5.978332052497275839e+00 -4.720948838249827695e+00 -2.509973163404124463e+00 nan nan nan nan nan nan nan nan nan nan nan nan nan nan nan nan nan nan
nan nan -5.023102990252191979e+00 -4.596571401182461436e+00 -4.582909493666794454e+00 -4.932151484386098517e+00 -5.468828514316932399e+00 -5.639630007772253428e+00 -4.504952723292392491e+00 -2.402035011328039094e+00 nan nan nan nan nan nan nan nan nan nan nan nan nan nan nan nan nan nan
nan nan -3.609054106634812076e+00 -2.710289479965442450e+00 -3.766356075035914408e+00 nan -5.347421624846760757e+00 -5.229784814697400641e+00 -4.530336043555315939e+00 -2.897215985104315550e+00 nan nan nan nan nan nan nan nan nan nan nan nan nan nan nan nan nan nan
nan nan nan nan nan nan -5.087607867668793915e+00 -5.407967070545427468e+00 -4.523245342437140160e+00 -3.190635212044524049e+00 nan nan -1.109389179685315474e+00 nan nan nan nan nan nan nan nan nan nan nan nan nan nan nan
nan nan nan nan nan -4.363248824439434514e+00 -4.828149415578974590e+00 -5.531421591760202539e+00 -4.830353383118911381e+00 -3.641340429888963115e+00 nan nan nan nan nan nan nan nan nan nan nan nan nan nan nan nan nan nan
nan nan nan nan nan -4.201747450913517312e+00 -4.535812119466847925e+00 -4.670757997185264188e+00 -3.989598294937969136e+00 -2.968321164497448539e+00 -6.210842334454048652e-01 nan nan nan nan nan nan nan nan nan nan nan nan nan nan nan nan nan
nan nan nan nan nan -3.374367633628178709e+00 -3.655190985127158676e+00 -3.587883142485028820e+00 -3.066773051109502823e+00 -2.035749261507755925e+00 -6.712567233378244902e-01 1.087835432955293946e+00 nan 1.773368605807599474e+00 nan nan nan nan nan nan nan nan nan nan nan nan nan nan
nan nan nan nan nan -2.255065018227100371e+00 -2.612905378613546326e+00 -2.649041381618466140e+00 -2.280985256526399052e+00 -1.292670421351121757e+00 -6.365093218334790803e-01 3.157068638846319275e-01 7.722654403536768353e-01 5.390625194139195830e-01 8.293177786905795434e-01 nan nan nan nan nan nan nan nan nan nan nan nan nan
nan nan nan nan nan -1.569970170790894626e+00 -1.885191200356385099e+00 -1.985831337214574388e+00 -1.636323628717065048e+00 -8.337971967050152866e-01 -2.240447680165070787e-01 -4.065463526865681354e-02 2.617232768118139541e-01 5.373694792305552248e-01 5.223459422644556316e-01 1.394216374563070016e+00 9.276608895359284013e-01 nan nan nan nan nan nan nan nan nan nan nan
nan nan nan nan nan nan -1.243604429385903432e+00 -1.249081369791802176e+00 -9.079020257014163153e-01 -4.521151994831025811e-01 1.102336628284718845e-01 4.086010419051290254e-01 5.317773793245138547e-01 8.279664313296164480e-01 9.306779993163697418e-01 8.925763102013649641e-01 7.595232866760531776e-01 8.777414153817025833e-01 nan nan nan nan nan nan nan nan nan nan
nan nan nan nan nan nan nan -7.145371980757541097e-01 -4.221369951327709202e-01 -1.823069109124200449e-01 1.278303627259085307e-01 7.206915276946972426e-01 9.009412623238152173e-01 9.375651215755474999e-01 8.566265907999249807e-01 9.519068087346351792e-01 9.540913961118756559e-01 1.299454175909128484e+00 2.045575789692025914e+00 nan nan 2.399360169106536045e+00 nan nan nan nan nan nan
nan nan nan nan nan nan nan -3.739929060128957539e-01 -2.503528368121598069e-01 -2.662623626344484129e-01 -3.457881912805297886e-01 2.073309232730430607e-01 9.010758770905882287e-01 8.472886556092865673e-01 9.951703245721953417e-01 8.445585782329679825e-01 8.806344858900760908e-01 1.262624888570657244e+00 1.392649868017159065e+00 1.297046997886744713e+00 1.227027602381794091e+00 1.037615707713938518e+00 2.086551921348319905e+00 nan nan nan nan nan
nan nan nan nan nan nan nan nan -2.509856506685139155e-01 -8.814587484913933846e-01 -8.881930157816337879e-01 -3.633354973475198535e-01 1.269098915876483991e-01 6.405802114440729556e-01 9.414557293488359235e-01 9.868640418293276317e-01 6.235488491892426932e-01 6.159422113829317036e-01 7.656341335343885834e-01 9.439722530296541514e-01 1.153886049382882639e+00 1.421827376000665666e+00 1.121964651444102401e+00 1.839570831648122962e+00 nan 3.337081456933129520e+00 2.508063068563646691e+00 nan
nan nan nan nan nan nan nan nan nan -1.005795211832259062e+00 -8.352877646536081002e-01 -5.239638351061748356e-01 -2.070719179960190393e-01 2.512627305470193639e-01 5.638638434134558564e-01 6.594571257228429850e-01 8.260460724979776792e-01 6.813733891053660452e-01 7.244037310507681626e-01 7.068570680311044852e-01 7.498287473640553591e-01 9.497297232141289625e-01 1.104912622402909994e+00 1.506850381637927283e+00 nan 5.072279871257607375e+00 3.592840691524731511e+00 nan
nan nan nan nan nan nan nan nan nan nan -7.918653237918564791e-01 -8.447133753824933589e-01 -6.160517590047562830e-01 -1.651882847529774490e-01 2.807940187295380752e-01 4.493595343201680081e-01 8.776663429063152888e-01 1.302199611041469529e+00 1.207791675820233390e+00 9.049132966165840397e-01 8.357194681811813686e-01 9.435440777516889144e-01 1.086783912990433754e+00 1.721546830109144111e+00 3.037056765912644174e+00 3.169303315875814597e+00 2.690844917198795816e+00 nan
nan nan nan nan nan nan nan nan nan nan nan nan -7.832293876520579623e-01 -5.235994214304590111e-01 -1.128164773141739630e-01 4.826631333738693463e-01 8.102543385242114704e-01 1.036880902133858084e+00 1.090459589096326232e+00 1.030161941750256993e+00 8.318709575071819851e-01 6.755905978128372569e-01 9.021381490513900037e-01 1.252614330695363210e+00 1.691595676633164569e+00 1.843712121978407836e+00 1.663650640585882190e+00 nan
nan nan nan nan nan nan nan nan nan nan nan nan nan -6.800597531576959565e-01 -2.902400641418866889e-01 2.114700422776130684e-01 5.855587582430368254e-01 8.606423195593979614e-01 8.352224101740096662e-01 5.209590702718791544e-01 3.861729981540872880e-01 4.543668475266798290e-01 3.413261260027610766e-01 4.562341287527941214e-01 8.215380587258591660e-01 8.786424500030671769e-01 5.951088533337273168e-01 nan
nan nan nan nan nan nan nan nan nan nan nan nan nan nan nan -2.698627044581688450e-01 2.641016773367868553e-01 6.273431776751311473e-01 4.740059829278666093e-01 1.420556606447812842e-01 -4.444061507166965908e-01 -7.806593537328234689e-01 -7.308257235045532152e-01 -5.895509813331528681e-01 -2.597254339926203803e-01 -6.216187017789559510e-02 -2.303611202491263610e-01 nan
nan nan nan nan nan nan nan nan nan nan nan nan nan nan nan nan nan -9.363231707889280164e-02 -1.749230853637080974e-01 -9.946868926196016369e-01 -1.498084330089450411e+00 -1.749769823205369779e+00 -2.380730830111680962e+00 -1.451195581232620935e+00 -9.867597268839053415e-01 -6.726523779493397415e-01 -8.213963260622788587e-01 nan
nan nan nan nan nan nan nan nan nan nan nan nan nan nan nan nan nan nan nan nan -2.953156393573157956e+00 nan nan -1.867785656070179101e+00 -1.325844831915307553e+00 -1.035826859583282022e+00 nan nan
