nan nan nan 7.448626524869672139e+00 5.984684717706843848e+00 4.230307146719609612e+00 nan nan nan nan nan nan nan nan nan nan nan nan nan nan nan nan nan nan nan nan nan nan
nan nan 8.054426752542019230e+00 6.910548860430628437e+00 5.459846459758627368e+00 4.088237200287032636e+00 2.785190286416022953e+00 nan nan nan nan nan nan nan nan nan nan nan nan nan nan nan nan nan nan nan nan nan
nan nan 7.647592045604610256e+00 6.488878365957322814e+00 5.415603949296938779e+00 4.734323077837887972e+00 3.840973149036192691e+00 2.953829649285870662e+00 nan nan nan nan nan nan nan nan nan nan nan nan nan nan nan nan nan nan nan nan
nan 7.897099752392406025e+00 7.276219317347053739e+00 6.359105168653112372e+00 5.778022094753641369e+00 5.252061226156913953e+00 4.364906370983788975e+00 3.406160778567316694e+00 2.632461025748755734e+00 nan nan nan nan nan nan nan nan nan nan nan nan nan nan nan nan nan nan nan
8.054965831291742262e+00 7.698067281407693585e+00 7.131035561754912599e+00 6.546414549419240281e+00 6.113370739924279818e+00 5.359256449340964679e+00 4.141907625955989936e+00 2.263975178275448030e+00 3.529205415080125530e-01 -1.645411509503552361e-01 nan nan nan nan nan nan nan nan nan nan nan nan nan nan nan nan nan nan
7.942026549027215054e+00 7.556151548962556141e+00 7.057366300015247340e+00 6.734568220067845168e+00 6.231975995527011314e+00 5.130030836491659585e+00 3.568612064007293139e+00 1.261563106368863041e+00 -1.290076952398361509e+00 nan nan nan nan nan nan nan nan nan nan nan nan nan nan nan nan nan nan nan
7.862172471699016008e+00 7.385959763555210777e+00 6.984331369740031548e+00 6.639620839521092499e+00 6.043250470719080170e+00 4.839603181158669720e+00 3.125929695684148246e+00 5.818774760607134944e-01 -1.666663982357776019e+00 nan nan nan nan nan nan nan nan nan nan nan nan nan nan nan nan nan nan nan
7.840617991278183929e+00 7.339054851489412279e+00 6.892660936305897934e+00 6.464415358775967846e+00 5.859026027274250481e+00 4.625063383338591905e+00 2.590194278899666358e+00 1.390612930970409056e-01 -1.344275792457706897e+00 nan nan nan nan nan nan nan nan nan nan nan nan nan nan nan nan nan nan nan
nan 7.294417393145526063e+00 6.783838191565236819e+00 6.290704403520036792e+00 5.605928752882991972e+00 4.194253111418295710e+00 2.080372054076459420e+00 -2.151469027118716459e-01 -5.155690006899890099e-01 -3.786557274647128213e-01 nan nan nan nan nan nan nan nan nan nan nan nan nan nan nan nan nan nan
nan 7.162548862847583742e+00 6.612675703991285125e+00 6.084905833887517268e+00 5.091915920468981227e+00 3.441609102132636266e+00 1.516002088018783889e+00 -6.593155157418155721e-01 -1.048733461497047825e+00 -1.675390280385173014e+00 nan nan nan nan nan nan nan nan nan nan nan nan nan nan nan nan nan nan
nan 7.127138772926355337e+00 6.311735889128357258e+00 5.579662731587653468e+00 4.370321675657619309e+00 2.782329450109486402e+00 1.049891965046712006e+00 -6.769499325462577932e-01 -1.436963811764037535e+00 -2.507857257403351081e+00 nan nan nan nan nan nan nan nan nan nan nan nan nan nan nan nan nan nan
nan nan 5.616899168326153990e+00 4.696562334744109890e+00 3.383995421389155212e+00 2.289903956443488209e+00 8.107164516416920375e-01 -7.149969872514921887e-01 -1.709588884285751176e+00 -2.535312625858966218e+00 nan nan nan nan nan nan nan nan nan nan nan nan nan nan nan nan nan nan
nan nan 3.792899060451321969e+00 3.010699112897191387e+00 2.118982644195723353e+00 nan 9.455801978770439487e-01 -6.608335660874373740e-01 -1.527704300413246674e+00 -1.835398268308443770e+00 nan nan nan nan nan nan nan nan nan nan nan nan nan nan nan nan nan nan
nan nan nan nan nan nan 1.281059925841247615e+00 -3.587790810383160306e-02 -8.482929462258272935e-01 -9.467273958589766947e-01 nan nan -1.186463334330138508e+00 nan nan nan nan nan nan nan nan nan nan nan nan nan nan nan
nan nan nan nan nan 2.023025406319467923e+00 1.157075458636596332e+00 5.514851246856549150e-01 -2.706651898679418022e-01 -1.131834131669567034e+00 nan nan nan nan nan nan nan nan nan nan nan nan nan nan nan nan nan nan
nan nan nan nan nan 2.753099849532413934e+00 1.857749317981113757e+00 1.001802952790715295e+00 4.093271212679016613e-01 -2.038703886201644333e-01 8.493447415300825476e-01 nan nan nan nan nan nan nan nan nan nan nan nan nan nan nan nan nan
nan nan nan nan nan 2.200050653882401175e+00 1.939833904228982941e+00 1.199195588171070082e+00 9.781345930188767301e-01 8.948721061873707860e-01 1.005657158061202150e+00 8.779672940113246726e-01 nan 1.294590009161304289e+00 nan nan nan nan nan nan nan nan nan nan nan nan nan nan
nan nan nan nan nan 1.803574232700145608e+00 1.846283913952670552e+00 1.372520429571532086e+00 1.301447677484665277e+00 1.270119503263932970e+00 8.095267610182521612e-01 5.970538734936030600e-01 1.652596174749871860e-01 4.980448658516618138e-02 6.765522608313437880e-01 nan nan nan nan nan nan nan nan nan nan nan nan nan
nan nan nan nan nan 1.628763973764840500e+00 1.530664957638116608e+00 1.338828527969878834e+00 1.375683302841633759e+00 1.458022506167136134e+00 1.126818316120220764e+00 6.102319488625089772e-01 1.724413805931367949e-01 -2.391532222507265770e-01 -6.534412745015326651e-01 6.814806710021001912e-01 8.476093507373374525e-01 nan nan nan nan nan nan nan nan nan nan nan
nan nan nan nan nan nan 1.563559577698638847e+00 1.504397074461594652e+00 1.448304559224837140e+00 1.524161026805322949e+00 1.333679474582164959e+00 9.284971360558864628e-01 1.463500612571749238e-01 -5.181650041417119601e-01 -8.152022646571377429e-01 -2.410737053194506041e-02 8.351028668491100593e-01 1.791971636869794215e+00 nan nan nan nan nan nan nan nan nan nan
nan nan nan nan nan nan nan 1.593880569248548484e+00 1.628505591312452427e+00 1.606384317858601252e+00 1.477672241110096207e+00 9.931839197020753129e-01 1.325136055899513166e-01 -5.621753079442759482e-01 -9.573142796440187174e-01 -8.541356302238728437e-01 -5.926229584390866334e-01 2.602263218628259739e-02 1.061109609415483851e-01 nan nan 1.801298050447649679e+00 nan nan nan nan nan nan
nan nan nan nan nan nan nan 1.737959806253817074e+00 1.784336359230165092e+00 1.722708976582734142e+00 1.471988285861651091e+00 1.102035080174977200e+00 3.160733788017451307e-01 -4.047682097784253141e-01 -1.106819578045769692e+00 -1.369544538454446014e+00 -1.648044792069605302e+00 -1.739193857662270082e+00 -1.482076962682673971e+00 -8.721983192240378990e-01 -3.612512742679424016e-01 -2.236451238848875811e-01 8.345604148623013696e-01 nan nan nan nan nan
nan nan nan nan nan nan nan nan 1.894132527619239337e+00 1.882926577922283462e+00 1.702965249247348600e+00 1.299456268571199669e+00 5.231872746790717787e-01 -3.671731796888944022e-01 -1.162025378059754255e+00 -1.624797148103378719e+00 -2.011554733602550549e+00 -2.355646472484702603e+00 -2.265244891357664603e+00 -1.699623108666149962e+00 -1.240843899399779460e+00 -1.004499762896523096e+00 -5.367963141170976060e-01 3.866485527133279310e-01 nan 1.199045602527263554e+00 6.983853795992899238e-01 nan
nan nan nan nan nan nan nan nan nan 2.145280402309126533e+00 1.621528821362262729e+00 1.253822918066767489e+00 5.795643547479838453e-01 -3.052804799951269188e-01 -1.042679197667098379e+00 -1.765720455073473749e+00 -2.157745774936874916e+00 -2.351245069867882176e+00 -2.403319219795294615e+00 -2.235716342862083650e+00 -1.923760390769606143e+00 -1.755769941699138137e+00 -1.428620880104355617e+00 -6.175212479742139271e-01 nan 1.674025164575271563e-01 -6.283607131887753994e-01 nan
nan nan nan nan nan nan nan nan nan nan 1.867383957811785233e+00 1.334148833650071753e+00 7.193004723283643598e-01 -8.232902384490045633e-02 -7.943684751972651670e-01 -1.422436596632145722e+00 -1.790537299914025882e+00 -1.902271550600029393e+00 -2.101229153990296084e+00 -2.205333577531109590e+00 -2.213409525490836138e+00 -2.042865817735677769e+00 -1.622355764166083070e+00 -8.998978359318200448e-01 -1.615012138846912970e-01 -4.278736566658827845e-01 -1.079773420303899334e+00 nan
nan nan nan nan nan nan nan nan nan nan nan nan 8.860648816040999076e-01 3.401084612138434160e-01 -1.956585991426980642e-01 -6.225585918525136098e-01 -1.102896017875841350e+00 -1.229961437216102960e+00 -1.567999149905345169e+00 -1.716404025849285198e+00 -1.988098782125743424e+00 -1.871908286160071544e+00 -1.562206380263339023e+00 -1.179743316755615057e+00 -9.069376142288610998e-01 -8.861842159046781076e-01 -9.339498238540363539e-01 nan
nan nan nan nan nan nan nan nan nan nan nan nan nan 6.699722454967310670e-01 3.761163780693893566e-01 1.058560772243555687e-01 -2.495503418688700681e-01 -4.654317436863529833e-01 -9.593481762638017551e-01 -1.120218640810092481e+00 -1.402787346829237114e+00 -1.629243765603776373e+00 -1.429870561691042097e+00 -1.408719574420876919e+00 -1.219008979348754185e+00 -9.840883271774484298e-01 -7.942740898262288241e-01 nan
nan nan nan nan nan nan nan nan nan nan nan nan nan nan nan 8.029792452166280015e-01 6.353007426490818732e-01 3.141239995358188763e-01 -1.693355415273855025e-01 -3.459443724040338064e-01 -5.935592474274776764e-01 -1.021694288380375459e+00 -1.203984321441479821e+00 -1.570446918412927051e+00 -1.321672009387220958e+00 -8.852369446850805179e-01 -5.631947388955382827e-01 nan
nan nan nan nan nan nan nan nan nan nan nan nan nan nan nan nan nan 9.856178268561530675e-01 6.394066031330624122e-01 2.634999627490223761e-01 -6.477635182570943284e-01 -1.159724627648009987e+00 -6.769734684398981406e-01 -1.371608882363090753e+00 -1.225102432741650649e+00 -6.714845636593937961e-01 -2.921439910122196615e-01 nan
nan nan nan nan nan nan nan nan nan nan nan nan nan nan nan nan nan nan nan nan -1.044864889996455437e+00 nan nan -1.207485727175262147e+00 -9.263742959438586722e-01 -4.030373452238708021e-01 nan nan
