nan nan nan 2.671803994108372216e+00 1.957951158319194418e+00 7.161600718683045486e-01 nan nan nan nan nan nan nan nan nan nan nan nan nan nan nan nan nan nan nan nan nan nan
nan nan 1.112254090455753630e+00 9.914353826243683665e-01 2.896145080340014055e-01 -7.893887789759808093e-01 -1.792997603790089434e+00 nan nan nan nan nan nan nan nan nan nan nan nan nan nan nan nan nan nan nan nan nan
nan nan 5.275684951866853600e-01 1.789422840729822661e-01 -4.122101851507130044e-01 -1.130614732108195186e+00 -1.737371425179634388e+00 -4.951041426345976770e-01 nan nan nan nan nan nan nan nan nan nan nan nan nan nan nan nan nan nan nan nan
nan 2.450428699284859790e-01 1.704826903435596175e-01 -2.109672316090183131e-01 -6.393492836961321979e-01 -1.182999375071000170e+00 -1.305924192821904306e+00 -8.051296850232447788e-01 -3.148752437049409103e-01 nan nan nan nan nan nan nan nan nan nan nan nan nan nan nan nan nan nan nan
-1.403699893297874202e-01 -7.661828052905073072e-02 -1.142842758056850094e-01 -3.421249672022813049e-01 -7.028647778236239985e-01 -1.083007197463404125e+00 -1.298509125856844859e+00 -1.449585154784316154e+00 -3.043162286252127924e+00 -2.066592391491506309e+00 nan nan nan nan nan nan nan nan nan nan nan nan nan nan nan nan nan nan
-3.877067685768860739e-01 -2.594785184233590614e-01 -3.141605464649141477e-01 -4.901977657493340468e-01 -7.440650152464376443e-01 -9.526959084725435956e-01 -1.247809478423382634e+00 -2.147111995931799910e+00 -4.349478138167153674e+00 nan nan nan nan nan nan nan nan nan nan nan nan nan nan nan nan nan nan nan
-6.687077266396895814e-01 -4.146808660729816576e-01 -4.384672258849140469e-01 -5.954864345790876756e-01 -7.488673853118118506e-01 -7.912078177255891243e-01 -1.002513413515470075e+00 -2.437952521787736693e+00 -3.875349267002249132e+00 nan nan nan nan nan nan nan nan nan nan nan nan nan nan nan nan nan nan nan
-8.759540134470163997e-01 -5.834234212386165686e-01 -5.087528334363586868e-01 -5.758843557981451200e-01 -5.116643839481391787e-01 -3.943575405641296938e-01 -5.960204776471419441e-01 -2.058529406453464716e+00 -3.080665872340439204e+00 nan nan nan nan nan nan nan nan nan nan nan nan nan nan nan nan nan nan nan
nan -7.225529593485227053e-01 -5.999460184269783669e-01 -4.267725318594992046e-01 -1.574621923712780369e-01 -3.596445998637489566e-02 -5.011436106696198767e-01 -2.012759146206475336e+00 -2.154853971024208725e+00 -1.551653205401935631e+00 nan nan nan nan nan nan nan nan nan nan nan nan nan nan nan nan nan nan
nan -8.885918891620332438e-01 -6.410016660208609496e-01 -2.128666477997570305e-01 1.274192976083589335e-01 5.325319128191124615e-03 -8.231887122820764624e-01 -2.313044705215792529e+00 -3.029713575118009761e+00 -3.674336158673391584e+00 nan nan nan nan nan nan nan nan nan nan nan nan nan nan nan nan nan nan
nan -1.055544342389499901e+00 -6.968591416312629461e-01 -2.929018055172678478e-02 3.325547820734455207e-01 -8.261757670390661168e-02 -1.182857024262953693e+00 -2.748482055500225396e+00 -3.885107075224637718e+00 -4.808307342527343486e+00 nan nan nan nan nan nan nan nan nan nan nan nan nan nan nan nan nan nan
nan nan -6.561147439599932518e-01 3.755548217344646389e-01 4.180460078714541838e-01 -2.028110327456965900e-01 -1.590787546430348254e+00 -2.757110346456642880e+00 -4.065424747626250834e+00 -4.853381029435599459e+00 nan nan nan nan nan nan nan nan nan nan nan nan nan nan nan nan nan nan
nan nan -3.398129312896606691e-01 6.690322494333222902e-01 -9.841421489930565758e-02 nan -1.855646446416385542e+00 -2.628362204555299009e+00 -4.003425636223587603e+00 -4.960393016416995593e+00 nan nan nan nan nan nan nan nan nan nan nan nan nan nan nan nan nan nan
nan nan nan nan nan nan -1.770712942426893033e+00 -2.355994592465862958e+00 -3.790718615003063174e+00 -4.260024575823138093e+00 nan nan -2.826396815609099278e+00 nan nan nan nan nan nan nan nan nan nan nan nan nan nan nan
nan nan nan nan nan -8.318478586711911538e-01 -1.559081813554862306e+00 -1.984403345728632306e+00 -3.246609368025076048e+00 -4.381598864900441370e+00 nan nan nan nan nan nan nan nan nan nan nan nan nan nan nan nan nan nan
nan nan nan nan nan -8.386913645065655620e-01 -1.207416032378628490e+00 -1.440007941726894281e+00 -2.307576213209383109e+00 -2.574643239875318734e+00 -3.856143570875866788e-01 nan nan nan nan nan nan nan nan nan nan nan nan nan nan nan nan nan
nan nan nan nan nan -8.015925186740703312e-01 -7.901126862104390636e-01 -9.099570013824255232e-01 -1.217247287579880322e+00 -8.748985850012780396e-01 1.312275521484431995e-01 1.071623886565362893e+00 nan 1.145353261736769435e+00 nan nan nan nan nan nan nan nan nan nan nan nan nan nan
nan nan nan nan nan -3.795241022981681311e-01 -7.207364958214648731e-02 -1.806291589804058240e-01 -3.778430990753992580e-01 -3.413598912481757841e-02 3.296675236686266164e-01 3.058232422415736451e-01 3.616123294131257659e-01 2.163401094725101170e-01 9.590540621569445534e-01 nan nan nan nan nan nan nan nan nan nan nan nan nan
nan nan nan nan nan 3.318315856413761034e-01 5.459737287183952237e-01 4.868728286558061669e-01 3.652005098602361666e-01 5.178560160375245136e-01 3.834041405599970531e-01 6.288608089404380819e-02 2.342093277812941632e-01 4.412319213889844827e-01 5.502347203616342330e-01 1.652702429231522663e+00 1.263832073806763434e+00 nan nan nan nan nan nan nan nan nan nan nan
nan nan nan nan nan nan 1.065703607860349011e+00 1.077596106044851121e+00 1.108552123658995248e+00 1.191220257514279179e+00 9.407502158341696230e-01 5.770470420034288228e-01 5.236056599276477375e-01 8.618416727296306368e-01 1.239171854926968575e+00 1.210818995177656232e+00 7.127082667539677008e-01 8.257831950971031842e-01 nan nan nan nan nan nan nan nan nan nan
nan nan nan nan nan nan nan 1.642736708532598788e+00 1.770025756097005187e+00 1.823713013716115050e+00 1.613764044506709627e+00 1.412882179034689711e+00 1.163001302188207742e+00 1.339648659225758376e+00 1.580177441048156162e+00 1.651672760611386348e+00 1.335904274469282615e+00 1.443247188686282101e+00 2.009800717602488795e+00 nan nan 2.330824328961530689e+00 nan nan nan nan nan nan
nan nan nan nan nan nan nan 2.253361574781136412e+00 2.386101026654932067e+00 2.407824969330896625e+00 2.159452546130104178e+00 2.118395520276868282e+00 1.930034682615207053e+00 1.780375544266317167e+00 1.890983599984848329e+00 1.850141011883971842e+00 1.609150214429011738e+00 1.572574141620925570e+00 1.611223731409812565e+00 1.417050059507902970e+00 1.112905193044299912e+00 6.555379427786458546e-01 1.493272401155583351e+00 nan nan nan nan nan
nan nan nan nan nan nan nan nan 3.236081280747562960e+00 3.130199192368772643e+00 2.778484474476216270e+00 2.553913137780044806e+00 2.483677102625819089e+00 1.981962558957406584e+00 1.604653006379952229e+00 1.664357395850138976e+00 1.676842985917217810e+00 1.137974636528382044e+00 1.053630845476561717e+00 8.323970117550877346e-01 6.118671002311759644e-01 5.832723549653631157e-01 4.362477520659043817e-01 9.117231652762467498e-01 nan 2.518663819205841037e+00 1.587627403356375311e+00 nan
nan nan nan nan nan nan nan nan nan 3.813551361621787095e+00 3.186771624626391741e+00 2.984052325671793238e+00 2.957201401627097326e+00 2.473477010796035547e+00 1.780170384733795075e+00 1.216291312075103548e+00 1.414677390449025740e+00 1.061462389527679573e+00 4.492184452426336572e-01 2.680975601314376511e-01 2.348440958563385861e-01 4.824323769963071995e-01 6.099692143712932557e-01 6.194892775021152431e-01 nan 2.910744432920455260e+00 2.336314690567097063e+00 nan
nan nan nan nan nan nan nan nan nan nan 3.894663719352566833e+00 3.581002791465308643e+00 3.402591164022563675e+00 2.956934402845960985e+00 2.175691077240508253e+00 1.422514743520839842e+00 9.634583307288866472e-01 9.304462141346394599e-01 4.952819410284055035e-01 2.087400655054933996e-01 1.697688601030717184e-02 2.927093491564565220e-01 6.450695943283981659e-01 1.028513036581501172e+00 1.827506481373325276e+00 2.720586134325827743e+00 3.487437188483657469e+00 nan
nan nan nan nan nan nan nan nan nan nan nan nan 3.894110982240655439e+00 3.364066004488897477e+00 2.470325135139194828e+00 1.730310059970209480e+00 1.034340791274225513e+00 5.972055667999254247e-01 4.368779109310374498e-01 4.783445719070332780e-01 2.115804937593776247e-01 2.930776417621979157e-01 7.100623444147082797e-01 1.200051167791160500e+00 1.937543546057616473e+00 2.819807922725423577e+00 3.655768945803282488e+00 nan
nan nan nan nan nan nan nan nan nan nan nan nan nan 3.649894147676715495e+00 2.541012470624996578e+00 2.126070620732660732e+00 1.554984187905178006e+00 7.050166030174311871e-01 3.660000461971840147e-01 2.767729597408759012e-01 3.297435807588749435e-01 3.442178716376617098e-01 5.786189341337332204e-01 1.284591917379548809e+00 1.979667953734790764e+00 2.703211226780096066e+00 3.395187750642037816e+00 nan
nan nan nan nan nan nan nan nan nan nan nan nan nan nan nan 2.415608956838569465e+00 2.083873877313682232e+00 1.185797247163377977e+00 6.206038327072229688e-01 2.315156916602554571e-01 1.607369236773733834e-01 -2.225725925537602456e-01 -1.108909396853367951e-01 1.173951383627345857e+00 1.964572884632917793e+00 2.585275983748122286e+00 3.144177885744461776e+00 nan
nan nan nan nan nan nan nan nan nan nan nan nan nan nan nan nan nan 1.682136251046266295e+00 5.854814229277376381e-01 2.479789614591485225e-01 3.566930358523486833e-01 -4.618233256190185654e-01 -1.331285802753030101e+00 1.008937733006314286e+00 2.132871569632627029e+00 2.672628520471327374e+00 3.022984557695926444e+00 nan
nan nan nan nan nan nan nan nan nan nan nan nan nan nan nan nan nan nan nan nan -9.810764283352998438e-01 nan nan 1.411913396200082715e+00 2.359008237079469605e+00 2.812941216782048670e+00 nan nan
