nan nan nan 2.001250220124140888e+00 1.860024020644345244e+00 8.190104659392833941e-01 nan nan nan nan nan nan nan nan nan nan nan nan nan nan nan nan nan nan nan nan nan nan
nan nan 1.104803473337910624e+00 1.742592638497401314e+00 1.625201414968187485e+00 7.958858906720014392e-01 -1.593794765520339662e-01 nan nan nan nan nan nan nan nan nan nan nan nan nan nan nan nan nan nan nan nan nan
nan nan 7.846230461529215550e-01 1.348297187612763182e+00 1.312751256535130029e+00 8.431316344436661225e-01 2.315475597264583518e-01 7.514146044701253135e-02 nan nan nan nan nan nan nan nan nan nan nan nan nan nan nan nan nan nan nan nan
nan -2.554627531934805518e-01 2.896565610269613567e-01 7.767896824758317997e-01 9.214649761778305193e-01 8.813270260578589532e-01 5.712415244901354328e-01 1.037125408173442467e-02 1.005007910283138226e-02 nan nan nan nan nan nan nan nan nan nan nan nan nan nan nan nan nan nan nan
-5.045525203015619464e-01 -2.866303908830670766e-01 2.713949569334300760e-01 5.979702572660102744e-01 7.024122704994574251e-01 6.822204527857168577e-01 4.004987236309617837e-01 -3.973625742954707829e-01 -9.923536317977014187e-01 -8.838647336545677469e-01 nan nan nan nan nan nan nan nan nan nan nan nan nan nan nan nan nan nan
-3.116987250291090583e-01 -3.224841492250257041e-02 3.338491790513820057e-01 4.517022035999244123e-01 5.268001554957640886e-01 4.842114687625739822e-01 1.832102275078619502e-01 -3.269487571291489481e-01 -1.062994849169042633e+00 nan nan nan nan nan nan nan nan nan nan nan nan nan nan nan nan nan nan nan
5.091457984628940114e-02 2.230250656676711629e-01 4.739859237448168505e-01 5.780191482376654255e-01 5.106115300067095575e-01 5.086636301324189979e-01 3.003717191513173290e-01 -3.085755424308714301e-01 -1.144312099039196617e+00 nan nan nan nan nan nan nan nan nan nan nan nan nan nan nan nan nan nan nan
4.343215773662540413e-01 5.396668769535722943e-01 6.614895233857659429e-01 6.653988787227292923e-01 5.680714597934901633e-01 4.621362637248585536e-01 7.724572622508879549e-02 -3.755728444697687407e-01 -8.191890365733940360e-01 nan nan nan nan nan nan nan nan nan nan nan nan nan nan nan nan nan nan nan
nan 7.894074511420210438e-01 7.963442746618611956e-01 6.932080027209810424e-01 5.417979871818369153e-01 3.010854008752741340e-01 -1.609173623754060201e-01 -3.347130026911884770e-02 -1.537065331891598052e-01 8.437761745441553496e-02 nan nan nan nan nan nan nan nan nan nan nan nan nan nan nan nan nan nan
nan 8.325725609066698674e-01 6.852607920847199052e-01 5.076909090629426746e-01 9.680693568860128384e-02 -3.698924352354564515e-01 -5.793734431385945127e-01 -3.766322909229093963e-01 -2.286532968313095271e-01 -6.368820946520293846e-01 nan nan nan nan nan nan nan nan nan nan nan nan nan nan nan nan nan nan
nan 8.162518632259861961e-01 4.204746847605608240e-01 -1.488074746666392945e-02 -4.981918670404518190e-01 -9.449226874116017916e-01 -1.035464337225034059e+00 -9.230545407082137999e-01 -9.665904005326093618e-01 -1.261801316410330775e+00 nan nan nan nan nan nan nan nan nan nan nan nan nan nan nan nan nan nan
nan nan 1.979316790541639226e-01 -4.703342858621389344e-01 -7.829833665917181884e-01 -1.167636741630118324e+00 -1.153440397384738469e+00 -1.138282847291164801e+00 -9.045048517945389888e-01 -5.275027137636237873e-01 nan nan nan nan nan nan nan nan nan nan nan nan nan nan nan nan nan nan
nan nan -4.922849061035122764e-02 -6.257225590031055829e-01 -9.984843749442671168e-01 nan -9.243279600110947403e-01 -3.834148560306894216e-01 -1.110996095294916053e-01 8.477857164763159536e-01 nan nan nan nan nan nan nan nan nan nan nan nan nan nan nan nan nan nan
nan nan nan nan nan nan -3.289785702783871169e-01 2.232741464372322016e-01 4.978092856166060898e-01 1.570457747073689792e+00 nan nan 2.699027385769543486e-01 nan nan nan nan nan nan nan nan nan nan nan nan nan nan nan
nan nan nan nan nan -7.930102967889458565e-01 -9.073567089995249191e-02 5.518477335466588363e-01 1.047507006892257619e+00 1.597354287039694176e+00 nan nan nan nan nan nan nan nan nan nan nan nan nan nan nan nan nan nan
nan nan nan nan nan -1.181071051172203207e-01 6.765648141854438968e-01 1.296237853765594750e+00 1.807629566437929824e+00 2.022742662043508499e+00 1.107297698049161117e+00 nan nan nan nan nan nan nan nan nan nan nan nan nan nan nan nan nan
nan nan nan nan nan 4.956174664193189194e-01 9.697675998424903909e-01 1.688874552938142148e+00 2.410317045985915119e+00 2.511865136788045128e+00 2.054143216130780658e+00 1.093874383051809618e+00 nan 1.347376002622740820e+00 nan nan nan nan nan nan nan nan nan nan nan nan nan nan
nan nan nan nan nan 6.348156679215722908e-01 1.084191299942262710e+00 1.561652057625508183e+00 2.165325607992694579e+00 2.617847693965005273e+00 2.615799845795299117e+00 1.924251599639347443e+00 8.135173905422564689e-01 2.856638250502929743e-01 5.912734230691938375e-01 nan nan nan nan nan nan nan nan nan nan nan nan nan
nan nan nan nan nan 7.349873850913296591e-01 1.073267666038249635e+00 1.443206467845425278e+00 1.819202983571150734e+00 2.337534150891430684e+00 2.738013485650708567e+00 2.492647070284472743e+00 1.448791291621843502e+00 3.017149276505802225e-01 -1.610465159257679357e-01 9.437835394025284597e-01 8.642614416283773693e-01 nan nan nan nan nan nan nan nan nan nan nan
nan nan nan nan nan nan 1.078145696587900160e+00 1.412024515978299144e+00 1.736275560750111913e+00 2.256137033425233973e+00 2.714403106495329343e+00 2.699051007917148137e+00 2.098954022751512660e+00 9.683873761536299085e-01 2.468916949604050837e-01 3.458274666825933985e-01 5.056426600221235468e-01 1.040366158165223709e+00 nan nan nan nan nan nan nan nan nan nan
nan nan nan nan nan nan nan 1.522331542204749644e+00 1.816207546221939140e+00 2.193998668869331148e+00 2.506390147538051227e+00 2.598050606000459339e+00 2.201845217954468303e+00 1.175427099158269373e+00 5.460928598252930977e-01 6.084004095390054268e-01 8.146681561149498041e-01 1.192888806593566775e+00 1.661631557808925574e+00 nan nan 3.425544001603420430e+00 nan nan nan nan nan nan
nan nan nan nan nan nan nan 1.629283540095779692e+00 1.812187667928813140e+00 2.016027523274969369e+00 2.171288890515353120e+00 2.236016618077042217e+00 1.926471590956723157e+00 1.037324912435026336e+00 3.251109054529299214e-01 1.837926093072691780e-01 2.521894507562407184e-01 6.130106025180687146e-01 8.594019424579627531e-01 1.191024316425917551e+00 1.412474862175138846e+00 1.429478350168309930e+00 1.944740523175087388e+00 nan nan nan nan nan
nan nan nan nan nan nan nan nan 1.578046515206965594e+00 1.791546462632798375e+00 2.128177495212039361e+00 1.947025377099497856e+00 1.489940208902924557e+00 7.750810452325856970e-01 1.273484785863545354e-01 -1.550256662905504790e-01 -2.801243335805659873e-01 -1.957352084839413253e-01 1.648405902061633732e-01 2.699327741817960646e-01 3.037288488709114498e-01 3.046025117199381849e-01 3.467972138057283660e-01 8.787094806035128380e-01 nan 3.431213492971197709e+00 2.885688499756014380e+00 nan
nan nan nan nan nan nan nan nan nan 1.743319974149843743e+00 1.793225757942258802e+00 1.720650137979520045e+00 1.268618408259409192e+00 7.130168420711866517e-01 1.499542906816702104e-01 -2.044061172860442976e-01 -3.126498465522598025e-01 -1.832992464812344471e-02 8.795734257273207790e-02 -1.830362557406327029e-01 -1.564841182956794585e-01 -1.016355541101916782e-01 7.253720126480941999e-03 6.513500796234743540e-01 nan 3.392954088484763986e+00 2.806714935791811527e+00 nan
nan nan nan nan nan nan nan nan nan nan 1.779718298337096050e+00 1.573508118627760188e+00 1.188474485208812714e+00 7.140854776456253550e-01 1.609627077946521601e-01 -2.772334742359197635e-01 -4.214147977629139064e-01 -5.525614046208503216e-02 2.659384971181998347e-01 -2.788857121317337429e-01 -5.613492458409840014e-01 -3.566699689993056421e-01 -4.836617769452918741e-02 7.180219636684552764e-01 1.895378684384919410e+00 2.618180700736590705e+00 2.909578433434596434e+00 nan
nan nan nan nan nan nan nan nan nan nan nan nan 1.166529533271678742e+00 7.519910790487045471e-01 2.300263368799367047e-01 -2.884319847886601118e-01 -4.263380380449643403e-01 -2.423709006041053771e-01 -2.348506454819013489e-01 -7.456705506146117379e-01 -8.038023256418784790e-01 -6.863720595212500220e-01 -3.463366587348637449e-01 2.918019192422257602e-01 1.092138820813725708e+00 1.733949710152540735e+00 2.321481006417974502e+00 nan
nan nan nan nan nan nan nan nan nan nan nan nan nan 7.320729019211971167e-01 5.729267164316225180e-01 7.562751025473234134e-02 -2.898663406549319421e-01 -3.433200999975869472e-01 -5.459984848016727899e-01 -1.113255425939222443e+00 -1.438036256909217547e+00 -1.401994041546771319e+00 -1.016863069527122354e+00 -2.225556096126864170e-01 5.071328507675982866e-01 1.124880189064548786e+00 1.760481227181579067e+00 nan
nan nan nan nan nan nan nan nan nan nan nan nan nan nan nan 4.618552027587688458e-01 -2.145512936275346672e-01 -3.829800606312540046e-01 -8.186934320489095418e-01 -1.362702448663276833e+00 -1.883077448180384916e+00 -2.136337993466835616e+00 -1.732334126668422680e+00 -6.452160405105453744e-01 -3.437003945529965628e-03 7.411549998446229637e-01 1.481639452157055281e+00 nan
nan nan nan nan nan nan nan nan nan nan nan nan nan nan nan nan nan -5.310371905182005303e-01 -1.261403414756733454e+00 -1.703465645849765675e+00 -2.211982641685718676e+00 -2.354715027356315993e+00 -2.341415362567237590e+00 -1.112107630564705962e+00 -3.990441668583972756e-01 3.414518936713765163e-01 1.098981162487760788e+00 nan
nan nan nan nan nan nan nan nan nan nan nan nan nan nan nan nan nan nan nan nan -2.335971265962552224e+00 nan nan -1.398574377111225342e+00 -5.995837531019970745e-01 -2.568830873530821013e-02 nan nan
