nan nan nan 7.570149725842626687e+00 6.140655061434709516e+00 4.261556717822260865e+00 nan nan nan nan nan nan nan nan nan nan nan nan nan nan nan nan nan nan nan nan nan nan
nan nan 8.396912192787196361e+00 7.131898377194921146e+00 5.505634763024058742e+00 3.114224784322329853e+00 6.801224438220571100e-01 nan nan nan nan nan nan nan nan nan nan nan nan nan nan nan nan nan nan nan nan nan
nan nan 7.826403530825622568e+00 6.316802275144610235e+00 4.500018804408735029e+00 2.463589230621459958e+00 7.548168898852892772e-01 6.687035990721991174e-01 nan nan nan nan nan nan nan nan nan nan nan nan nan nan nan nan nan nan nan nan
nan 8.357993696708632569e+00 7.136388601062769510e+00 5.706685880307249548e+00 4.264847776957216396e+00 2.720884287383556810e+00 1.820314530801451891e+00 2.092406419732567358e+00 3.597022328314700257e+00 nan nan nan nan nan nan nan nan nan nan nan nan nan nan nan nan nan nan nan
9.088051313488698213e+00 8.095799808641835682e+00 6.783963320199913660e+00 5.369041189442791406e+00 4.094772562897952106e+00 2.823008651339354191e+00 1.977711406033087815e+00 1.457542508108877310e+00 8.632149052872888362e-01 5.215091731170242717e-01 nan nan nan nan nan nan nan nan nan nan nan nan nan nan nan nan nan nan
8.913012054101169923e+00 7.855001404061419557e+00 6.489388743078765565e+00 5.127985394621751958e+00 3.724689794908358387e+00 2.378251108445891937e+00 1.129135249991667367e+00 -4.769336111871876338e-01 -2.519410085896716112e+00 nan nan nan nan nan nan nan nan nan nan nan nan nan nan nan nan nan nan nan
8.685012231010135864e+00 7.475046348845999944e+00 6.145432113126974016e+00 4.769833044769087316e+00 3.332001426896859630e+00 1.851278794141640649e+00 7.599942628229315600e-02 -1.858210640108664435e+00 -3.044037391116400038e+00 nan nan nan nan nan nan nan nan nan nan nan nan nan nan nan nan nan nan nan
8.302342335178716226e+00 7.055874211042918454e+00 5.489494963249773818e+00 4.189216046122860249e+00 2.864301914024190765e+00 1.365831495114659067e+00 -4.687275752522819805e-01 -2.266303348191032185e+00 -2.794848229735809486e+00 nan nan nan nan nan nan nan nan nan nan nan nan nan nan nan nan nan nan nan
nan 6.301632130053527625e+00 5.101806203237460480e+00 4.122663064919231957e+00 2.881820604005717268e+00 1.165373722656135147e+00 -1.186682163385351041e+00 -2.985307558791734373e+00 -2.691848668639035491e+00 -6.666185777173976312e-01 nan nan nan nan nan nan nan nan nan nan nan nan nan nan nan nan nan nan
nan 5.841820797241060959e+00 4.857701382378505350e+00 3.874552388515988266e+00 2.574654897179779134e+00 4.368057466763924923e-01 -2.476693816326226205e+00 -4.309691103135197210e+00 -4.721210224884713647e+00 -3.217379869991124242e+00 nan nan nan nan nan nan nan nan nan nan nan nan nan nan nan nan nan nan
nan 5.396994542513136039e+00 4.247948714785866997e+00 3.149969996213299872e+00 1.685423891479108427e+00 -8.977879261117933662e-01 -3.594121367156272395e+00 -5.186196683708378607e+00 -6.024014589271267539e+00 -4.854992108730917799e+00 nan nan nan nan nan nan nan nan nan nan nan nan nan nan nan nan nan nan
nan nan 3.458437682043769446e+00 2.252382019397881852e+00 7.633696313650599752e-01 -2.125451996075784944e+00 -4.212441965282039291e+00 -5.579183236187362560e+00 -6.629432980925647811e+00 -5.624868400982423466e+00 nan nan nan nan nan nan nan nan nan nan nan nan nan nan nan nan nan nan
nan nan 2.009946768241130499e+00 7.701207741382931626e-01 -7.526759769604078887e-01 nan -4.512741335913483809e+00 -5.505448321127014211e+00 -6.348107463249064608e+00 -5.769003917994162123e+00 nan nan nan nan nan nan nan nan nan nan nan nan nan nan nan nan nan nan
nan nan nan nan nan nan -4.282312716505511929e+00 -5.143153913489668660e+00 -5.979436170601430511e+00 -4.728832479993564597e+00 nan nan -3.063391927468547493e+00 nan nan nan nan nan nan nan nan nan nan nan nan nan nan nan
nan nan nan nan nan -2.062245107898300400e+00 -3.440257788526143834e+00 -4.713772689572906849e+00 -5.608814214051644598e+00 -4.884685725703209691e+00 nan nan nan nan nan nan nan nan nan nan nan nan nan nan nan nan nan nan
nan nan nan nan nan -1.672269774800839715e+00 -2.890372765250307729e+00 -4.189829295589448499e+00 -4.557735896997932912e+00 -3.146757022345087140e+00 1.997422422462254987e-01 nan nan nan nan nan nan nan nan nan nan nan nan nan nan nan nan nan
nan nan nan nan nan -1.711017870399356600e+00 -2.795149871063268954e+00 -3.838623572823691266e+00 -4.067647364116321107e+00 -2.733503866889291256e+00 -4.725175550377077593e-01 9.602323241959198619e-01 nan 1.314787821678758961e+00 nan nan nan nan nan nan nan nan nan nan nan nan nan nan
nan nan nan nan nan -1.465220959747357554e+00 -2.215696619093728170e+00 -3.155327448036976179e+00 -3.761221880838551801e+00 -3.324451231177741217e+00 -2.218327508033424156e+00 -7.584240390122884978e-01 -2.027618388983675746e-01 -4.592521805846271343e-01 5.751774706626210376e-01 nan nan nan nan nan nan nan nan nan nan nan nan nan
nan nan nan nan nan -1.198925054957267866e+00 -1.731276630083451007e+00 -2.440555554430494212e+00 -3.107507141921464822e+00 -2.897960191204395297e+00 -2.450217731945428579e+00 -1.822013721887136617e+00 -1.032098285980777908e+00 -8.384812327558870404e-01 -8.788687744114531686e-01 1.025762490209833233e+00 9.276939525452936319e-01 nan nan nan nan nan nan nan nan nan nan nan
nan nan nan nan nan nan -1.507074442240498913e+00 -1.888111296457985810e+00 -2.488607048359199769e+00 -2.566777908490753379e+00 -2.116616334602048344e+00 -1.642906956448003886e+00 -1.488642588267972577e+00 -1.219824315162028050e+00 -6.629260676074119063e-01 3.806195905720387018e-01 1.058219071772850572e+00 1.770092627117353601e+00 nan nan nan nan nan nan nan nan nan nan
nan nan nan nan nan nan nan -1.833624935521620980e+00 -2.154066719853676037e+00 -2.531805114082109398e+00 -2.458764179048329890e+00 -2.203382264419715852e+00 -1.987764617923818644e+00 -1.507151418319836456e+00 -7.558372591034359100e-01 1.188447481121726185e-01 6.448684046046784246e-01 1.057058631015665551e+00 1.349486274750365755e+00 nan nan 2.355744130485606380e+00 nan nan nan nan nan nan
nan nan nan nan nan nan nan -1.717036786495641731e+00 -1.907535174207986906e+00 -2.474696809919417984e+00 -3.114019135884146916e+00 -3.171160271889859938e+00 -2.719348033648931739e+00 -2.172409397278978638e+00 -1.507321443575684539e+00 -5.744164524350757750e-01 2.101587252546326945e-01 5.256056501758099575e-01 1.782231712686083991e-01 -4.947953224255838833e-01 -1.237268160329207944e+00 -1.637623949195427198e+00 -3.850232453123481426e-04 nan nan nan nan nan
nan nan nan nan nan nan nan nan -2.011792415726913585e+00 -2.711287258891074803e+00 -3.195258595967852333e+00 -3.441505456994248924e+00 -3.402658741707611956e+00 -3.153712079000198898e+00 -2.731231347052396341e+00 -1.955728413541280908e+00 -1.027070584918748475e+00 -9.072487269156425116e-01 -1.300021793689448035e+00 -2.121313332528248274e+00 -2.783760859601235982e+00 -3.026864710171270012e+00 -2.298704181824613890e+00 -6.261806045297489964e-01 nan 8.989854876272025397e-01 8.421667504040315777e-02 nan
nan nan nan nan nan nan nan nan nan -3.188076704683114215e+00 -3.480936856358197939e+00 -3.749958299825862262e+00 -4.001301949847324124e+00 -4.016958131712049962e+00 -3.729314134219815724e+00 -3.280269398018126559e+00 -2.956256060156468468e+00 -2.779724520146896971e+00 -2.618090797450152607e+00 -2.826985634435322581e+00 -3.196853741589220643e+00 -3.431166404775086498e+00 -3.267784999698150283e+00 -2.773602233083245050e+00 nan -6.252691747820467993e-01 -1.520485571969501626e+00 nan
nan nan nan nan nan nan nan nan nan nan -4.091048524653761120e+00 -4.233038345764287058e+00 -4.501679082136448073e+00 -4.514034951915424365e+00 -4.316490698467864817e+00 -4.049841641878543896e+00 -3.705083677573628886e+00 -3.250273173249865533e+00 -2.852498630190682505e+00 -2.880430176157170230e+00 -3.301955832424408488e+00 -3.461654875715070467e+00 -3.338565342039357731e+00 -3.183099949605166845e+00 -2.478258482475047320e+00 -2.193951711419884543e+00 -2.163240790330118291e+00 nan
nan nan nan nan nan nan nan nan nan nan nan nan -4.807576746482726371e+00 -4.949378859828978960e+00 -4.867518093058964546e+00 -4.472251461867403854e+00 -3.952231925010299296e+00 -3.289835000716767599e+00 -2.565251223979422512e+00 -2.127997506192439658e+00 -2.960234858363270050e+00 -3.270193536637865162e+00 -3.529823717224430002e+00 -3.720669797100122356e+00 -3.563851656586806804e+00 -3.222434036676257385e+00 -2.716635918168869068e+00 nan
nan nan nan nan nan nan nan nan nan nan nan nan nan -5.539305299124665183e+00 -5.162774885955988324e+00 -4.691422924580589182e+00 -4.209854392974973436e+00 -3.421297797017300191e+00 -2.437186013289093456e+00 -1.858503081189799566e+00 -1.921050180396874474e+00 -2.490337982537899730e+00 -3.490796649654107853e+00 -4.292719274747493152e+00 -4.262510213665433589e+00 -3.930936876693261084e+00 -3.110767136427032398e+00 nan
nan nan nan nan nan nan nan nan nan nan nan nan nan nan nan -5.091403037178880098e+00 -4.294186596637152853e+00 -3.394337444273038074e+00 -2.597649915008640509e+00 -1.873864686864251006e+00 -1.399280921091159868e+00 -1.148173989960145747e+00 -3.868979730197678268e+00 -4.713812747754692722e+00 -4.474577803261553299e+00 -4.077673379804350517e+00 -3.062997350821286879e+00 nan
nan nan nan nan nan nan nan nan nan nan nan nan nan nan nan nan nan -3.513567870112283220e+00 -2.708125524583739896e+00 -2.085344490389120509e+00 -2.066338076041322580e+00 -4.817658074811390079e-01 -2.684754278382954329e+00 -4.818513866780926413e+00 -4.636552198521676438e+00 -4.163238104301177245e+00 -2.982280828919444904e+00 nan
nan nan nan nan nan nan nan nan nan nan nan nan nan nan nan nan nan nan nan nan -2.609399119758277763e+00 nan nan -4.349302587908066009e+00 -4.259207275525430880e+00 -4.179255185433419229e+00 nan nan
