nan nan nan 5.458406033521045586e+00 3.654613456915360548e+00 2.100211338048918019e+00 nan nan nan nan nan nan nan nan nan nan nan nan nan nan nan nan nan nan nan nan nan nan
nan nan 6.508385007745741468e+00 4.691306706339743116e+00 2.943277797218094793e+00 1.537335058824186085e+00 8.385393428981774422e-01 nan nan nan nan nan nan nan nan nan nan nan nan nan nan nan nan nan nan nan nan nan
nan nan 5.980719198748914778e+00 4.176612670857293708e+00 2.954297981031774878e+00 2.355732353687056690e+00 1.828226316676108132e+00 1.804165867630107112e+00 nan nan nan nan nan nan nan nan nan nan nan nan nan nan nan nan nan nan nan nan
nan 7.695188669384184443e+00 5.596006430988984093e+00 3.935098852216774468e+00 3.421565029340305042e+00 3.321981926976744326e+00 2.907375565155523311e+00 2.117310145980130898e+00 3.409158208027836423e+00 nan nan nan nan nan nan nan nan nan nan nan nan nan nan nan nan nan nan nan
8.710631140632090208e+00 6.814061956000103670e+00 4.862045879107109059e+00 3.765106624738968844e+00 3.292788058724934075e+00 2.820977329683216794e+00 1.751618625182052691e+00 -4.246469523723966910e-02 -1.646078918904223976e+00 1.214391676666891406e+00 nan nan nan nan nan nan nan nan nan nan nan nan nan nan nan nan nan nan
7.838009003218305182e+00 6.051575972373680834e+00 4.426201785495662122e+00 3.300736659831051689e+00 2.506219681088993845e+00 1.400616940637424035e+00 -2.390185333076029761e-01 -2.670869066002136805e+00 -4.488035528123559992e+00 nan nan nan nan nan nan nan nan nan nan nan nan nan nan nan nan nan nan nan
6.903440835093746841e+00 5.392844574090981169e+00 3.713507968174595497e+00 2.275472590297034525e+00 1.205172601751246964e+00 -3.551029640052095204e-01 -2.091929828045418827e+00 -4.517918169538920559e+00 -5.943369047870231903e+00 nan nan nan nan nan nan nan nan nan nan nan nan nan nan nan nan nan nan nan
6.203127878630427361e+00 4.772456876203083453e+00 3.094525982766813232e+00 1.441388732497855596e+00 -1.344124255886310348e-01 -2.124284157645614179e+00 -4.291730846902608754e+00 -6.363242262718362241e+00 -5.824050188313547594e+00 nan nan nan nan nan nan nan nan nan nan nan nan nan nan nan nan nan nan nan
nan 4.142273941697977691e+00 2.260084319903273631e+00 3.560104049423056805e-01 -1.686450503933264233e+00 -3.882307176708868823e+00 -6.158708107909422580e+00 -7.263965618555110915e+00 -5.461385782530701505e+00 -1.805459727628683231e+00 nan nan nan nan nan nan nan nan nan nan nan nan nan nan nan nan nan nan
nan 3.461741962818948526e+00 1.208563318087363614e+00 -7.588958643126345605e-01 -2.950198816206196728e+00 -5.356979922691614604e+00 -7.214163430127633170e+00 -8.218865241304502689e+00 -6.827700256391032063e+00 -3.189059017966760834e+00 nan nan nan nan nan nan nan nan nan nan nan nan nan nan nan nan nan nan
nan 2.689608063416189854e+00 5.996746125668409033e-02 -1.958043088574705548e+00 -4.005621776171186532e+00 -6.145175549510850210e+00 -7.999496401832241865e+00 -8.304519678631079316e+00 -7.205534100903006944e+00 -4.483223563972221548e+00 nan nan nan nan nan nan nan nan nan nan nan nan nan nan nan nan nan nan
nan nan -7.143506638788098551e-01 -2.792043127150764192e+00 -4.353066980738335090e+00 -6.339420784677740173e+00 -8.166307160201501603e+00 -8.668593851362192737e+00 -7.320740317001948938e+00 -5.209532412042642058e+00 nan nan nan nan nan nan nan nan nan nan nan nan nan nan nan nan nan nan
nan nan -1.127238276695122554e+00 -2.463146719925234596e+00 -3.782814363542235991e+00 nan -8.367225453781617972e+00 -8.968414863325023134e+00 -8.124836903325187265e+00 -5.512908676378136086e+00 nan nan nan nan nan nan nan nan nan nan nan nan nan nan nan nan nan nan
nan nan nan nan nan nan -8.035255519991451933e+00 -9.081829629667476311e+00 -8.720943195735333830e+00 -5.541927125199240578e+00 nan nan -2.526912507555748810e+00 nan nan nan nan nan nan nan nan nan nan nan nan nan nan nan
nan nan nan nan nan -5.722879097930641201e+00 -7.081198603268672898e+00 -8.063064780696674205e+00 -7.968721698308519841e+00 -6.112502047097793323e+00 nan nan nan nan nan nan nan nan nan nan nan nan nan nan nan nan nan nan
nan nan nan nan nan -5.602612396994689270e+00 -6.473723296030368779e+00 -6.692119180807735823e+00 -6.042562148815997958e+00 -3.517370708113273903e+00 1.929696234678720812e-01 nan nan nan nan nan nan nan nan nan nan nan nan nan nan nan nan nan
nan nan nan nan nan -4.912320752989941752e+00 -5.774535694437859412e+00 -5.662773322535723963e+00 -4.709701551086802773e+00 -2.240230565226724035e+00 6.309604756772786427e-01 1.815185739842394286e+00 nan 2.219737660699397264e+00 nan nan nan nan nan nan nan nan nan nan nan nan nan nan
nan nan nan nan nan -4.527993630362157518e+00 -5.213894841248359668e+00 -5.001364932666479746e+00 -4.354147003492689016e+00 -3.414804298556716855e+00 -1.858032317889197538e+00 -3.293192913441053138e-01 5.155834675480286400e-01 5.832845282455574321e-01 1.887488496236018332e+00 nan nan nan nan nan nan nan nan nan nan nan nan nan
nan nan nan nan nan -4.133577021113367778e+00 -4.815238083140931380e+00 -4.641152758468523487e+00 -4.104218135860622674e+00 -3.611482368464413284e+00 -2.985149695191367414e+00 -2.302352683191194682e+00 -1.300028498007475442e+00 -8.714558639075888902e-01 -6.806323789904245025e-01 1.629861323649804961e+00 1.723074585317015073e+00 nan nan nan nan nan nan nan nan nan nan nan
nan nan nan nan nan nan -4.541603984300719432e+00 -4.564725049607125662e+00 -4.222126133448538710e+00 -3.834731200725368438e+00 -3.408521305299988757e+00 -2.818550706461566691e+00 -2.233279353271383272e+00 -1.146974628837731602e+00 -6.190279694779853292e-01 4.404990164696835908e-01 1.503533112416221895e+00 2.357875292735789330e+00 nan nan nan nan nan nan nan nan nan nan
nan nan nan nan nan nan nan -4.414108057531636931e+00 -4.289537243317162130e+00 -4.092569372624629054e+00 -3.840067146289158462e+00 -3.273617445981857443e+00 -2.729348774799462252e+00 -2.015231167370864274e+00 -7.909674033421155714e-01 1.651798577202702178e-01 1.500028507983999670e+00 3.066380363617722704e+00 4.098479537915773463e+00 nan nan 4.338046239875550825e+00 nan nan nan nan nan nan
nan nan nan nan nan nan nan -4.389928326784027668e+00 -4.313508901871677459e+00 -4.070254068855942542e+00 -3.840693013782515486e+00 -3.350092043988766477e+00 -3.061276935193556259e+00 -2.542677605875487856e+00 -1.922771922633182085e+00 -7.214858175685380237e-01 4.993371879191205176e-01 1.600632808322926648e+00 2.028979582446568841e+00 1.833420018594538847e+00 1.513014915775784175e+00 1.259389398685458961e+00 2.203269629206868530e+00 nan nan nan nan nan
nan nan nan nan nan nan nan nan -4.504739771071556653e+00 -3.853200097265764956e+00 -3.437940934831408502e+00 -3.174069083747908859e+00 -2.910721181928671353e+00 -2.513233203466649801e+00 -2.095741642529930449e+00 -1.503562354709988780e+00 -4.418961711080255372e-01 3.877167158876056452e-01 7.450326593698760602e-01 4.728816052088431476e-01 4.400266621247134191e-02 6.616595350820152210e-02 5.647176309677514050e-01 2.148068659719523765e+00 nan 3.832953550112289776e+00 3.119844502694573141e+00 nan
nan nan nan nan nan nan nan nan nan -3.736937829845374370e+00 -3.001476330187797359e+00 -2.929217909178467583e+00 -2.728952566671377422e+00 -2.248876766960460571e+00 -1.824465754770594028e+00 -1.471534305024069678e+00 -7.853935492081205449e-01 2.851769552048517148e-02 3.557112888025593667e-01 1.767940083724012512e-01 4.514460393080817896e-02 1.025133823682267270e-01 4.193839377886497966e-01 1.301557331242817472e+00 nan 3.614491693023537344e+00 3.363570474233539276e+00 nan
nan nan nan nan nan nan nan nan nan nan -2.750995804509702491e+00 -2.553291648003547021e+00 -2.580621666867029873e+00 -2.129154894130804720e+00 -1.495050098383722714e+00 -1.072971124853235647e+00 -5.563661417589467195e-01 8.662331791573155138e-02 2.872413466544467275e-01 4.241355433392105662e-02 1.315370805377328867e-01 2.630381274940445935e-01 5.027068377395225163e-01 1.002533038829490186e+00 1.980240905706131649e+00 2.197935531829705802e+00 2.095838752117232140e+00 nan
nan nan nan nan nan nan nan nan nan nan nan nan -2.220144840786956397e+00 -2.073257280304673600e+00 -1.480512040477273361e+00 -8.859149250079544347e-01 -3.804126834124771928e-01 3.469845331001811944e-02 -8.674642794115529354e-02 -3.855756454128694138e-02 4.017887478537123802e-01 5.298323513693993236e-01 5.441669681449254892e-01 7.097098164439238355e-01 9.885055781357252602e-01 8.144321524768387555e-01 8.258560590009373925e-01 nan
nan nan nan nan nan nan nan nan nan nan nan nan nan -1.895191900836858068e+00 -1.418183054768465512e+00 -8.761879681191909741e-01 -3.268242220808311727e-01 -1.382972759983376043e-01 -6.554489427280969505e-01 -2.143675223107083805e-01 1.965827000328694008e-01 6.131252638454769421e-01 5.848067921269313185e-01 4.924901085951167157e-01 2.704990938046131221e-01 4.275770225590153073e-02 -1.360360585761280772e-01 nan
nan nan nan nan nan nan nan nan nan nan nan nan nan nan nan -5.376084031745957947e-01 -2.261765951483092896e-01 -4.853636304640593369e-01 -5.682815684257619404e-01 -1.990881085455002142e-01 -1.938652334086668483e-01 6.309375571305719799e-02 1.186579832405436075e-01 1.773243993405981822e-01 -5.412635025748219891e-02 -4.002658522775636718e-01 -6.420386324123633637e-01 nan
nan nan nan nan nan nan nan nan nan nan nan nan nan nan nan nan nan -9.709315277204768613e-01 -7.315379002564755817e-01 -6.593826470945969298e-01 -1.306665262083451573e+00 -8.632022093012814423e-01 -6.936039604690261706e-01 -5.262793650362016656e-02 -2.301502791938039513e-02 -3.530780918652353106e-01 -7.454615844461902618e-01 nan
nan nan nan nan nan nan nan nan nan nan nan nan nan nan nan nan nan nan nan nan -2.582346454437309369e+00 nan nan 2.846776957296999755e-01 3.850777052113956711e-01 9.072784003143506693e-02 nan nan
