nan nan nan -1.134989485181370661e+00 -2.719449586008159336e+00 -3.357980929019468430e+00 nan nan nan nan nan nan nan nan nan nan nan nan nan nan nan nan nan nan nan nan nan nan
nan nan 9.288676436504408884e-02 -1.768466474609580619e+00 -3.057542296007153215e+00 -3.776393286641561708e+00 -3.653320668025798135e+00 nan nan nan nan nan nan nan nan nan nan nan nan nan nan nan nan nan nan nan nan nan
nan nan -5.754249708376133476e-01 -2.356640658106005315e+00 -3.719717140410689904e+00 -4.390647099870027326e+00 -4.398598169385487644e+00 -3.079316596439832132e+00 nan nan nan nan nan nan nan nan nan nan nan nan nan nan nan nan nan nan nan nan
nan 4.628310581280938862e-01 -1.425462549228428522e+00 -3.217827102597099476e+00 -4.551926072884656449e+00 -5.230216968434332259e+00 -5.494153161433658283e+00 -4.631752173413133278e+00 -1.662514083904044426e+00 nan nan nan nan nan nan nan nan nan nan nan nan nan nan nan nan nan nan nan
1.287730662147207328e+00 -4.927823263863312375e-01 -2.220304524222634690e+00 -3.907929307139721420e+00 -5.079669432834681864e+00 -5.664944535083217936e+00 -6.305419051798972774e+00 -6.150200058763294564e+00 -5.975045207574043893e+00 -1.482920727453358012e+00 nan nan nan nan nan nan nan nan nan nan nan nan nan nan nan nan nan nan
2.668480355355606348e-01 -1.188367946535734188e+00 -2.758333857777607978e+00 -4.284447977195470436e+00 -5.156769322565009084e+00 -5.786233883302678294e+00 -6.612981299645205091e+00 -7.055411639578317740e+00 -7.457519531338163254e+00 nan nan nan nan nan nan nan nan nan nan nan nan nan nan nan nan nan nan nan
-3.217416485056106001e-01 -1.593851832399566959e+00 -3.077867538629136757e+00 -4.330657278919495923e+00 -5.096429357129883542e+00 -5.707194596000205955e+00 -6.648717246595650998e+00 -7.275880540233226945e+00 -7.426792689464269515e+00 nan nan nan nan nan nan nan nan nan nan nan nan nan nan nan nan nan nan nan
-6.128570457544310068e-01 -1.727059493941913049e+00 -3.048496765714308498e+00 -4.273125194199844934e+00 -4.949822164214410236e+00 -5.777423563596396860e+00 -6.772390728806580995e+00 -7.154736284249020528e+00 -6.024723450444492201e+00 nan nan nan nan nan nan nan nan nan nan nan nan nan nan nan nan nan nan nan
nan -1.769894547690851638e+00 -2.961890557129638335e+00 -4.290909625165246766e+00 -5.135914407967484330e+00 -6.236805472516680382e+00 -7.320773316868968372e+00 -7.266714829376028639e+00 -5.016533381018319027e+00 -1.607754239926088236e+00 nan nan nan nan nan nan nan nan nan nan nan nan nan nan nan nan nan nan
nan -1.846908264229949248e+00 -2.969309948206866334e+00 -4.169436405453830652e+00 -5.366156585806212576e+00 -6.787030345103712392e+00 -7.670164845751559213e+00 -7.652428645571188959e+00 -6.482836905342623801e+00 -3.245775873913094411e+00 nan nan nan nan nan nan nan nan nan nan nan nan nan nan nan nan nan nan
nan -2.103194970795787100e+00 -3.074630641829904754e+00 -4.438829001934526453e+00 -5.666917076530749497e+00 -6.952510129884950985e+00 -7.929136745155060950e+00 -7.806447030335013970e+00 -7.081285663221922100e+00 -4.034421572332618666e+00 nan nan nan nan nan nan nan nan nan nan nan nan nan nan nan nan nan nan
nan nan -3.567686687466840034e+00 -4.947531904203359865e+00 -5.687230842347452686e+00 -6.981709753764609339e+00 -8.332497096497085920e+00 -8.083549923534821602e+00 -7.026977678145019723e+00 -4.488060089824023713e+00 nan nan nan nan nan nan nan nan nan nan nan nan nan nan nan nan nan nan
nan nan -2.952101543877441170e+00 -4.081733277716147690e+00 -5.506267489932569426e+00 nan -8.273828903367576260e+00 -8.003775613447432491e+00 -6.981052012886862279e+00 -4.776890392111094563e+00 nan nan nan nan nan nan nan nan nan nan nan nan nan nan nan nan nan nan
nan nan nan nan nan nan -7.716320187838526579e+00 -7.438692809495483615e+00 -6.397056353680205198e+00 -4.346798510557997375e+00 nan nan -2.123547850579257101e+00 nan nan nan nan nan nan nan nan nan nan nan nan nan nan nan
nan nan nan nan nan -6.449587080634172409e+00 -6.701773651905607032e+00 -6.434204922128425430e+00 -5.451607230613405797e+00 -4.505148271692703155e+00 nan nan nan nan nan nan nan nan nan nan nan nan nan nan nan nan nan nan
nan nan nan nan nan -6.303842187564333344e+00 -5.911994274362473156e+00 -5.393955086294659473e+00 -4.408206178523121466e+00 -2.556563574698917929e+00 2.401480517760264111e-01 nan nan nan nan nan nan nan nan nan nan nan nan nan nan nan nan nan
nan nan nan nan nan -5.605252125714986988e+00 -5.212202862135221437e+00 -4.637010003859272977e+00 -3.905714453133185771e+00 -2.742955448057770695e+00 -1.823787376869014654e-01 1.182757333933138089e+00 nan 2.058214104607113626e+00 nan nan nan nan nan nan nan nan nan nan nan nan nan nan
nan nan nan nan nan -5.197650916863247872e+00 -4.898944254032551626e+00 -4.171309530811051047e+00 -3.683526544912945955e+00 -3.314414393799530067e+00 -2.192546776904380490e+00 -6.617434934079092779e-01 -6.403968925354171227e-02 -5.363264770686649446e-03 1.279916633162916373e+00 nan nan nan nan nan nan nan nan nan nan nan nan nan
nan nan nan nan nan -4.404902771710016651e+00 -4.252855883672114423e+00 -3.804290174767591903e+00 -3.112420326475394905e+00 -2.977822810047777935e+00 -2.430516970067440941e+00 -2.052368876888473803e+00 -1.259009568509364740e+00 -5.561767556399792589e-01 -4.146919568024706737e-01 2.032476745454948830e+00 1.632426430073860679e+00 nan nan nan nan nan nan nan nan nan nan nan
nan nan nan nan nan nan -3.787156036452517416e+00 -3.354724373929767633e+00 -2.743779821095092331e+00 -2.427943536941826075e+00 -2.319482380652198472e+00 -2.018218368915421834e+00 -1.275195839159368738e+00 -5.771808051558978692e-01 4.458593486922833582e-02 9.900800626590278153e-01 2.298068508564773627e+00 3.276620741961123073e+00 nan nan nan nan nan nan nan nan nan nan
nan nan nan nan nan nan nan -2.894869145073083683e+00 -2.328390044310121532e+00 -1.874035043835467151e+00 -1.957690671791932902e+00 -1.699062976373238332e+00 -7.856859116685867006e-01 5.827218400617749372e-02 9.762833987406737135e-01 1.781208906299253103e+00 2.850630173735011930e+00 4.357671590110538062e+00 4.920666255452243121e+00 nan nan 4.643593761812848442e+00 nan nan nan nan nan nan
nan nan nan nan nan nan nan -2.332293780566774277e+00 -1.691466285689631421e+00 -1.404695986720456702e+00 -1.526988487616747214e+00 -9.894515514973496462e-01 -4.729698256822181118e-02 9.294770531895762966e-01 1.931955141393399300e+00 2.858506424465575346e+00 3.449307235420850493e+00 3.704753131028216018e+00 3.202716462958494326e+00 2.651319468121176914e+00 1.761542276635103210e+00 1.462442839828484331e+00 2.963537366745190749e+00 nan nan nan nan nan
nan nan nan nan nan nan nan nan -1.094701169263768703e+00 -9.282923114094622230e-01 -9.156476618376555576e-01 -1.982086319981726796e-01 7.681257450196776748e-01 1.807803125917018194e+00 2.694622045244543518e+00 3.577210320758878126e+00 3.914845374072901230e+00 3.450011207118739875e+00 2.630966232487071732e+00 1.953423912421636821e+00 1.127295548148403492e+00 3.689911141743330569e-01 4.007127351834481876e-01 2.388951021092696081e+00 nan 2.495805433011260455e+00 2.238339293749462833e+00 nan
nan nan nan nan nan nan nan nan nan -5.446995895964102941e-01 -4.417271651587287851e-01 4.530186864434451177e-01 1.504141702083274135e+00 2.541926198866181430e+00 3.392955812485348943e+00 3.987501931418752754e+00 4.050952813719423062e+00 3.279947261705181916e+00 2.507494670621122523e+00 1.645287553871803699e+00 7.103767345438083414e-01 -3.963549924965448779e-01 -5.863841666365386951e-01 3.350700371730088722e-01 nan 1.495504446469468007e+00 9.446511167221464111e-01 nan
nan nan nan nan nan nan nan nan nan nan 7.075146916827947108e-02 9.201073327349243991e-01 1.961019241505906008e+00 2.949507785021974637e+00 3.646486732810112930e+00 3.982720021721235515e+00 3.774080288021822494e+00 3.219571998111398603e+00 2.544984149654094363e+00 1.259854422946468544e+00 -5.097084236960017778e-01 -2.058703378611017154e+00 -2.057809572511435370e+00 -1.699963253001544494e+00 -8.504376932782552467e-01 -9.200312119555978940e-01 -8.230667475814897882e-01 nan
nan nan nan nan nan nan nan nan nan nan nan nan 2.230279395629151118e+00 3.095041887343430442e+00 3.759151194686389807e+00 3.961552933074807381e+00 3.677537411114074839e+00 3.308556367079915184e+00 2.364318409854945013e+00 4.225658022197574248e-01 -1.746359705790946348e+00 -3.313312790718076162e+00 -3.616010204000211115e+00 -3.400101783324732452e+00 -3.040018856232361344e+00 -2.593260442971755619e+00 -2.104247199157537551e+00 nan
nan nan nan nan nan nan nan nan nan nan nan nan nan 3.272154014686124768e+00 3.935142159400555784e+00 4.125075073188130936e+00 3.864748834722697257e+00 3.433454627732403175e+00 1.621762206549245633e+00 -4.797204514602068093e-01 -2.718601115439986504e+00 -4.580947919908909149e+00 -5.471036407941471502e+00 -4.778624214647318347e+00 -3.989160678445805797e+00 -3.460185016308140682e+00 -2.796089034770800286e+00 nan
nan nan nan nan nan nan nan nan nan nan nan nan nan nan nan 4.360016939561313087e+00 3.931447025848189725e+00 2.956704169956334560e+00 1.109391628056553447e+00 -1.265229983036037176e+00 -3.046076206635321082e+00 -4.752512112611884554e+00 -6.221946240495790370e+00 -5.862415990673444099e+00 -4.948574346610572938e+00 -4.193446743841727553e+00 -3.400675735535345190e+00 nan
nan nan nan nan nan nan nan nan nan nan nan nan nan nan nan nan nan 2.793665570834902301e+00 6.496350139553266345e-01 -2.006120342904875287e+00 -3.612145765199409109e+00 -4.233872287694234515e+00 -5.733989878148666897e+00 -6.239934458059276601e+00 -5.654506318465608139e+00 -4.703925709046178127e+00 -3.856361141153256344e+00 nan
nan nan nan nan nan nan nan nan nan nan nan nan nan nan nan nan nan nan nan nan -3.868560009730891647e+00 nan nan -6.181507533425931733e+00 -5.761850087430151923e+00 -5.164321458309075297e+00 nan nan
