nan nan nan 6.612782279589823453e+00 4.934303245078868194e+00 2.248409721612684375e+00 nan nan nan nan nan nan nan nan nan nan nan nan nan nan nan nan nan nan nan nan nan nan
nan nan 5.979435914072880998e+00 5.001934546957037320e+00 3.780671715381340281e+00 1.448896291442159479e+00 -1.287200748181573040e+00 nan nan nan nan nan nan nan nan nan nan nan nan nan nan nan nan nan nan nan nan nan
nan nan 5.167687343844127312e+00 4.206560778790208843e+00 3.085540595571476530e+00 6.092955882409897272e-01 -2.377833565708985741e+00 -3.339470985484175536e+00 nan nan nan nan nan nan nan nan nan nan nan nan nan nan nan nan nan nan nan nan
nan 5.244070099620173231e+00 4.696787227453834923e+00 3.845869871143526630e+00 2.607420151596851365e+00 7.340219010366540349e-03 -2.450002767696686679e+00 -4.748583633149325856e+00 -5.287038335389849131e+00 nan nan nan nan nan nan nan nan nan nan nan nan nan nan nan nan nan nan nan
5.297092749309735282e+00 5.001445858591530680e+00 4.418886023472983204e+00 3.461696159763897551e+00 1.935247899570923025e+00 -7.181031654685866572e-01 -2.946450286842131838e+00 -5.904009057136184069e+00 -8.639213444156892407e+00 -5.271064470947860237e+00 nan nan nan nan nan nan nan nan nan nan nan nan nan nan nan nan nan nan
5.140256586590878030e+00 4.608126731048354685e+00 3.582726453333864303e+00 2.210424225442905843e+00 3.523759864961799049e-01 -2.301493334561449888e+00 -4.102050977179430014e+00 -6.895297978090910718e+00 -9.489503043376787517e+00 nan nan nan nan nan nan nan nan nan nan nan nan nan nan nan nan nan nan nan
4.560778249274900276e+00 3.840064072552973773e+00 2.531554880497751903e+00 8.827405171882337642e-01 -6.493114841611151711e-01 -2.545734776441778813e+00 -3.904612202785626707e+00 -6.432806627179824766e+00 -8.839252167269822991e+00 nan nan nan nan nan nan nan nan nan nan nan nan nan nan nan nan nan nan nan
4.050035598231739975e+00 2.940219731109365409e+00 1.426585486615379983e+00 4.286798421125908032e-01 -9.297372505611617433e-01 -2.550432504288481894e+00 -3.712040935481612181e+00 -5.897060513490933076e+00 -7.166071732199606359e+00 nan nan nan nan nan nan nan nan nan nan nan nan nan nan nan nan nan nan nan
nan 2.191198041592345991e+00 1.289802117419891703e+00 4.507942772009409516e-01 -8.373894547489516560e-01 -2.541807151010708310e+00 -3.690314370693306145e+00 -5.413878774003588745e+00 -7.064816248011638322e+00 -2.881944951440889024e+00 nan nan nan nan nan nan nan nan nan nan nan nan nan nan nan nan nan nan
nan 1.789396731184768718e+00 1.001676888130383469e+00 9.378928147109162616e-02 -1.449055935015153063e+00 -2.824142364922472836e+00 -3.992321998224432011e+00 -5.358211603980810978e+00 -8.528496013414422094e+00 -5.142057696268370393e+00 nan nan nan nan nan nan nan nan nan nan nan nan nan nan nan nan nan nan
nan 1.216575329060016752e+00 2.004231758347606029e-01 -7.815757652788865029e-01 -1.865895211708317847e+00 -3.147717180770983614e+00 -4.232952699499644922e+00 -6.295725836955482713e+00 -9.491349402120301093e+00 -6.777327445328396927e+00 nan nan nan nan nan nan nan nan nan nan nan nan nan nan nan nan nan nan
nan nan -4.525000634296366120e-01 -1.287404418433299558e+00 -2.238165451330089262e+00 -3.316222200729161962e+00 -4.517216121859055633e+00 -7.230877629404898421e+00 -9.889464315225033886e+00 -7.585236457068315730e+00 nan nan nan nan nan nan nan nan nan nan nan nan nan nan nan nan nan nan
nan nan -1.294968050477759869e+00 -2.529694440709507663e+00 -2.827507902166535469e+00 nan -4.711395519897084050e+00 -7.723946289872404947e+00 -9.326101182129118428e+00 -7.204546816278347698e+00 nan nan nan nan nan nan nan nan nan nan nan nan nan nan nan nan nan nan
nan nan nan nan nan nan -5.000888329569209034e+00 -7.491047500511116120e+00 -8.403702054819875755e+00 -5.768907908938177620e+00 nan nan -3.906098310992218270e+00 nan nan nan nan nan nan nan nan nan nan nan nan nan nan nan
nan nan nan nan nan -3.429788306775534146e+00 -5.214878947580036339e+00 -6.424605842338851680e+00 -7.097417358617295058e+00 -5.882396314217342770e+00 nan nan nan nan nan nan nan nan nan nan nan nan nan nan nan nan nan nan
nan nan nan nan nan -2.861706758325542665e+00 -4.424056335560331732e+00 -5.255742671510771125e+00 -5.790511709537813800e+00 -4.070257865065272540e+00 9.001941609686017233e-04 nan nan nan nan nan nan nan nan nan nan nan nan nan nan nan nan nan
nan nan nan nan nan -2.855395808645920575e+00 -3.509679909139124643e+00 -4.243289054293342133e+00 -5.146817710910727151e+00 -4.815756127344457127e+00 -1.474793016244641430e+00 1.191791714720814577e+00 nan 1.770488192039261888e+00 nan nan nan nan nan nan nan nan nan nan nan nan nan nan
nan nan nan nan nan -2.076849086553344215e+00 -2.623275523127290398e+00 -3.455225765325470988e+00 -5.128007299441133426e+00 -5.407188516440887049e+00 -4.469803004001795976e+00 -2.362255509571715706e+00 3.733114958271818717e-02 1.391705946760227186e-01 1.299191258946011507e+00 nan nan nan nan nan nan nan nan nan nan nan nan nan
nan nan nan nan nan -1.303504638724190645e+00 -1.717535291105468209e+00 -3.007108885782249441e+00 -5.058438173555613204e+00 -5.509739005039508974e+00 -4.886310272977186564e+00 -3.914633431097685801e+00 -2.426237722745245406e+00 -8.895759771008249217e-01 -5.323764715834061745e-01 1.501476728482977530e+00 1.396023226250660665e+00 nan nan nan nan nan nan nan nan nan nan nan
nan nan nan nan nan nan -1.272294748612287529e+00 -2.801851591621440818e+00 -4.935932487461998974e+00 -5.376353414621382498e+00 -4.748220536775470180e+00 -3.810783096816277027e+00 -2.794577773827182643e+00 -1.889869446672421960e+00 -5.243944624201860583e-01 2.651764358457582849e-01 8.905870530801720530e-01 1.345914592764895890e+00 nan nan nan nan nan nan nan nan nan nan
nan nan nan nan nan nan nan -2.776964036705488859e+00 -4.874473617374735390e+00 -5.147599952707712312e+00 -4.539440592081638748e+00 -3.697075323768845845e+00 -2.734535241938702566e+00 -1.828547612310385428e+00 -7.945590054967610616e-01 4.905736541771722470e-01 8.920682995669151349e-01 1.575962056518301901e+00 2.241109483475454578e+00 nan nan 3.227008221147601663e+00 nan nan nan nan nan nan
nan nan nan nan nan nan nan -2.675331908361660460e+00 -4.845335935973778874e+00 -5.051096187256047365e+00 -4.264798358280912360e+00 -3.292085782668247695e+00 -2.504343458974370495e+00 -1.704933232321265812e+00 -7.600391212164828714e-01 3.692377278713369626e-01 1.203589898085036580e+00 1.477636773492027267e+00 1.628447887108815717e+00 1.499700253166436958e+00 1.074959832930285852e+00 8.051426297195404258e-01 2.210045165759901842e+00 nan nan nan nan nan
nan nan nan nan nan nan nan nan -4.856262370560739505e+00 -4.956512094140738789e+00 -3.892180134318083073e+00 -2.829959381001927010e+00 -2.126966694195678631e+00 -1.489988316747673291e+00 -7.817126780095069449e-01 1.217804915186393860e-01 1.018241526733856039e+00 1.538916447612826977e+00 1.634797867425424212e+00 1.447273342684924247e+00 8.154175357858735040e-01 6.640178386593164062e-01 7.035333417383760057e-01 2.103415305985363748e+00 nan 3.479215579067382436e+00 2.428771875574988748e+00 nan
nan nan nan nan nan nan nan nan nan -4.621411982983048894e+00 -3.507849099829698059e+00 -2.466015667947460965e+00 -1.772569798496056226e+00 -1.055064163945982347e+00 -3.580640144483809295e-01 3.355801154809586739e-01 1.006450109754388089e+00 1.543219029231659434e+00 1.739755784484253498e+00 1.589530087964196925e+00 1.361779585653342117e+00 1.157461725938047303e+00 1.224864679391934663e+00 1.626635341677437729e+00 nan 4.850452597697011647e+00 3.122844033177090584e+00 nan
nan nan nan nan nan nan nan nan nan nan -3.073766342076976521e+00 -2.062310653838219654e+00 -1.401682247046979635e+00 -6.186275429008878390e-01 1.142469892179410335e-01 7.069161829082345472e-01 1.213083684118442251e+00 1.715570091977999700e+00 1.981486718751612086e+00 1.876326589396615674e+00 1.675374927862304020e+00 1.441517891560738951e+00 1.304275092007358028e+00 1.788194426507397461e+00 3.045331060028222403e+00 2.743589408090629789e+00 1.432861074381092115e+00 nan
nan nan nan nan nan nan nan nan nan nan nan nan -1.115673255786701956e+00 -4.735510092481142741e-01 3.156262801888090608e-01 9.506927103880669083e-01 1.391783052578768665e+00 1.814270848098428646e+00 2.035638153782715065e+00 1.999162329043310704e+00 1.816506599653717080e+00 1.419598303535987593e+00 9.957150933410010563e-01 8.786151274715833237e-01 6.787102908814320879e-01 4.707417493490814037e-02 -8.933959939148369278e-01 nan
nan nan nan nan nan nan nan nan nan nan nan nan nan -4.194679192510987198e-01 5.189973479067505613e-01 1.282561591297887826e+00 1.729377749465863312e+00 1.993195449963472310e+00 2.032986506689839157e+00 1.680255352848347261e+00 1.178132754358751200e+00 6.348757816606048765e-01 1.094372100566409767e-01 -3.471960878449255050e-01 -9.615589830774635693e-01 -1.818336994557828712e+00 -3.130462503811065833e+00 nan
nan nan nan nan nan nan nan nan nan nan nan nan nan nan nan 1.625923568120712703e+00 1.912040419019120030e+00 2.051844406031583468e+00 1.686404426747574181e+00 1.134930200556025781e+00 3.163598934142966002e-01 -6.247832272035044321e-01 -1.309920220071828068e+00 -1.114566355659007746e+00 -2.050227293604866219e+00 -3.314042479850543899e+00 -4.691100006882019890e+00 nan
nan nan nan nan nan nan nan nan nan nan nan nan nan nan nan nan nan 1.249614564651840398e+00 6.198341740578978687e-01 -6.718160573888259934e-01 -1.311675549513585448e+00 -1.275646140117820959e+00 -2.163610145104431837e+00 -2.487818822560186049e+00 -3.428607701765541638e+00 -5.156582679203077113e+00 -6.108909701057238628e+00 nan
nan nan nan nan nan nan nan nan nan nan nan nan nan nan nan nan nan nan nan nan -1.998415932268900352e+00 nan nan -3.214451355750711947e+00 -4.647151129296019256e+00 -6.247648367269414749e+00 nan nan
