nan nan nan 9.229390048431303839e+00 7.501346740237793576e+00 4.646119470582513955e+00 nan nan nan nan nan nan nan nan nan nan nan nan nan nan nan nan nan nan nan nan nan nan
nan nan 8.983947370526990994e+00 8.031138634548666388e+00 5.932978559680835318e+00 3.588635821787641511e+00 1.460404010719478896e+00 nan nan nan nan nan nan nan nan nan nan nan nan nan nan nan nan nan nan nan nan nan
nan nan 7.952576910321379700e+00 6.665866539173359584e+00 4.964496279701403836e+00 2.968702302645599644e+00 2.024846398911716860e-01 -1.110205558989846963e+00 nan nan nan nan nan nan nan nan nan nan nan nan nan nan nan nan nan nan nan nan
nan 7.873755308600828506e+00 6.949328836059208925e+00 5.482879112493897367e+00 3.884544214033685439e+00 1.433908819105730537e+00 -1.196899480331744758e+00 -3.740263746832829916e+00 -3.527491854752019318e+00 nan nan nan nan nan nan nan nan nan nan nan nan nan nan nan nan nan nan nan
7.691553908454642929e+00 7.059284559229309863e+00 5.994763010223085331e+00 4.489061997828033945e+00 2.242343309003977492e+00 1.051895837369847958e-01 -2.544386860721994381e+00 -5.289473359146900755e+00 -7.037181603994099532e+00 -4.806723851117189916e+00 nan nan nan nan nan nan nan nan nan nan nan nan nan nan nan nan nan nan
6.983110297533237087e+00 6.188265566216837321e+00 5.008729377404581129e+00 3.086217046982199452e+00 8.505609979104743479e-01 -1.095164669418548176e+00 -3.560026211735812574e+00 -5.828539742966220238e+00 -8.324394043281696298e+00 nan nan nan nan nan nan nan nan nan nan nan nan nan nan nan nan nan nan nan
6.399913995989726878e+00 5.493677216620743486e+00 4.044989966551174376e+00 1.696089870734498239e+00 8.479363410173852700e-02 -1.740882934676169613e+00 -3.789166793131583333e+00 -5.869944298050328690e+00 -7.416968588432141907e+00 nan nan nan nan nan nan nan nan nan nan nan nan nan nan nan nan nan nan nan
6.001288052491886127e+00 4.925024954284579870e+00 2.981283694070929524e+00 1.015647102801660262e+00 -3.939760142503507812e-01 -1.983912934868562239e+00 -3.705896989473759451e+00 -5.168016007240925802e+00 -5.715757304694114360e+00 nan nan nan nan nan nan nan nan nan nan nan nan nan nan nan nan nan nan nan
nan 4.343851749316580246e+00 2.086757894655250745e+00 6.493049659885602454e-01 -7.068305571892602446e-01 -1.945630018237349157e+00 -3.213461170120865074e+00 -4.442376599172058071e+00 -5.178292123234077060e+00 -2.436582199046124497e+00 nan nan nan nan nan nan nan nan nan nan nan nan nan nan nan nan nan nan
nan 3.753556059720413618e+00 1.677537500562733319e+00 3.879001033551334188e-01 -8.298223475770395430e-01 -1.976048901173506733e+00 -3.001754342963813382e+00 -4.372713825036710134e+00 -5.822438384229490893e+00 -5.609844137206080106e+00 nan nan nan nan nan nan nan nan nan nan nan nan nan nan nan nan nan nan
nan 3.315988765536794780e+00 1.587082223971684192e+00 3.383934268742333495e-01 -7.253067281891104612e-01 -2.011915157941945864e+00 -2.962949888983315905e+00 -4.701793719968268448e+00 -5.899830737713637419e+00 -6.786149355079346357e+00 nan nan nan nan nan nan nan nan nan nan nan nan nan nan nan nan nan nan
nan nan 1.304924899965676399e+00 1.415497884430400033e-01 -9.276001941016916996e-01 -2.015561442143672277e+00 -3.392340564150558624e+00 -4.742229813017084794e+00 -6.159634712110048760e+00 -6.614756565549004819e+00 nan nan nan nan nan nan nan nan nan nan nan nan nan nan nan nan nan nan
nan nan 3.775811450211465914e-01 -8.329891834999026967e-01 -1.712529625015568602e+00 nan -3.637311415428435168e+00 -4.254270023300035675e+00 -5.662632626530941238e+00 -5.441545091554636393e+00 nan nan nan nan nan nan nan nan nan nan nan nan nan nan nan nan nan nan
nan nan nan nan nan nan -3.120577624207756973e+00 -3.331116306901874768e+00 -4.823498965732435195e+00 -3.574781680928332150e+00 nan nan -3.026175946908625125e+00 nan nan nan nan nan nan nan nan nan nan nan nan nan nan nan
nan nan nan nan nan -8.451538606022236388e-01 -1.692674197409438808e+00 -2.500234554099175721e+00 -3.760292947799880103e+00 -3.049810355444298349e+00 nan nan nan nan nan nan nan nan nan nan nan nan nan nan nan nan nan nan
nan nan nan nan nan 6.994932488327788578e-01 1.350890730480936441e-01 -1.419641903629417445e+00 -2.448509705065706754e+00 -1.500945932258502147e+00 1.174922420760908581e+00 nan nan nan nan nan nan nan nan nan nan nan nan nan nan nan nan nan
nan nan nan nan nan 1.387156088654591723e+00 1.008488718085110314e+00 -3.946848730146773621e-01 -1.231669455499487809e+00 -4.092670604166910309e-01 1.203137295901257398e+00 2.044092896232126755e+00 nan 2.601484423066184437e+00 nan nan nan nan nan nan nan nan nan nan nan nan nan nan
nan nan nan nan nan 2.024142557542651044e+00 1.607368294702387512e+00 3.931469437650358945e-01 -3.073041612010618540e-01 -2.481508394857137034e-01 3.603012846378560452e-01 1.073224726924061345e+00 1.388438355163712501e+00 1.296142005546137010e+00 2.563943017162813920e+00 nan nan nan nan nan nan nan nan nan nan nan nan nan
nan nan nan nan nan 2.765138877693622987e+00 2.210976175916261166e+00 1.233998664797907763e+00 5.932425684076333416e-01 2.983473960158389837e-01 3.821654180842543047e-01 4.916439024609519093e-01 7.296786201668791216e-01 6.362907429226132283e-01 6.150140992244881311e-01 2.360381586865455628e+00 2.309559875294817655e+00 nan nan nan nan nan nan nan nan nan nan nan
nan nan nan nan nan nan 2.942672421449513021e+00 2.142244699736953084e+00 1.426848775966750305e+00 1.002295043201739011e+00 8.662688754858395290e-01 9.864904186863174829e-01 5.593605640790614286e-01 7.008210542336612559e-01 1.103079403340702092e+00 1.463926181178383468e+00 1.729057528672032440e+00 2.564664526409403233e+00 nan nan nan nan nan nan nan nan nan nan
nan nan nan nan nan nan nan 2.765885886978694419e+00 2.151520887458473474e+00 1.693593624001865638e+00 1.318349935782496818e+00 1.551742171025599637e+00 1.249971270797508804e+00 1.027334457625379116e+00 1.925999461939715607e+00 2.514029509593880274e+00 3.117001995149478510e+00 3.910384904762687075e+00 4.256639112085307097e+00 nan nan 3.996939924452608484e+00 nan nan nan nan nan nan
nan nan nan nan nan nan nan 3.594170980094190337e+00 3.107492376262081191e+00 2.538394925418305803e+00 1.846266392190049732e+00 1.870242278974864725e+00 1.837217185525268803e+00 1.730748078946909407e+00 2.050231074787708607e+00 2.655366154068810047e+00 2.932610032743204531e+00 2.947687845765365910e+00 2.684592372880948208e+00 2.106877849439087846e+00 1.252605604894137192e+00 6.761704834138217990e-01 2.449212842129942391e+00 nan nan nan nan nan
nan nan nan nan nan nan nan nan 4.163934044745063900e+00 3.564003426371695760e+00 2.949386765310713976e+00 2.349917401958866670e+00 1.982946170962500920e+00 1.884578708885441545e+00 1.757122937514440597e+00 1.571704087619163470e+00 1.467957282639225758e+00 1.087111811378186577e+00 7.976131488249424972e-01 2.430413171837290665e-01 -5.001149339780909253e-01 -1.049312284033097509e+00 -7.736729860100908240e-01 1.897338445017528796e+00 nan 3.359789612604855868e+00 2.719690194694306395e+00 nan
nan nan nan nan nan nan nan nan nan 4.580306234649786035e+00 3.617034063836386704e+00 2.925252536566097294e+00 2.426076995757067589e+00 1.960511367413898087e+00 1.479739600424170742e+00 6.096838539523476985e-01 -2.558815314205688529e-01 -6.151930064736866877e-01 -7.683888537740960478e-01 -7.741457605399482134e-01 -8.632093223871930565e-01 -7.968416867435712536e-01 -4.291984945360231007e-01 8.135656180835588724e-01 nan 5.314353462976133535e+00 4.441268796815925235e+00 nan
nan nan nan nan nan nan nan nan nan nan 4.227581056751145816e+00 3.353052233977059426e+00 2.748466516723548470e+00 2.125727564430258010e+00 1.438259336547262235e+00 4.288681751692045574e-01 -7.456248174530946127e-01 -1.536572515807771433e+00 -1.712694844299814445e+00 -1.419062789528819701e+00 -1.014840597909432374e+00 -4.355216398112185527e-01 4.397738112025399437e-01 1.878546319617676819e+00 3.933197859375225480e+00 3.804593994628980180e+00 3.235232441252738234e+00 nan
nan nan nan nan nan nan nan nan nan nan nan nan 3.259601732532499518e+00 2.516527929490365967e+00 1.828096867165854400e+00 8.575644833711473236e-01 -2.717227238963417224e-01 -1.329376524915203861e+00 -2.065173308316715861e+00 -2.183224398047331594e+00 -1.354628931632083422e+00 -3.671874078700594346e-01 4.369270274983582114e-01 1.002273192934264090e+00 1.453657273188630583e+00 1.422407744988511746e+00 1.165449461332796144e+00 nan
nan nan nan nan nan nan nan nan nan nan nan nan nan 3.215559123744553549e+00 2.360460679247945670e+00 1.548672357780775055e+00 4.951927131396582915e-01 -7.541151968967976238e-01 -1.796495101567436192e+00 -2.151337782721503888e+00 -1.977142993351800104e+00 -9.310246548797960209e-01 -4.521073639328547777e-01 -5.938015323487148001e-01 -4.504541797763813027e-01 -4.769329606846384739e-01 -8.068679190176131222e-01 nan
nan nan nan nan nan nan nan nan nan nan nan nan nan nan nan 2.247134620210484712e+00 1.250281965578134757e+00 -2.608145876525393148e-02 -1.417639619909278004e+00 -2.093812367525587970e+00 -2.038577928140970386e+00 -1.528216810958530569e+00 -1.372934741581779861e+00 -1.528123438713108406e+00 -1.655013174063130421e+00 -1.747874547380601662e+00 -1.946869607340581787e+00 nan
nan nan nan nan nan nan nan nan nan nan nan nan nan nan nan nan nan 8.016430992867048522e-01 -9.900133800463579714e-01 -1.970625428017321212e+00 -2.627981302099333227e+00 -1.579187336301345557e+00 -1.766845885353190537e+00 -2.088939814102819259e+00 -2.142150244145464733e+00 -2.317773655151750045e+00 -2.342064257278151818e+00 nan
nan nan nan nan nan nan nan nan nan nan nan nan nan nan nan nan nan nan nan nan -2.900756085239747595e+00 nan nan -1.904656319510253271e+00 -2.213871262610477064e+00 -2.406630942739635959e+00 nan nan
