nan nan nan 3.129186573005816818e+00 1.594037589489982532e+00 -2.240101642650135783e-01 nan nan nan nan nan nan nan nan nan nan nan nan nan nan nan nan nan nan nan nan nan nan
nan nan 3.583675889417139437e+00 2.531524453560797472e+00 1.120893517634083514e+00 -6.197253822406324497e-01 -2.542655717206770305e+00 nan nan nan nan nan nan nan nan nan nan nan nan nan nan nan nan nan nan nan nan nan
nan nan 3.107047770711937940e+00 2.129239011472715326e+00 7.217200011696309758e-01 -1.326683313293518740e+00 -3.265223860059189409e+00 -3.119569703664359039e+00 nan nan nan nan nan nan nan nan nan nan nan nan nan nan nan nan nan nan nan nan
nan 3.281131293468122934e+00 2.749055266598894320e+00 1.852111718116235650e+00 3.259970529507852377e-01 -1.884565887561465258e+00 -4.469421509659074587e+00 -5.563531216550994252e+00 -3.633444115530145346e+00 nan nan nan nan nan nan nan nan nan nan nan nan nan nan nan nan nan nan nan
3.366691148116374599e+00 3.090406953611274155e+00 2.529066586810770456e+00 1.557201599164701467e+00 -4.198673361361490719e-01 -3.101739291689480371e+00 -5.799284358658299610e+00 -6.922088204541418932e+00 -7.262179334155081989e+00 -3.270336129205594577e+00 nan nan nan nan nan nan nan nan nan nan nan nan nan nan nan nan nan nan
3.406548758814391231e+00 2.990536320390503544e+00 2.260184023928324848e+00 5.171487477319633985e-01 -1.600207809336428033e+00 -4.151580179558905570e+00 -6.468415558051540337e+00 -7.409047285899508672e+00 -8.247180443282649875e+00 nan nan nan nan nan nan nan nan nan nan nan nan nan nan nan nan nan nan nan
3.430186580022188458e+00 2.543940398922194035e+00 1.041947922847136665e+00 -8.054205570819842341e-01 -2.688974137708243006e+00 -4.756027098145936272e+00 -6.516008430665027440e+00 -7.308223408312243485e+00 -7.638589389887227910e+00 nan nan nan nan nan nan nan nan nan nan nan nan nan nan nan nan nan nan nan
2.698954884715230484e+00 8.235884609203658613e-01 -1.277631637105410611e+00 -2.222295211263424886e+00 -3.616248131236249996e+00 -5.176215481494228499e+00 -6.549857493618238102e+00 -7.163250822781436433e+00 -6.270416221025151060e+00 nan nan nan nan nan nan nan nan nan nan nan nan nan nan nan nan nan nan nan
nan -8.348451705386543686e-01 -2.025552453937050856e+00 -3.031699611288657614e+00 -4.235016167442527291e+00 -5.310898151783152166e+00 -6.352762891024176461e+00 -6.853499471107231678e+00 -5.270414641303106329e+00 -2.292058990651268058e+00 nan nan nan nan nan nan nan nan nan nan nan nan nan nan nan nan nan nan
nan -1.636206281291533005e+00 -2.636411629033215576e+00 -3.482662623552588155e+00 -4.424841647836085023e+00 -5.351882687564028629e+00 -6.144147171358520509e+00 -6.869692414850672613e+00 -6.283219221279018996e+00 -4.446611751265431955e+00 nan nan nan nan nan nan nan nan nan nan nan nan nan nan nan nan nan nan
nan -2.184545309694305715e+00 -2.996351432368654422e+00 -3.801873311180760773e+00 -4.594147913727181454e+00 -5.351866678501382424e+00 -6.253856350281188803e+00 -6.496359178514599542e+00 -6.574354487243510015e+00 -4.659108123804394097e+00 nan nan nan nan nan nan nan nan nan nan nan nan nan nan nan nan nan nan
nan nan -3.681725416226197201e+00 -4.153164054262420635e+00 -4.159524893438020676e+00 -5.207671459007309878e+00 -5.654670368929266999e+00 -5.614789356665291109e+00 -5.985679316723588883e+00 -4.574614700979193316e+00 nan nan nan nan nan nan nan nan nan nan nan nan nan nan nan nan nan nan
nan nan -3.192383476259029518e+00 -3.352177450308621243e+00 -3.709499182788024818e+00 nan -4.590280409154941843e+00 -4.651557325754644978e+00 -5.478065297233955633e+00 -4.593878665778657222e+00 nan nan nan nan nan nan nan nan nan nan nan nan nan nan nan nan nan nan
nan nan nan nan nan nan -3.793651929578251814e+00 -3.668960300026360866e+00 -4.964760867424873325e+00 -3.661555553828540699e+00 nan nan -2.122459164119101516e+00 nan nan nan nan nan nan nan nan nan nan nan nan nan nan nan
nan nan nan nan nan -1.913650080275744125e+00 -2.687412821310483313e+00 -3.199737064917165696e+00 -4.212867630513791539e+00 -3.637088377308681508e+00 nan nan nan nan nan nan nan nan nan nan nan nan nan nan nan nan nan nan
nan nan nan nan nan -1.270543340680469813e+00 -1.456857381223835457e+00 -1.815168953671329799e+00 -2.716834573416890830e+00 -1.768138999641705400e+00 3.587741506043421458e-01 nan nan nan nan nan nan nan nan nan nan nan nan nan nan nan nan nan
nan nan nan nan nan -1.255675812188952634e+00 -1.120834900792941902e+00 -1.090461046972889703e+00 -1.749560499951838599e+00 -5.382489488554315082e-01 7.732222240120925072e-01 1.479387934116420666e+00 nan 1.713764395330032553e+00 nan nan nan nan nan nan nan nan nan nan nan nan nan nan
nan nan nan nan nan -4.609936059727565150e-01 -6.601771202319618448e-01 -5.636195862234929521e-01 -8.689312199634688927e-01 -1.664210926104714439e-01 3.590121295858039185e-01 2.309059416245204943e-01 -1.862568396115169833e-01 -6.990728493535496302e-01 1.218372100245115330e-01 nan nan nan nan nan nan nan nan nan nan nan nan nan
nan nan nan nan nan 4.742024044109464931e-02 -1.877995647103217758e-01 -1.144099107049402764e-01 -8.234966623716349216e-03 1.334771083910487321e-01 4.382955952618668161e-02 -5.395411366364359917e-01 -1.254396486404823596e+00 -1.579768574007691440e+00 -1.130941951150463476e+00 6.940060369814468055e-01 5.435362973769437556e-01 nan nan nan nan nan nan nan nan nan nan nan
nan nan nan nan nan nan 4.262487766824410995e-01 3.214327523660994723e-01 4.006900832287137448e-01 4.158583871617139716e-01 6.653623533906140308e-02 -7.390534010109667262e-01 -1.383071720134762428e+00 -1.603794033011187725e+00 -1.114643980481090590e+00 -2.059067930832229193e-02 2.614119739506424178e-01 1.148175867696831887e+00 nan nan nan nan nan nan nan nan nan nan
nan nan nan nan nan nan nan 7.290084326349717259e-01 5.770701715753910888e-01 8.288561650472960896e-01 2.588457833204565461e-01 -7.921240891375871396e-01 -1.350623412566875459e+00 -1.610864365790263264e+00 -1.359524225226286465e+00 -6.484699814603093193e-01 -1.202234619603770836e-02 6.694706836673440797e-01 9.898707937298413251e-01 nan nan 1.986021618205623618e+00 nan nan nan nan nan nan
nan nan nan nan nan nan nan 1.505822799872783557e+00 1.167104142606249395e+00 1.106427624146851585e+00 7.214990163913854726e-01 -2.075718682479184007e-01 -1.101630712525427880e+00 -1.665774067167617112e+00 -1.744496910451098559e+00 -1.488622176833766408e+00 -9.663332193666059888e-01 -5.309604163165512203e-01 -2.321862123520412879e-01 -8.129190353668099001e-02 -2.312338457426047489e-01 -3.881495548504088622e-01 9.615517450044408498e-01 nan nan nan nan nan
nan nan nan nan nan nan nan nan 1.972721009942931758e+00 1.578897858850686786e+00 1.222812532460002322e+00 3.114964365463173679e-01 -7.834961612756820015e-01 -1.782129482415728106e+00 -2.153708149665039873e+00 -2.222395376600990513e+00 -2.092640432750054735e+00 -1.557928487690209751e+00 -1.155725089405854167e+00 -8.906554121358725151e-01 -9.017985776089958438e-01 -8.896790736945696665e-01 -9.089487291649943623e-01 4.482190521988100862e-01 nan 1.956082602769452672e+00 1.562341926787224278e+00 nan
nan nan nan nan nan nan nan nan nan 2.030680666923477151e+00 1.422221368926156249e+00 4.670728242604507696e-01 -6.071195468666902295e-01 -1.978124385902711557e+00 -2.782821078182272423e+00 -3.109448647150785838e+00 -2.819161792195896243e+00 -2.285976046289363239e+00 -1.606222507701436708e+00 -1.376435188433202894e+00 -1.187109947657963627e+00 -1.095772758673674074e+00 -1.046475261117225219e+00 -8.759429932467507340e-01 nan 1.352440772261492397e+00 -7.531405649886206699e-02 nan
nan nan nan nan nan nan nan nan nan nan 1.551857459300859832e+00 5.636627014540900316e-01 -3.882901731786855271e-01 -1.740962417916932292e+00 -2.935706383308661849e+00 -3.299240234552385242e+00 -3.199218874054232220e+00 -2.551585028910572817e+00 -2.010229231369124125e+00 -1.588603318375398477e+00 -1.066611679518652211e+00 -1.043438217310961313e+00 -1.135727617278673884e+00 -1.083598099609244692e+00 -4.531212196228657230e-01 -7.144001953513010594e-01 -1.368705065100745522e+00 nan
nan nan nan nan nan nan nan nan nan nan nan nan -2.658371974631404400e-01 -1.451169558457359177e+00 -2.418373366525253587e+00 -3.063882593553015621e+00 -3.126349804536893373e+00 -2.936792512134341671e+00 -2.692449065966959321e+00 -2.246338030914348138e+00 -1.721642042906760040e+00 -1.176856845279147468e+00 -1.345130325950117722e+00 -1.409998075343070312e+00 -1.584553424015086254e+00 -1.933334336217627625e+00 -2.168371169350193473e+00 nan
nan nan nan nan nan nan nan nan nan nan nan nan nan -9.662090563619299965e-01 -1.753175893116014405e+00 -2.657974903501580499e+00 -3.082182642755275648e+00 -3.238055795622937438e+00 -3.071648733832418987e+00 -2.655216655091801936e+00 -2.265551292904133707e+00 -1.968194000880289174e+00 -1.929049488319134031e+00 -1.970044842589097067e+00 -2.243739880481216975e+00 -2.683767963186843186e+00 -2.934242363324920166e+00 nan
nan nan nan nan nan nan nan nan nan nan nan nan nan nan nan -2.310018858116492435e+00 -3.112180386412365607e+00 -3.391888934879955464e+00 -3.420389112261403852e+00 -3.371606050270991695e+00 -2.871976010531157808e+00 -2.749063599889219667e+00 -2.796621700125800025e+00 -2.953322321130134487e+00 -2.855397122020709055e+00 -3.240765186025755362e+00 -3.297604563277794387e+00 nan
nan nan nan nan nan nan nan nan nan nan nan nan nan nan nan nan nan -4.524135361070210415e+00 -4.079385377421845149e+00 -4.056824616241129000e+00 -4.407717417533009829e+00 -3.989127933871346787e+00 -3.175966018601170671e+00 -3.359497635887040534e+00 -3.419398575605627322e+00 -3.504283808194863070e+00 -3.613209637488384640e+00 nan
nan nan nan nan nan nan nan nan nan nan nan nan nan nan nan nan nan nan nan nan -5.240124936078698781e+00 nan nan -4.229223399311495157e+00 -3.458787244225604685e+00 -3.846156879733523049e+00 nan nan
