nan nan nan 1.073570308485725322e+00 -2.694256817420893069e-01 -9.730089366820715568e-01 nan nan nan nan nan nan nan nan nan nan nan nan nan nan nan nan nan nan nan nan nan nan
nan nan 1.134271068796924853e+00 8.835160563016167257e-02 -8.328679532580001155e-01 -1.269386358228880241e+00 -1.308757528504723489e+00 nan nan nan nan nan nan nan nan nan nan nan nan nan nan nan nan nan nan nan nan nan
nan nan 3.542482465159437210e-01 -5.105817714856493161e-01 -9.960457686925774379e-01 -1.181837365813135143e+00 -1.108341745277704682e+00 -3.228142365858689411e-01 nan nan nan nan nan nan nan nan nan nan nan nan nan nan nan nan nan nan nan nan
nan 1.649451760753232465e-01 -3.442102053181366611e-02 -5.561695989961173980e-01 -7.809690256073098524e-01 -8.831343376174272120e-01 -8.346372460109829916e-01 -9.702212736635864587e-01 -4.134022080650037179e-01 nan nan nan nan nan nan nan nan nan nan nan nan nan nan nan nan nan nan nan
-4.555498684502451989e-01 -4.499238153331444057e-01 -4.596026698672975863e-01 -5.939795798038541852e-01 -7.002275577161695130e-01 -7.187861118077888412e-01 -9.023068860708298722e-01 -1.297769091017040743e+00 -2.775384297636697362e+00 -1.329775766323860298e+00 nan nan nan nan nan nan nan nan nan nan nan nan nan nan nan nan nan nan
-8.871308860819431263e-01 -7.385433093952834538e-01 -6.719178144208349801e-01 -7.899617209280959118e-01 -8.401832352762471645e-01 -7.843441251984955009e-01 -1.204240582834556594e+00 -1.632038735149687669e+00 -3.352401678264910867e+00 nan nan nan nan nan nan nan nan nan nan nan nan nan nan nan nan nan nan nan
-1.040390521569690918e+00 -8.552450047370829811e-01 -7.776666394040674390e-01 -9.887156903749952930e-01 -8.782780004829472409e-01 -9.359622218088120560e-01 -1.258684607347921647e+00 -1.628123320845652255e+00 -3.012884050604738739e+00 nan nan nan nan nan nan nan nan nan nan nan nan nan nan nan nan nan nan nan
-1.061548134075343430e+00 -9.326624420494536993e-01 -9.947557112911374899e-01 -9.517572683004655865e-01 -7.721223729118449342e-01 -9.408974196891422004e-01 -8.747812488313154722e-01 -1.481298776186408483e+00 -2.134115204976030800e+00 nan nan nan nan nan nan nan nan nan nan nan nan nan nan nan nan nan nan nan
nan -1.030460944119717892e+00 -9.649583883172632159e-01 -7.844429417705950369e-01 -7.485484301915673599e-01 -7.073863956071062553e-01 -6.323877575934596651e-01 -1.304642548192529450e+00 -1.223079343491793702e+00 -1.121202032284049022e+00 nan nan nan nan nan nan nan nan nan nan nan nan nan nan nan nan nan nan
nan -1.415578873250831204e+00 -1.090916426189347588e+00 -6.159959754373275365e-01 -5.030815559191568198e-01 -3.403932368830285826e-01 -8.624924666895605885e-01 -1.525440910104000514e+00 -1.608999932002584288e+00 -2.102364991500098146e+00 nan nan nan nan nan nan nan nan nan nan nan nan nan nan nan nan nan nan
nan -1.766450650952586354e+00 -1.375784522466941162e+00 -9.240054781969182507e-01 -8.289863249531872480e-01 -9.168031720606568680e-01 -1.524473947715516253e+00 -2.087429425524342186e+00 -2.336453884362554412e+00 -2.974898381494373911e+00 nan nan nan nan nan nan nan nan nan nan nan nan nan nan nan nan nan nan
nan nan -1.549302533380047198e+00 -1.048320815437301823e+00 -1.397772666728225310e+00 -1.654798954724677973e+00 -2.006730940292241083e+00 -2.113437540399722980e+00 -2.336349279269355428e+00 -2.477502726318732584e+00 nan nan nan nan nan nan nan nan nan nan nan nan nan nan nan nan nan nan
nan nan -9.963898072311978549e-01 -4.006017488646600455e-01 -1.404806241060942984e+00 nan -2.323451905080715640e+00 -1.934678423200192787e+00 -1.912067357837851311e+00 -1.724126350050849688e+00 nan nan nan nan nan nan nan nan nan nan nan nan nan nan nan nan nan nan
nan nan nan nan nan nan -2.194196078011604989e+00 -1.609817929201612818e+00 -1.249299111896577053e+00 -6.027444444279747016e-01 nan nan -1.228950546523622345e+00 nan nan nan nan nan nan nan nan nan nan nan nan nan nan nan
nan nan nan nan nan -2.269192484782443842e+00 -1.717422960087415573e+00 -8.908482878311174691e-01 -5.409106901959519487e-01 -2.408108275356183048e-01 nan nan nan nan nan nan nan nan nan nan nan nan nan nan nan nan nan nan
nan nan nan nan nan -1.778414053240317205e+00 -7.796276272632709503e-01 -8.953754728037886801e-02 1.873367151699490696e-01 4.191561957987764986e-01 4.700972172525668680e-01 nan nan nan nan nan nan nan nan nan nan nan nan nan nan nan nan nan
nan nan nan nan nan -9.158804192890080964e-01 -2.625279106924287564e-01 -2.003624909747294888e-02 3.878231572930183613e-01 8.229333538945603488e-01 8.623122026613718738e-01 4.419703132735991469e-01 nan 5.671821307798237122e-01 nan nan nan nan nan nan nan nan nan nan nan nan nan nan
nan nan nan nan nan -3.063674218206794975e-01 -5.337946094242292799e-02 -3.701892574615125997e-02 3.684733931296229614e-01 8.175764435148493714e-01 8.140369749025471169e-01 4.292785877631907776e-01 6.994893193050784330e-02 1.237276950659054880e-01 4.361217353041756395e-01 nan nan nan nan nan nan nan nan nan nan nan nan nan
nan nan nan nan nan -9.320010686221380167e-03 -2.294457255030113163e-01 1.034150948331845621e-01 4.479105144344078249e-01 6.539262210839924538e-01 7.375833871792804031e-01 7.432558940777913570e-01 5.434093778978333900e-01 4.825495297591675947e-01 8.114332805601992549e-01 9.834398194484942346e-01 4.870607469163429903e-01 nan nan nan nan nan nan nan nan nan nan nan
nan nan nan nan nan nan 5.836447662041574502e-02 3.200991763145951130e-01 3.459611266229482562e-01 5.534757341458969027e-01 8.205993936308464409e-01 8.733649746494654975e-01 9.216404163343469014e-01 8.710505430527285542e-01 1.046911854754473570e+00 1.303855256251373218e+00 5.805780107734668238e-01 4.752512191483785342e-01 nan nan nan nan nan nan nan nan nan nan
nan nan nan nan nan nan nan 7.356586916216097949e-01 7.201022964489303124e-01 8.040048780416678698e-01 9.220069180062548941e-01 9.308944164156441881e-01 9.464652007276553869e-01 1.009560435276031010e+00 1.222997276403803291e+00 1.137703647750502034e+00 1.055222492476706408e+00 1.070964116106796205e+00 7.058253686693815032e-01 nan nan 1.283321737778297722e+00 nan nan nan nan nan nan
nan nan nan nan nan nan nan 1.065630620657237682e+00 1.138519046546201841e+00 1.054762193433082418e+00 8.721423178769874829e-01 8.741706414721076568e-01 9.008929010515464020e-01 1.042355960610355847e+00 1.262866977602074892e+00 1.366632564166306407e+00 1.045620834826591183e+00 9.878893892958411360e-01 6.743464887619597947e-01 4.255792204840361248e-01 3.530824092218831645e-02 -1.211445130342238274e-01 5.061412809049360417e-01 nan nan nan nan nan
nan nan nan nan nan nan nan nan 1.359107639599737016e+00 1.305605525075283824e+00 1.156228647094769135e+00 8.511670701731406385e-01 9.155737250038693542e-01 1.075242821466451115e+00 1.190344724488847428e+00 1.188532943547634169e+00 1.064526489707233958e+00 7.410183044110144612e-01 5.362033602225031448e-01 3.372439176970674635e-01 1.353007221317134301e-01 -2.552990860579178456e-01 -2.385348967382060481e-01 4.498509912671501687e-01 nan 1.458238701260500703e+00 6.121787108778820041e-01 nan
nan nan nan nan nan nan nan nan nan 1.439685960836061707e+00 1.221001600037209256e+00 9.951605422023144243e-01 9.797701812852751546e-01 1.092615358275437876e+00 1.175169441753077137e+00 1.151077529678602884e+00 1.113167367159151322e+00 9.191755883898192758e-01 3.981082164262843004e-01 2.678415804736993810e-01 2.031037406945396251e-01 2.148637098976753645e-02 -1.973811512843071381e-01 4.659668160259579361e-02 nan 8.202417195101635583e-01 -2.248003517733781209e-01 nan
nan nan nan nan nan nan nan nan nan nan 1.525305847462852471e+00 1.306244248083680004e+00 1.154472594366345639e+00 1.115579157547665901e+00 1.136293829806809486e+00 1.132387617301444216e+00 1.096982044957951485e+00 9.393120998303685631e-01 4.725573210355460407e-01 1.653856230808423700e-01 1.390921373037571629e-01 5.553145255884783804e-02 -2.113208619019009971e-01 -1.810586028857944507e-01 2.565598616800963128e-01 -1.096851698641701095e-01 -1.063105368289976704e+00 nan
nan nan nan nan nan nan nan nan nan nan nan nan 1.484163534203474244e+00 1.303624642335499351e+00 1.117949686766828377e+00 9.799522021053894694e-01 8.668164595698427677e-01 6.518200577636917847e-01 4.215993291077888561e-01 3.052682272267833175e-01 2.931495801409462754e-01 1.068704170635777773e-01 -1.142168186049851708e-01 -3.127845531216989494e-01 -5.373212252449177662e-01 -1.023995499394835695e+00 -1.811539124526482469e+00 nan
nan nan nan nan nan nan nan nan nan nan nan nan nan 1.432591680155264724e+00 9.751533767779488882e-01 7.063777636764244638e-01 4.989111617430491141e-01 3.637290728964283071e-01 -6.509297117206515326e-02 8.536197128449378446e-02 4.975664676185082569e-01 2.164610284903108195e-01 -1.097563274472708877e-01 -6.278913969313927312e-01 -9.114866995178474429e-01 -1.454371796999009980e+00 -2.194173386178479124e+00 nan
nan nan nan nan nan nan nan nan nan nan nan nan nan nan nan 3.649689993115016184e-01 9.744003482769578173e-02 -3.267879982932658106e-02 -2.869130163757075969e-01 3.300530738390659857e-02 2.292705974399297797e-01 7.532415928590065202e-02 -1.120014262485375806e-01 -6.473365851705306095e-01 -1.129032759106119999e+00 -1.634830269262795399e+00 -2.385140234254831348e+00 nan
nan nan nan nan nan nan nan nan nan nan nan nan nan nan nan nan nan -2.872413875326566557e-01 -4.212130703090115613e-01 -2.672267072170949054e-01 2.314126736558264064e-01 -2.172404916578163925e-01 -7.222395102666294697e-01 -9.724396464568967335e-01 -1.343410699990567947e+00 -1.649616201414196182e+00 -2.363911205872975874e+00 nan
nan nan nan nan nan nan nan nan nan nan nan nan nan nan nan nan nan nan nan nan -7.023823109314564217e-01 nan nan -1.551530592507402329e+00 -1.626314703014564378e+00 -1.731522418485418990e+00 nan nan
