nan nan nan -2.409719021299777442e+00 -3.656355104606717976e+00 -4.357549352231876227e+00 nan nan nan nan nan nan nan nan nan nan nan nan nan nan nan nan nan nan nan nan nan nan
nan nan -1.802305583577308523e+00 -2.757306054330195266e+00 -3.799105338553309785e+00 -4.523554840875523730e+00 -5.027725854570595843e+00 nan nan nan nan nan nan nan nan nan nan nan nan nan nan nan nan nan nan nan nan nan
nan nan -2.101447596733157397e+00 -3.116883072557582235e+00 -4.196923644827521116e+00 -5.258524138731971220e+00 -5.698130060147714282e+00 -4.927099899154853802e+00 nan nan nan nan nan nan nan nan nan nan nan nan nan nan nan nan nan nan nan nan
nan -1.609160091028373873e+00 -2.303747270136412784e+00 -3.336018360736486166e+00 -4.657778952963940178e+00 -5.779818438237259492e+00 -6.400841512093594865e+00 -6.827403943119166208e+00 -3.373878276002514554e+00 nan nan nan nan nan nan nan nan nan nan nan nan nan nan nan nan nan nan nan
-1.165199648285228706e+00 -1.729155295419336547e+00 -2.513810922519457591e+00 -3.545780941989085555e+00 -4.763841667025852544e+00 -5.986338618182101001e+00 -7.580887888644281425e+00 -8.108817410798971892e+00 -7.068985204891902185e+00 -1.660422544241015430e+00 nan nan nan nan nan nan nan nan nan nan nan nan nan nan nan nan nan nan
-1.409253040069398777e+00 -1.922918297608561700e+00 -2.944768720892376734e+00 -3.984939280835593678e+00 -5.124440315523504985e+00 -6.661083787511088872e+00 -8.333389737519636853e+00 -8.541197473605878443e+00 -7.781307394056621085e+00 nan nan nan nan nan nan nan nan nan nan nan nan nan nan nan nan nan nan nan
-1.743850657032739448e+00 -2.551290660347446781e+00 -3.694860691846445278e+00 -4.648305613780952861e+00 -6.250364113263432664e+00 -7.505363203434498587e+00 -8.515962532915398953e+00 -8.413872886749873103e+00 -6.758895679142473689e+00 nan nan nan nan nan nan nan nan nan nan nan nan nan nan nan nan nan nan nan
-2.271646458645593558e+00 -3.313451303662777292e+00 -4.395098634706693375e+00 -5.737270275210844872e+00 -7.312205872495064263e+00 -8.214980752137678977e+00 -8.812155692083123881e+00 -8.283337478348851590e+00 -5.735901594721564578e+00 nan nan nan nan nan nan nan nan nan nan nan nan nan nan nan nan nan nan nan
nan -4.036220661100250240e+00 -5.495858196322242151e+00 -6.875613076209432073e+00 -8.024858450278285815e+00 -8.719799923296340793e+00 -9.527656140123786699e+00 -8.563175979279753491e+00 -4.457281876748530713e+00 -1.238986943256063400e+00 nan nan nan nan nan nan nan nan nan nan nan nan nan nan nan nan nan nan
nan -5.352999567015694460e+00 -6.684725079429323813e+00 -7.547971394551454161e+00 -8.556398148889215349e+00 -9.605763607770423818e+00 -1.000183518594185372e+01 -9.497217197437949565e+00 -5.876791325596066429e+00 -2.197252587254801437e+00 nan nan nan nan nan nan nan nan nan nan nan nan nan nan nan nan nan nan
nan -6.085201705051322740e+00 -6.918378017790161039e+00 -7.545324837917460670e+00 -8.460131816224034651e+00 -9.767905392675134024e+00 -1.030433987732389767e+01 -9.736757853734248513e+00 -6.324140274050136235e+00 -2.266721008455484743e+00 nan nan nan nan nan nan nan nan nan nan nan nan nan nan nan nan nan nan
nan nan -6.874870393342920494e+00 -7.469630333557274682e+00 -7.785840267468207010e+00 -8.851851569558666810e+00 -1.051491044384502871e+01 -9.450235638452159748e+00 -6.550521259629865867e+00 -2.615563598433893855e+00 nan nan nan nan nan nan nan nan nan nan nan nan nan nan nan nan nan nan
nan nan -5.279782201047544810e+00 -4.881320484880374622e+00 -6.244529348961828319e+00 nan -1.035896474795936228e+01 -9.225911406932521430e+00 -6.919618883300962864e+00 -3.771552147944520872e+00 nan nan nan nan nan nan nan nan nan nan nan nan nan nan nan nan nan nan
nan nan nan nan nan nan -9.490096866229871253e+00 -8.461621128941491321e+00 -6.607825692658636285e+00 -3.937965661331567002e+00 nan nan -9.011961964705254013e-01 nan nan nan nan nan nan nan nan nan nan nan nan nan nan nan
nan nan nan nan nan -8.320748448294816413e+00 -8.335079852550787649e+00 -7.320435748260585740e+00 -5.850107037710209568e+00 -4.575283137284753998e+00 nan nan nan nan nan nan nan nan nan nan nan nan nan nan nan nan nan nan
nan nan nan nan nan -7.694618448996232374e+00 -7.249542365516495224e+00 -6.307591974905842669e+00 -4.543997365169705205e+00 -2.684037903025354499e+00 3.334484584814403352e-01 nan nan nan nan nan nan nan nan nan nan nan nan nan nan nan nan nan
nan nan nan nan nan -6.158951741125821222e+00 -5.896625854554488733e+00 -5.199713760550594976e+00 -4.201887920632315421e+00 -1.985439676450538427e+00 1.027875699028600209e+00 1.718938272051593330e+00 nan 2.118527932310237283e+00 nan nan nan nan nan nan nan nan nan nan nan nan nan nan
nan nan nan nan nan -4.836677170553999261e+00 -4.648290504041194815e+00 -4.054541235056989379e+00 -3.517628226423731075e+00 -2.417090064663557580e+00 -1.215316086716066390e+00 6.229924391249451743e-01 1.012856987730603286e+00 7.075086562935939405e-01 2.119872349272059253e+00 nan nan nan nan nan nan nan nan nan nan nan nan nan
nan nan nan nan nan -3.838401744849733177e+00 -3.534789656332032237e+00 -3.132433431250929434e+00 -2.891564377801041807e+00 -2.250993744070042712e+00 -1.413453137292806305e+00 -9.615657029407416179e-01 -5.845441590784100638e-01 -1.290065707273185536e-01 -1.300836649247920640e-01 2.192287321486798835e+00 2.050666745306583216e+00 nan nan nan nan nan nan nan nan nan nan nan
nan nan nan nan nan nan -2.718366201437127039e+00 -2.485001028994042738e+00 -2.360207081050920142e+00 -2.198566332582406968e+00 -1.567295997162541088e+00 -1.335205586629290231e+00 -1.093776156240121145e+00 -7.527644568294614702e-01 -6.665361718534236479e-02 2.544454021295146084e-01 9.565414065143638123e-01 1.945503580418500578e+00 nan nan nan nan nan nan nan nan nan nan
nan nan nan nan nan nan nan -1.856674181426810177e+00 -1.863325353674565088e+00 -2.089082868435178320e+00 -1.649431281985587416e+00 -1.421200468988062182e+00 -1.345467416966359187e+00 -1.228871551383584171e+00 -5.684993315340413078e-01 5.940437534756090043e-01 1.379063722746886045e+00 2.461777865784104069e+00 3.074411419945829227e+00 nan nan 2.991357557100857267e+00 nan nan nan nan nan nan
nan nan nan nan nan nan nan -1.423958898736426448e+00 -1.593936182077011710e+00 -1.964485130010590996e+00 -1.673019495778171883e+00 -1.450564633189074248e+00 -1.419066737602727057e+00 -1.496534483369300839e+00 -1.184054082017296228e+00 6.664823031678028531e-02 1.212773574787451292e+00 1.684294279146296480e+00 1.551195552951177614e+00 1.143654846129793956e+00 4.748178842652402976e-01 -3.749215142450767341e-02 1.893566589134759504e+00 nan nan nan nan nan
nan nan nan nan nan nan nan nan -1.540112103213091110e+00 -1.906155419728984279e+00 -1.680869101774879137e+00 -1.576570704045367810e+00 -1.613836150994552243e+00 -1.651859501173742917e+00 -1.619332474757349871e+00 -1.134382536786993745e+00 2.647112228380925636e-01 8.830972622739481359e-01 5.953477384721003185e-01 5.156871221516195342e-02 -4.462446560484153446e-01 -8.084190169685488980e-01 -6.684401285894128186e-01 1.835551198443782894e+00 nan 3.675135841624217914e+00 2.943453049566536084e+00 nan
nan nan nan nan nan nan nan nan nan -2.195604282362644266e+00 -1.966869715269740970e+00 -1.829635811805679468e+00 -1.769426021901754797e+00 -1.758795003948023350e+00 -1.709907769992292881e+00 -1.659928229880940131e+00 -9.042440298258825893e-01 2.089126430336955276e-01 3.097879704307685556e-01 -1.920071291125098334e-01 -5.881907015552726437e-01 -6.699763857916158916e-01 -3.021711580981926715e-01 7.771007243067175052e-01 nan 5.026973664943068520e+00 3.463827756093581289e+00 nan
nan nan nan nan nan nan nan nan nan nan -2.474291320226767787e+00 -2.120704420328271222e+00 -2.130450325182142279e+00 -2.026049924037562455e+00 -1.903451891184094746e+00 -1.741823395994459345e+00 -1.542770525268269299e+00 -8.905687369300417933e-01 -5.444805902240525963e-01 -2.964583650717886876e-01 -1.785700316071510141e-01 -2.718198563091435149e-01 -1.116319126609694734e-01 7.336258001234096104e-01 2.368666950362173118e+00 2.296111848694024626e+00 1.443633969225622593e+00 nan
nan nan nan nan nan nan nan nan nan nan nan nan -2.039937895690552949e+00 -1.970843487697685470e+00 -1.829001810750531476e+00 -1.592341963806326532e+00 -1.795145071915403845e+00 -1.720234055816564744e+00 -1.580783776473855484e+00 -1.451189116713261340e+00 -1.302142476261805237e+00 -9.844365659097423782e-01 -6.829210739661114582e-01 -4.539308628039354643e-01 -1.921832587188800345e-01 -3.449496669130859283e-01 -9.027984002365487815e-01 nan
nan nan nan nan nan nan nan nan nan nan nan nan nan -1.795359130088382438e+00 -1.580002972992322618e+00 -1.431927031391097227e+00 -1.567583903901397679e+00 -1.940266563386098264e+00 -1.897950590083477218e+00 -1.966343959181440004e+00 -2.233329148448550683e+00 -2.334331079614499149e+00 -2.148858287996461058e+00 -1.557725640382433774e+00 -1.379728067755876530e+00 -1.647926400734498475e+00 -2.279586065304927800e+00 nan
nan nan nan nan nan nan nan nan nan nan nan nan nan nan nan -1.439259857557555478e+00 -1.580455792573195684e+00 -2.047451207761520120e+00 -2.136511580398080312e+00 -2.208350914625261119e+00 -2.481569342738750628e+00 -3.539578741324461486e+00 -3.696598467076690042e+00 -3.028660900160002001e+00 -2.354884499445719648e+00 -2.807795090300761132e+00 -3.349583595448063278e+00 nan
nan nan nan nan nan nan nan nan nan nan nan nan nan nan nan nan nan -2.548204375515017439e+00 -2.570720352091145244e+00 -2.567798279274063233e+00 -1.965846167733875660e+00 -2.501902409987450504e+00 -4.780047322596827186e+00 -3.987520976165390252e+00 -3.892567864590077420e+00 -3.846731921794809494e+00 -4.491738256745303914e+00 nan
nan nan nan nan nan nan nan nan nan nan nan nan nan nan nan nan nan nan nan nan -2.837911341365015883e+00 nan nan -3.874044501518767447e+00 -4.411833962298347345e+00 -4.924241119965305558e+00 nan nan
