nan nan nan 2.594932150313767338e-01 -9.578233202589546691e-01 -1.885754335674973525e+00 nan nan nan nan nan nan nan nan nan nan nan nan nan nan nan nan nan nan nan nan nan nan
nan nan 7.154884488495669714e-01 -2.696294582484147773e-01 -1.264339656921028787e+00 -2.124790751737941186e+00 -2.528590983635154110e+00 nan nan nan nan nan nan nan nan nan nan nan nan nan nan nan nan nan nan nan nan nan
nan nan 7.851946434422556187e-02 -7.757837231411366385e-01 -1.580115624259411877e+00 -2.305285423730025318e+00 -2.915731221225305703e+00 -2.075481775697655795e+00 nan nan nan nan nan nan nan nan nan nan nan nan nan nan nan nan nan nan nan nan
nan 2.897998082493423166e-01 -2.319379153347984335e-01 -8.430152179999885753e-01 -1.588244512046357970e+00 -2.351737215682302651e+00 -3.040345513898143892e+00 -3.025179606491894102e+00 -1.052859755385968210e+00 nan nan nan nan nan nan nan nan nan nan nan nan nan nan nan nan nan nan nan
5.460327447649304666e-01 1.123459329717780703e-01 -4.034414563242451068e-01 -8.791767448224082626e-01 -1.520585496411620552e+00 -2.253182511315483971e+00 -3.134794830989162229e+00 -3.415183335472937287e+00 -4.251980549858942027e+00 -6.363994089763896911e-01 nan nan nan nan nan nan nan nan nan nan nan nan nan nan nan nan nan nan
3.842314413666233497e-01 5.364560567401670949e-02 -3.691531978689410187e-01 -9.021254012388038035e-01 -1.450515572772139272e+00 -2.080290667745592792e+00 -2.947856065142096416e+00 -3.789889414904918485e+00 -5.181038704292750374e+00 nan nan nan nan nan nan nan nan nan nan nan nan nan nan nan nan nan nan nan
3.012611969443540483e-01 -7.125607640132106124e-03 -3.718580114823875071e-01 -7.935891880372459850e-01 -1.266948035090203151e+00 -1.831692010777528301e+00 -2.625734450962383892e+00 -3.597989981771253287e+00 -4.906820991521393616e+00 nan nan nan nan nan nan nan nan nan nan nan nan nan nan nan nan nan nan nan
2.870973472591838993e-01 -5.672670492337847890e-03 -4.711902594647899289e-01 -8.290315907533285511e-01 -1.245117581012601837e+00 -1.771115124626218895e+00 -2.392007432159029889e+00 -2.818774568101073186e+00 -3.442349893755551449e+00 nan nan nan nan nan nan nan nan nan nan nan nan nan nan nan nan nan nan nan
nan -1.128589889166439209e-01 -4.578650052854792984e-01 -8.655538120006911473e-01 -1.316988048381192433e+00 -1.952418230180970049e+00 -2.360644234659008855e+00 -2.924482212792367974e+00 -2.830895483917490463e+00 -1.656748896509490088e+00 nan nan nan nan nan nan nan nan nan nan nan nan nan nan nan nan nan nan
nan -2.255958339450711003e-01 -5.203893084544120029e-01 -8.988144574873910830e-01 -1.471079651945304212e+00 -2.172588364282288076e+00 -2.537829965214511763e+00 -3.815256160592499501e+00 -4.784456643196688397e+00 -4.029550541611589765e+00 nan nan nan nan nan nan nan nan nan nan nan nan nan nan nan nan nan nan
nan -2.146673283288570155e-01 -6.157584278918906140e-01 -1.101862974335562795e+00 -1.567610800624176681e+00 -2.239299148406723727e+00 -2.762941316109508438e+00 -4.409532880845485892e+00 -5.299343868673219049e+00 -5.338499449431449939e+00 nan nan nan nan nan nan nan nan nan nan nan nan nan nan nan nan nan nan
nan nan -8.272215730006656775e-01 -1.379647854237298743e+00 -1.592785311589889341e+00 -2.172499057952243628e+00 -3.350113355950373517e+00 -4.550334325666193891e+00 -5.629235303504945165e+00 -5.773635700263148429e+00 nan nan nan nan nan nan nan nan nan nan nan nan nan nan nan nan nan nan
nan nan -1.164432512355675575e+00 -1.609973660983735178e+00 -1.912512945587034441e+00 nan -3.893209025826584124e+00 -4.326311124889507198e+00 -5.623947704917456214e+00 -5.403041937247981430e+00 nan nan nan nan nan nan nan nan nan nan nan nan nan nan nan nan nan nan
nan nan nan nan nan nan -4.018847200595708102e+00 -3.867614178414746196e+00 -4.454768267538133486e+00 -4.153385719924878039e+00 nan nan -3.025880928068913622e+00 nan nan nan nan nan nan nan nan nan nan nan nan nan nan nan
nan nan nan nan nan -2.014080931982209055e+00 -3.271979565894737707e+00 -3.153966784738438722e+00 -3.183472890857184989e+00 -3.634165103123256024e+00 nan nan nan nan nan nan nan nan nan nan nan nan nan nan nan nan nan nan
nan nan nan nan nan -1.450609527542034982e+00 -2.243174818336119536e+00 -2.288173334849817664e+00 -1.803962667187475999e+00 -1.097840258026914650e+00 4.044442651823947354e-01 nan nan nan nan nan nan nan nan nan nan nan nan nan nan nan nan nan
nan nan nan nan nan -5.123081055781640858e-01 -1.109306224768559668e+00 -1.413161987068518588e+00 -1.092699212175084922e+00 3.949997092810237365e-01 1.260383679883728014e+00 1.623150641413980244e+00 nan 1.996969830627349340e+00 nan nan nan nan nan nan nan nan nan nan nan nan nan nan
nan nan nan nan nan 2.655679441205548996e-01 -3.471780957345010910e-02 -4.539856468439256165e-01 -5.497502428237729388e-01 3.265872665972231470e-01 8.219558081553377527e-01 6.549127406929601269e-01 6.298338464032328110e-01 7.650343760020371642e-01 1.729208722181789559e+00 nan nan nan nan nan nan nan nan nan nan nan nan nan
nan nan nan nan nan 1.122673945365175285e+00 5.886284339491945072e-01 3.814233775606928334e-01 1.957799736833837068e-01 5.965213013336496672e-01 5.711302629619324778e-01 4.854603483128801522e-01 7.343538524222221753e-01 7.114919312108632932e-01 7.591770215210790207e-01 2.628224172325665187e+00 2.109323815155878190e+00 nan nan nan nan nan nan nan nan nan nan nan
nan nan nan nan nan nan 1.322221481174456370e+00 1.327868435991253815e+00 1.016200181360905397e+00 9.636496662720971385e-01 7.288134676735000816e-01 8.346125040772339743e-01 1.196926796875920740e+00 1.294604216277362996e+00 1.062246768143980447e+00 1.183914318348473049e+00 1.646677942019905583e+00 1.814787569766149300e+00 nan nan nan nan nan nan nan nan nan nan
nan nan nan nan nan nan nan 2.089295795908034492e+00 1.839451544964555429e+00 1.510849728002236603e+00 9.284888542937034250e-01 1.005800764352830168e+00 1.313762570447748690e+00 1.855695923157476113e+00 1.826632657175000007e+00 1.803817447301848009e+00 2.316584328260641978e+00 3.252051088247933652e+00 4.203276761057221478e+00 nan nan 3.922039033239564265e+00 nan nan nan nan nan nan
nan nan nan nan nan nan nan 2.945073502241350560e+00 2.438107470111858355e+00 1.995281312073644120e+00 1.096530722897080867e+00 1.031291635017118624e+00 1.028788369048810880e+00 1.638421242988813198e+00 2.502733289987695287e+00 2.767576269290487279e+00 3.008674967555496682e+00 3.144930636347516018e+00 2.905284286499520974e+00 2.828539474561802880e+00 2.242983264260075327e+00 1.640595112559722013e+00 2.372575221255907252e+00 nan nan nan nan nan
nan nan nan nan nan nan nan nan 3.130574880819798622e+00 2.519562367731839725e+00 1.595050340191636273e+00 8.789103964058881946e-01 7.519888391291161822e-01 1.142130771667400957e+00 1.952865141791899850e+00 3.154871653520611385e+00 3.233910855947883967e+00 2.003749508830801940e+00 1.274008354674853516e+00 9.456023037628434880e-01 7.026002343174728715e-01 8.733672903859650560e-01 1.246720172966591322e+00 2.218663505526104363e+00 nan 5.212547104015794908e+00 4.327741213295773548e+00 nan
nan nan nan nan nan nan nan nan nan 3.078389466866766178e+00 1.972896711481916032e+00 8.536650918673927002e-01 4.534989927456790637e-01 4.822167179053826191e-01 7.134723882079158086e-01 1.157257942237186699e+00 1.624112092737281188e+00 8.537063118392499428e-01 2.095637593545825184e-01 2.208226033860822002e-01 3.527421337774923060e-01 9.113539062360666021e-01 1.879086808410154186e+00 2.724023780359085656e+00 nan 6.673693692017922174e+00 6.565730841469519241e+00 nan
nan nan nan nan nan nan nan nan nan nan 2.201565621915951620e+00 1.397513677505496821e+00 6.420419784653910167e-01 2.921544582065017104e-01 2.355138987665620631e-01 4.273950982306239377e-01 6.708800162519952259e-01 4.469413868060296835e-01 3.317372710195754526e-01 4.629962859129505559e-01 8.562654361288346561e-01 1.482464649283629976e+00 2.366975937690573240e+00 3.418666273516357101e+00 5.086510905748362177e+00 6.283962439071724582e+00 7.039423902965045166e+00 nan
nan nan nan nan nan nan nan nan nan nan nan nan 1.266066504486435207e+00 4.578876259756044509e-01 3.433475985777756923e-01 3.585107155195291773e-01 5.793931352179713112e-01 7.697135295635501029e-01 1.276227245311381875e+00 1.741221435287112707e+00 2.017206550670805232e+00 2.300150339389336551e+00 3.052557703950048662e+00 4.016073292383151028e+00 5.250693273635570257e+00 6.118661566500225746e+00 6.302545552113455685e+00 nan
nan nan nan nan nan nan nan nan nan nan nan nan nan 1.242514947112786317e+00 7.823289201223276867e-01 8.483105113107816120e-01 9.384849536759151123e-01 1.356838919037915758e+00 1.923366484405275578e+00 2.343482953036737815e+00 2.826934243653933532e+00 3.302007911165826481e+00 3.786717865321697296e+00 4.458198486481784961e+00 5.158670937376805377e+00 5.430722058362576377e+00 5.374252964014434752e+00 nan
nan nan nan nan nan nan nan nan nan nan nan nan nan nan nan 1.517158350551111479e+00 1.605443159540959508e+00 2.041416869142595125e+00 2.486910709994105240e+00 2.762869757514760494e+00 2.828294505346877763e+00 2.808704538404208417e+00 3.319396449078988010e+00 4.235415399280127779e+00 4.682180947633319157e+00 4.929110621214310761e+00 4.948309043574330879e+00 nan
nan nan nan nan nan nan nan nan nan nan nan nan nan nan nan nan nan 2.637307839563320044e+00 2.685368107817949657e+00 2.593964872160991586e+00 2.228271583932896149e+00 9.716247406345055460e-01 2.078692145666051427e+00 4.248784314082096891e+00 4.847035461547502422e+00 4.840271690999764509e+00 4.648755611906713270e+00 nan
nan nan nan nan nan nan nan nan nan nan nan nan nan nan nan nan nan nan nan nan 3.914242754542275327e-01 nan nan 4.280009899352506864e+00 5.057665050636369841e+00 4.854124285255164928e+00 nan nan
