nan nan nan 2.184998778073157677e+00 9.020320517261244397e-01 -2.455650211410250749e-01 nan nan nan nan nan nan nan nan nan nan nan nan nan nan nan nan nan nan nan nan nan nan
nan nan 2.915701879665945739e+00 1.961663260894936700e+00 9.160016960952460652e-01 -2.532228787817755733e-01 -9.356239281374049144e-01 nan nan nan nan nan nan nan nan nan nan nan nan nan nan nan nan nan nan nan nan nan
nan nan 2.673149779101194667e+00 1.739665018787378781e+00 8.078895405540603702e-01 -2.694015300503185828e-01 -1.020717888153774400e+00 -4.265276161010718159e-01 nan nan nan nan nan nan nan nan nan nan nan nan nan nan nan nan nan nan nan nan
nan 3.175801979123476393e+00 2.320597085326447484e+00 1.543124487667868028e+00 7.152772279821243417e-01 -3.017517994600553699e-01 -1.155334008395979328e+00 -9.508907742389115514e-01 6.302627927520353390e-01 nan nan nan nan nan nan nan nan nan nan nan nan nan nan nan nan nan nan nan
3.515781709165302082e+00 2.850761758183591343e+00 2.052847645283304434e+00 1.366436506246165417e+00 5.464262142422570134e-01 -6.209474178064172678e-01 -1.523829426967526102e+00 -1.346428517764122423e+00 -7.672259347852042888e-01 4.560430294882486524e-01 nan nan nan nan nan nan nan nan nan nan nan nan nan nan nan nan nan nan
3.351395624650506555e+00 2.655188468433546944e+00 1.920372127732827172e+00 1.173410115683246602e+00 2.177884553354392516e-01 -9.604957981474075979e-01 -1.745161411606381385e+00 -1.626644370447094978e+00 -1.080287445446992844e+00 nan nan nan nan nan nan nan nan nan nan nan nan nan nan nan nan nan nan nan
3.403005662624469796e+00 2.671606217489969293e+00 1.803088191240623361e+00 1.005769201607776608e+00 -6.281778201710709608e-02 -9.855730212386163425e-01 -1.671870140835788998e+00 -1.602088503079879045e+00 -1.331123365997587626e+00 nan nan nan nan nan nan nan nan nan nan nan nan nan nan nan nan nan nan nan
3.539976369671699707e+00 2.647498626067376737e+00 1.729715134336607285e+00 8.460910259202497619e-01 -1.317098956616916949e-01 -7.561341849050589037e-01 -1.537432507688839323e+00 -1.448021536005950072e+00 -1.326595429134504123e+00 nan nan nan nan nan nan nan nan nan nan nan nan nan nan nan nan nan nan nan
nan 2.597097954032430156e+00 1.609114122432270255e+00 6.472206302269521982e-01 -2.115849321242085079e-01 -6.160144669688910612e-01 -1.488889690783923081e+00 -1.489558875556073358e+00 -1.041634571493974981e+00 7.282513643242902179e-02 nan nan nan nan nan nan nan nan nan nan nan nan nan nan nan nan nan nan
nan 2.323247937915573491e+00 1.213504689247096868e+00 2.426345495244960904e-01 -2.011501130296683981e-01 -5.630246451644820294e-01 -1.409664004741962406e+00 -1.796393539078324331e+00 -1.360251359557230089e+00 -7.168544410994920346e-01 nan nan nan nan nan nan nan nan nan nan nan nan nan nan nan nan nan nan
nan 2.029541373168061380e+00 7.312858180302516109e-01 1.202915648288255338e-04 -2.832660064004420830e-01 -7.482339034345667494e-01 -1.693059934147111978e+00 -2.206458410253659075e+00 -1.907193421014861112e+00 -1.181840652797282454e+00 nan nan nan nan nan nan nan nan nan nan nan nan nan nan nan nan nan nan
nan nan 2.463127177564139736e-01 -2.848843215467924961e-01 -4.143431238824356044e-01 -1.035395423634569489e+00 -1.960746342064590086e+00 -2.735421924814444683e+00 -2.810573830023048281e+00 -1.444716893445784800e+00 nan nan nan nan nan nan nan nan nan nan nan nan nan nan nan nan nan nan
nan nan -4.886212497372968786e-04 -4.260832097211889047e-01 -4.744855450300934918e-01 nan -2.128103519265442056e+00 -2.757296332761940416e+00 -3.693698944686993446e+00 -2.443313867061271072e+00 nan nan nan nan nan nan nan nan nan nan nan nan nan nan nan nan nan nan
nan nan nan nan nan nan -1.730357052121218153e+00 -2.278036656883165811e+00 -3.642044994119304935e+00 -3.411907065681740736e+00 nan nan -4.270193644043525083e-01 nan nan nan nan nan nan nan nan nan nan nan nan nan nan nan
nan nan nan nan nan -6.001714576137536783e-01 -8.398279794765840522e-01 -1.789998201453405047e+00 -2.917473100752080661e+00 -3.227974847658046542e+00 nan nan nan nan nan nan nan nan nan nan nan nan nan nan nan nan nan nan
nan nan nan nan nan 4.314666621722519912e-01 -5.712644305343377304e-01 -1.296064971180973968e+00 -1.647785312778166089e+00 -1.220546067648533795e+00 7.362658712835786767e-01 nan nan nan nan nan nan nan nan nan nan nan nan nan nan nan nan nan
nan nan nan nan nan 6.358923137396438330e-01 -4.137057607627155353e-01 -1.065115826430244717e+00 -1.382852530192504981e+00 -1.016754896498596406e+00 2.698474454362245496e-03 1.053556380661077485e+00 nan 1.289116344345461629e+00 nan nan nan nan nan nan nan nan nan nan nan nan nan nan
nan nan nan nan nan 6.926893090732967329e-01 -4.533831065340407362e-01 -1.225165063356643991e+00 -1.690575569146909762e+00 -1.943731340115480322e+00 -1.901193026124943453e+00 -1.663719815384181677e+00 -1.384963446017259736e+00 -1.251347345235893194e+00 3.369111404725705361e-02 nan nan nan nan nan nan nan nan nan nan nan nan nan
nan nan nan nan nan 5.596241555974823534e-01 -7.583903949867039085e-01 -1.812334634432653635e+00 -2.423063168725141381e+00 -2.720113954732710670e+00 -2.749033934418779968e+00 -2.840904242052762374e+00 -2.694373644315161354e+00 -2.256715736522128868e+00 -1.819124061752397603e+00 2.806862422638256582e-02 4.793764346434594148e-01 nan nan nan nan nan nan nan nan nan nan nan
nan nan nan nan nan nan -1.279321810762970690e+00 -2.342137796259083693e+00 -2.963033131802065068e+00 -3.281762593510293868e+00 -3.421669458896081206e+00 -3.488818764204830281e+00 -3.298727638191881084e+00 -2.727332774886552347e+00 -1.424555544419236597e+00 9.706658603966547560e-02 6.005287603621249914e-01 1.337327404882130866e+00 nan nan nan nan nan nan nan nan nan nan
nan nan nan nan nan nan nan -2.611132820985074598e+00 -3.238219406599075256e+00 -3.742133486291156608e+00 -3.892452926475736152e+00 -3.829430414443695696e+00 -3.619150528603352068e+00 -3.253058057275162174e+00 -2.676855372228490015e+00 -1.400684262277696268e+00 -2.689813095233446472e-01 6.544711100397867520e-01 1.067869573704812503e+00 nan nan 1.602879442033867008e+00 nan nan nan nan nan nan
nan nan nan nan nan nan nan -2.911152117949418194e+00 -3.577920848408644439e+00 -4.048967647950720838e+00 -4.077299186266658992e+00 -4.056693585065966445e+00 -3.858457391016878901e+00 -3.581406250033723371e+00 -3.242016635132252134e+00 -2.616823646347267385e+00 -1.917196234321304704e+00 -1.493552282292887945e+00 -8.854271006108667130e-01 -1.375135499359764202e-01 -4.670129872715395036e-01 -9.740450304270370507e-01 -1.325174216642588110e-01 nan nan nan nan nan
nan nan nan nan nan nan nan nan -3.910750800043428566e+00 -4.182988851451916901e+00 -4.118757635643548021e+00 -4.274005196903100767e+00 -4.237901907259370660e+00 -4.105188677161317301e+00 -3.829614680791815218e+00 -3.325050858758924477e+00 -2.849226838428696063e+00 -2.765676655070739010e+00 -2.689742453171850123e+00 -2.582477205464698500e+00 -2.599828736395022322e+00 -2.253855314801670229e+00 -1.496597789274703105e+00 -4.128998849042035957e-01 nan 2.110436106743671658e+00 1.568116847701537475e+00 nan
nan nan nan nan nan nan nan nan nan -4.160142392187394123e+00 -4.395767181661869749e+00 -4.558197239592911565e+00 -4.653882920834895742e+00 -4.678506980491324185e+00 -4.539495395336493822e+00 -4.250324112175946745e+00 -3.960240334233321668e+00 -3.794330914137728161e+00 -3.692008826773194308e+00 -3.710824895467867091e+00 -3.476603981993580117e+00 -2.807503949960348688e+00 -2.148771397095719848e+00 -1.793738561291221334e+00 nan 2.342526492104672897e+00 7.635135996703031891e-01 nan
nan nan nan nan nan nan nan nan nan nan -4.389841526868760724e+00 -4.564808917834033863e+00 -4.912752956815233496e+00 -5.077774825816937287e+00 -5.048609868398936662e+00 -4.858901293649126707e+00 -4.603768559349004974e+00 -4.447121223153974512e+00 -4.247726596726828951e+00 -4.022985225916925422e+00 -3.920567386967514167e+00 -3.144701596422696532e+00 -2.483485639340355267e+00 -2.163470637338149594e+00 -5.113209609245893406e-01 2.253952178130872591e-02 -9.477841185677302605e-01 nan
nan nan nan nan nan nan nan nan nan nan nan nan -5.112759362894990112e+00 -5.267811265530234266e+00 -5.289224055790652912e+00 -5.125993639548561021e+00 -5.007713531672228768e+00 -4.876742726777417047e+00 -4.442599877506088646e+00 -4.088835155419616285e+00 -3.853380144796104911e+00 -3.358338512045738966e+00 -2.592830529037049914e+00 -2.266033197701812441e+00 -1.830853956733888621e+00 -1.587023032969405500e+00 -1.558961662613681520e+00 nan
nan nan nan nan nan nan nan nan nan nan nan nan nan -5.303496489895381139e+00 -5.313646483965919209e+00 -5.373998830355088963e+00 -5.454915452283227495e+00 -4.962045003449336633e+00 -4.513387892922008149e+00 -4.242775896578335981e+00 -3.852191154409270180e+00 -3.220281432622084328e+00 -2.573392891852485320e+00 -2.222823018771532766e+00 -2.225091964395427890e+00 -2.319472614993549175e+00 -1.951191698556930421e+00 nan
nan nan nan nan nan nan nan nan nan nan nan nan nan nan nan -5.782561559609776580e+00 -5.773702604295571028e+00 -5.332707922391724864e+00 -4.834075556574153332e+00 -4.507501109741365752e+00 -3.677528917247621987e+00 -2.885901969850494631e+00 -2.017992056173460558e+00 -2.184568554381282279e+00 -2.836022932638921912e+00 -2.714014277413637988e+00 -2.076162202508354593e+00 nan
nan nan nan nan nan nan nan nan nan nan nan nan nan nan nan nan nan -5.952428281550905531e+00 -5.487115705289503431e+00 -4.942166614326374940e+00 -3.873341637000446536e+00 -2.008398321649969898e+00 -1.773244593402486302e+00 -2.384977478758071978e+00 -3.145958077060345026e+00 -2.846163237824054004e+00 -2.181171187063742689e+00 nan
nan nan nan nan nan nan nan nan nan nan nan nan nan nan nan nan nan nan nan nan -4.270606435867975392e+00 nan nan -2.775590807797586823e+00 -2.730538898009959414e+00 -2.621676745003309161e+00 nan nan
