nan nan nan 1.678925022505349363e+00 5.494439113997079405e-01 -5.633264619757838432e-01 nan nan nan nan nan nan nan nan nan nan nan nan nan nan nan nan nan nan nan nan nan nan
nan nan 1.951126732741593983e+00 1.448435367093640513e+00 6.311402225695700308e-01 -5.145973709425839537e-01 -1.527870980019351510e+00 nan nan nan nan nan nan nan nan nan nan nan nan nan nan nan nan nan nan nan nan nan
nan nan 2.120528854262618612e+00 1.741972569606652366e+00 9.581254779073813399e-01 -1.743373784500416301e-01 -1.288226694769120328e+00 -1.086098323941502075e+00 nan nan nan nan nan nan nan nan nan nan nan nan nan nan nan nan nan nan nan nan
nan 2.335387227608907157e+00 2.374025043140285174e+00 1.961075746076466286e+00 1.116836052352875530e+00 1.102919827724666707e-01 -8.171445653597748660e-01 -8.405927917788821313e-01 2.172911139801312341e-01 nan nan nan nan nan nan nan nan nan nan nan nan nan nan nan nan nan nan nan
2.956448589928217352e+00 2.551617347718693640e+00 2.448749156238681834e+00 1.899948955646852289e+00 1.031350445239718416e+00 -2.373009554290777048e-02 -8.681906166453837725e-01 -8.567128072965034535e-01 -1.169830127558916466e+00 -6.454210063450093182e-01 nan nan nan nan nan nan nan nan nan nan nan nan nan nan nan nan nan nan
3.083256768332049536e+00 2.525327863063112854e+00 2.218809694224363138e+00 1.749779682222538879e+00 9.326221342470343290e-01 -7.881485311264914417e-02 -7.376024935510996361e-01 -8.585070202992002297e-01 -2.158703891927907570e+00 nan nan nan nan nan nan nan nan nan nan nan nan nan nan nan nan nan nan nan
3.013674753216787128e+00 2.358642843413304657e+00 1.993060778626687846e+00 1.537394513255885942e+00 8.190914964620686911e-01 -3.498690133146734743e-02 -5.746890133980969706e-01 -8.594076224731541647e-01 -2.288721965487732657e+00 nan nan nan nan nan nan nan nan nan nan nan nan nan nan nan nan nan nan nan
2.953771275857170586e+00 2.340373849935625916e+00 1.940114335273853463e+00 1.583690720762248816e+00 9.434176837547209038e-01 1.469082441577740372e-01 -3.700256275908629378e-01 -1.226714732606957847e+00 -2.138204803644972340e+00 nan nan nan nan nan nan nan nan nan nan nan nan nan nan nan nan nan nan nan
nan 2.451457095734098868e+00 1.920989554879298344e+00 1.497155993066913826e+00 9.142328503958661035e-01 1.014494409188528984e-01 -6.914613557098856500e-01 -1.786963953730413168e+00 -1.857905010618647879e+00 -8.034449817395936666e-01 nan nan nan nan nan nan nan nan nan nan nan nan nan nan nan nan nan nan
nan 2.369025535234929425e+00 1.521380329569696377e+00 9.419629497600144896e-01 4.158436600445520326e-01 -2.781986527348377924e-01 -1.473277276888966147e+00 -2.443410302538928214e+00 -2.418150985622210314e+00 -1.628855328684857273e+00 nan nan nan nan nan nan nan nan nan nan nan nan nan nan nan nan nan nan
nan 2.249400617202801822e+00 1.378140914547406615e+00 6.752808164611540098e-01 7.805171636175982364e-02 -6.765977157545220999e-01 -2.018708730870579782e+00 -2.656650242419448471e+00 -3.073497672640482126e+00 -2.493958125516757551e+00 nan nan nan nan nan nan nan nan nan nan nan nan nan nan nan nan nan nan
nan nan 1.130190712207237880e+00 2.250257051178073675e-01 -3.803465305765032500e-01 -1.179455729835444000e+00 -2.361596985421430261e+00 -2.825456903898051930e+00 -3.411847109171562753e+00 -2.354981002844557469e+00 nan nan nan nan nan nan nan nan nan nan nan nan nan nan nan nan nan nan
nan nan 2.507628616754091211e-01 -6.873565126526169911e-01 -9.986096616307449381e-01 nan -2.710201401012197753e+00 -3.208813418991142807e+00 -3.375782468119129742e+00 -2.094900229972114225e+00 nan nan nan nan nan nan nan nan nan nan nan nan nan nan nan nan nan nan
nan nan nan nan nan nan -2.519255059819482501e+00 -3.454985956317757179e+00 -3.094991331373323273e+00 -1.618312767107492389e+00 nan nan -6.729176954168714087e-01 nan nan nan nan nan nan nan nan nan nan nan nan nan nan nan
nan nan nan nan nan -1.787243220825354362e+00 -2.478847278157591649e+00 -3.188047562192188877e+00 -2.916513162687990768e+00 -1.802478191846978550e+00 nan nan nan nan nan nan nan nan nan nan nan nan nan nan nan nan nan nan
nan nan nan nan nan -1.309186239706749300e+00 -1.971809044382366150e+00 -2.622655747572405716e+00 -2.314453841606967988e+00 -1.038993293948472729e+00 3.687145215305755452e-01 nan nan nan nan nan nan nan nan nan nan nan nan nan nan nan nan nan
nan nan nan nan nan -8.448806287484457167e-01 -1.248333116812329724e+00 -1.895086509758094673e+00 -1.524787007190538057e+00 -5.077371022711395510e-01 4.976603420617129458e-01 1.331249360420310834e+00 nan 1.740264908155791268e+00 nan nan nan nan nan nan nan nan nan nan nan nan nan nan
nan nan nan nan nan -1.770061574048028274e-01 -6.706089548463500805e-01 -1.073001049091633741e+00 -8.734104207467204839e-01 -8.265277848166422414e-01 -2.496588696049768241e-01 6.545459531621893312e-01 8.497589047795691686e-01 4.931813133062205590e-01 1.162300197848176397e+00 nan nan nan nan nan nan nan nan nan nan nan nan nan
nan nan nan nan nan 4.024082040968354756e-01 -2.627103939493654478e-02 -3.531301191459313982e-01 -3.715634080556545760e-01 -4.937975711178299032e-01 -5.070666980401230539e-01 -3.978830029228096477e-01 4.546141436036936767e-01 7.683913938998181425e-01 6.555549511892102554e-01 2.046279799551015355e+00 1.392766328686015020e+00 nan nan nan nan nan nan nan nan nan nan nan
nan nan nan nan nan nan 2.815726349343458668e-01 1.070762826601445589e-01 -3.917214588268183584e-02 -2.452577031361506121e-01 -2.097861937634183938e-01 -1.322786636319354947e-01 1.432701971253724227e-01 8.783606278338524920e-01 1.115067367668270970e+00 1.040715404416249656e+00 1.372482154343767302e+00 1.454760427085467267e+00 nan nan nan nan nan nan nan nan nan nan
nan nan nan nan nan nan nan 5.126773470387202547e-01 2.292247351808565925e-01 -1.451393001411553363e-01 3.310782841054805969e-02 2.342696690912518809e-01 2.838102012203781443e-01 6.934447971689705614e-01 1.359745864499152690e+00 1.715137918527755989e+00 1.764745606294445768e+00 2.165400204733959555e+00 2.758040435686183400e+00 nan nan 2.997001648321030221e+00 nan nan nan nan nan nan
nan nan nan nan nan nan nan 8.044857252197741282e-01 4.619126808438714926e-01 1.008219980425445333e-01 2.830305176088462327e-01 3.878583767979594255e-01 4.871690747494015206e-01 7.518270573886332020e-01 1.198570409477729637e+00 1.871478595048211124e+00 2.263967433101409910e+00 2.499176248748326667e+00 2.437700427918028989e+00 2.256563825319203520e+00 1.866540034593248354e+00 1.309371870049730990e+00 2.116276530820533353e+00 nan nan nan nan nan
nan nan nan nan nan nan nan nan 3.410784872495743469e-01 -2.199174256191911356e-02 3.875152593879169771e-01 4.077190469875635048e-01 5.101261022522227684e-01 7.221349687893222624e-01 9.435660982800239127e-01 1.446253070044951849e+00 2.144376371450570584e+00 2.324611567793523736e+00 2.121708411199857647e+00 1.820618749507711076e+00 1.286385877406863054e+00 8.052625994468730619e-01 4.892883822613708356e-01 1.565175588196478618e+00 nan 3.044621492446148103e+00 1.217665243421222510e+00 nan
nan nan nan nan nan nan nan nan nan 3.090871606505827748e-02 2.325971143681229980e-01 1.896802535882220475e-01 2.873250808437116111e-01 4.201150024049224441e-01 6.508788799537259528e-01 8.833120162165355449e-01 1.002612202373422967e+00 1.375373145661302976e+00 1.227058559842233221e+00 1.047486580492030361e+00 6.726314082405316919e-01 2.733722996048329468e-01 2.624348635503500476e-02 2.081104089140253521e-01 nan 1.797815177717998703e+00 -5.772204526736496311e-01 nan
nan nan nan nan nan nan nan nan nan nan -6.187829104388770096e-01 -4.723028674334031063e-01 -3.475214445805615560e-01 -2.252463585231008203e-01 -2.051195161756056429e-01 -1.639809948648107973e-01 -1.328186983652267783e-01 -8.050213383067551798e-02 9.348113257556006639e-02 2.129495731473927123e-01 -5.177137920867014992e-02 -5.733174724204126438e-01 -8.205163785743161409e-01 -5.170533077634005270e-01 1.265842618420569277e-01 -9.531089787784554623e-01 -2.449006078155620436e+00 nan
nan nan nan nan nan nan nan nan nan nan nan nan -9.044172124764132681e-01 -8.052013032487733701e-01 -9.698039319634423894e-01 -1.067016681759695773e+00 -1.330004516366324108e+00 -1.711013864284242292e+00 -1.916931659541691202e+00 -1.948163192990827852e+00 -1.699927712979185435e+00 -1.340124896970982249e+00 -1.565343972521908933e+00 -2.254685622363839403e+00 -2.704218771391357468e+00 -3.387114143023529866e+00 -4.071901754104161775e+00 nan
nan nan nan nan nan nan nan nan nan nan nan nan nan -1.621763048858961831e+00 -1.706896625562670300e+00 -1.837556204451714414e+00 -2.103443565525211945e+00 -2.621458417105694494e+00 -3.161967844433776875e+00 -3.456696865563464449e+00 -3.440176159954442703e+00 -3.255887009327829595e+00 -3.769190024196924949e+00 -3.769037687090182498e+00 -4.066622265919039414e+00 -4.797921799398319642e+00 -5.646602836218416854e+00 nan
nan nan nan nan nan nan nan nan nan nan nan nan nan nan nan -2.810346369645391196e+00 -3.002756839321391702e+00 -3.438436180141430043e+00 -4.053192293844293914e+00 -4.470464096556687750e+00 -4.523296661239927019e+00 -4.050215597275531820e+00 -5.159216789445309814e+00 -5.844919286327434627e+00 -5.407576753832044503e+00 -5.989847554851844613e+00 -6.969335048278411548e+00 nan
nan nan nan nan nan nan nan nan nan nan nan nan nan nan nan nan nan -4.384240884349851264e+00 -4.910104050694713784e+00 -5.549300341863024677e+00 -5.029814855188712741e+00 -3.711447841335933973e+00 -5.743108885485508353e+00 -7.022182002480233720e+00 -7.658258989150693807e+00 -7.468296804650003118e+00 -7.746246615193134843e+00 nan
nan nan nan nan nan nan nan nan nan nan nan nan nan nan nan nan nan nan nan nan -5.030248642359969047e+00 nan nan -7.840321927131311597e+00 -8.450811260631102328e+00 -8.659034643343161974e+00 nan nan
