nan nan nan 3.052626653992030814e+00 1.598726077186085615e+00 4.334410552998384514e-01 nan nan nan nan nan nan nan nan nan nan nan nan nan nan nan nan nan nan nan nan nan nan
nan nan 3.723159688599390726e+00 2.562470386929052157e+00 1.168649227678646874e+00 -7.759813062656617522e-02 -5.903145138144874071e-01 nan nan nan nan nan nan nan nan nan nan nan nan nan nan nan nan nan nan nan nan nan
nan nan 3.256132537454735854e+00 1.978303303653683232e+00 7.389407547800607157e-01 -4.782937406924239188e-01 -1.308545685230991129e+00 -5.073420432050332884e-01 nan nan nan nan nan nan nan nan nan nan nan nan nan nan nan nan nan nan nan nan
nan 3.861633890093890464e+00 2.802720150312953962e+00 1.524080804573663128e+00 3.028596255496884826e-01 -1.285293763196240668e+00 -2.094921524128982693e+00 -1.828376021215839309e+00 -8.731575199903071072e-01 nan nan nan nan nan nan nan nan nan nan nan nan nan nan nan nan nan nan nan
4.315162050207404398e+00 3.539338772958124490e+00 2.340009665214438872e+00 1.089145224402702450e+00 -2.538069690199195039e-01 -1.933815850727774510e+00 -2.547651277431076000e+00 -2.809048549538622819e+00 -2.794790531985976934e+00 -4.888446339028111598e-02 nan nan nan nan nan nan nan nan nan nan nan nan nan nan nan nan nan nan
4.210272986092607361e+00 3.247939290833423698e+00 2.039667707438631350e+00 8.496442995587342173e-01 -7.275972909985787274e-01 -2.053680915449486388e+00 -2.611029335794190498e+00 -3.005775620798405878e+00 -3.230185598773339439e+00 nan nan nan nan nan nan nan nan nan nan nan nan nan nan nan nan nan nan nan
4.029830299555470674e+00 2.953554340832477365e+00 1.696739461171752561e+00 4.769211046392010656e-01 -9.362297513996988840e-01 -1.945434980917370327e+00 -2.557831985070456504e+00 -2.744394622337043010e+00 -3.033998804485577239e+00 nan nan nan nan nan nan nan nan nan nan nan nan nan nan nan nan nan nan nan
3.775177119379970581e+00 2.550058015279798251e+00 1.272625540997915916e+00 6.296920502309363843e-02 -9.068412696506268356e-01 -1.821363963853547485e+00 -2.467831535480585092e+00 -2.461187572450737715e+00 -2.344966696378886883e+00 nan nan nan nan nan nan nan nan nan nan nan nan nan nan nan nan nan nan nan
nan 2.050104198308138503e+00 9.249277259257762118e-01 1.120311569781165355e-02 -7.169659378694575036e-01 -1.706890361628059960e+00 -2.292933025888957754e+00 -2.499017437540548947e+00 -1.822317785585138905e+00 -1.238280708012027276e+00 nan nan nan nan nan nan nan nan nan nan nan nan nan nan nan nan nan nan
nan 1.771153008970985931e+00 7.270631896547402606e-01 -1.539163957693051414e-02 -7.551542972938652953e-01 -1.565162898276772463e+00 -2.351780163351215425e+00 -2.923847463313624218e+00 -2.354987247935563133e+00 -1.482804954708997869e+00 nan nan nan nan nan nan nan nan nan nan nan nan nan nan nan nan nan nan
nan 1.718297118557542857e+00 6.949193144399101740e-01 -1.743972791753719831e-01 -9.596192548916683274e-01 -1.561936663195269359e+00 -2.396438271616948334e+00 -3.085799551379477368e+00 -2.658057125683942701e+00 -1.802788434102666537e+00 nan nan nan nan nan nan nan nan nan nan nan nan nan nan nan nan nan nan
nan nan 6.595815527134717415e-01 -1.456163444942368546e-01 -7.431836352637192222e-01 -1.351857547166003259e+00 -2.354295950558908501e+00 -3.283758524198383988e+00 -2.730656366669256929e+00 -1.500231593902249028e+00 nan nan nan nan nan nan nan nan nan nan nan nan nan nan nan nan nan nan
nan nan 6.879887114246515667e-01 2.290767430532985038e-01 -4.987200927626794233e-01 nan -2.515941889032328849e+00 -3.135002806819852772e+00 -2.477377472102904932e+00 -1.252031007157542675e+00 nan nan nan nan nan nan nan nan nan nan nan nan nan nan nan nan nan nan
nan nan nan nan nan nan -2.872070534473466275e+00 -2.831801228395677050e+00 -2.024055787299889886e+00 -1.223764609467234754e+00 nan nan -6.218527555687110020e-01 nan nan nan nan nan nan nan nan nan nan nan nan nan nan nan
nan nan nan nan nan -1.696237152206292231e+00 -2.805330324496754457e+00 -2.638190213722040767e+00 -1.817043518464034779e+00 -1.138284557623950422e+00 nan nan nan nan nan nan nan nan nan nan nan nan nan nan nan nan nan nan
nan nan nan nan nan -1.056804116963831142e+00 -2.585844394640308685e+00 -2.418044220892139773e+00 -1.685964854892139764e+00 -7.075370186599589939e-01 -5.335368692781526923e-01 nan nan nan nan nan nan nan nan nan nan nan nan nan nan nan nan nan
nan nan nan nan nan -1.203906154802837358e+00 -2.605648092634555990e+00 -2.458418646934107610e+00 -1.733208909937396625e+00 -6.586958591481889558e-01 7.314143059957610438e-02 -1.028474707360019780e-01 nan 7.102589283228485373e-01 nan nan nan nan nan nan nan nan nan nan nan nan nan nan
nan nan nan nan nan -1.806936860229553909e+00 -2.924302467864269506e+00 -2.805782209406465721e+00 -2.013608447008682134e+00 -9.882414303450627324e-01 -2.396415458710665081e-01 -4.421014298490931645e-03 -5.516876419562945916e-02 -1.033430306068589682e-01 -4.247318761880234522e-02 nan nan nan nan nan nan nan nan nan nan nan nan nan
nan nan nan nan nan -2.558797559115518094e+00 -3.256024833152209919e+00 -3.011790371038200131e+00 -2.160584017604629370e+00 -1.367359885279083143e+00 -7.386604727005959825e-01 -4.253071631806039088e-01 -1.892904195120685140e-01 -6.155330169648209199e-02 1.826875874332617999e-01 9.419841475815463605e-01 6.455004793200167512e-01 nan nan nan nan nan nan nan nan nan nan nan
nan nan nan nan nan nan -2.929206136124429261e+00 -2.672413215159741728e+00 -2.107641410641438728e+00 -1.417975086681657171e+00 -9.512913853240793083e-01 -8.923847077998674493e-01 -3.775538552080171528e-01 2.294837658620794418e-01 3.885129008493639069e-01 6.774981012440971506e-01 1.345951271504356173e-01 9.021811731710694948e-01 nan nan nan nan nan nan nan nan nan nan
nan nan nan nan nan nan nan -2.082526923531479390e+00 -1.717802835885642532e+00 -1.217335019804144158e+00 -9.250229431572306593e-01 -9.885073013333187664e-01 -7.226470323250515637e-01 8.507602632160211897e-02 7.219188923855569540e-01 6.602547117284573996e-01 1.617206984310058937e-01 9.652419293401597045e-02 5.731674753911213394e-01 nan nan 4.563879046833013153e-01 nan nan nan nan nan nan
nan nan nan nan nan nan nan -1.486949698671133024e+00 -1.252327514586452972e+00 -1.162627978841495047e+00 -1.097383392961900572e+00 -1.115500974832248415e+00 -6.725379202709662607e-01 3.564704097108290504e-01 1.192000274216800548e+00 1.058559151061184034e+00 6.344872265068061123e-01 3.123900391787691744e-01 -1.044672105722559280e-01 -4.098981167692550831e-01 -6.716329981085299439e-01 -4.936089081457870620e-01 2.163568210913102141e-01 nan nan nan nan nan
nan nan nan nan nan nan nan nan -9.734323194387309863e-01 -9.877418735896282831e-01 -1.000420134072779410e+00 -1.073261280377475702e+00 -5.617693543918248489e-01 4.828637192379707233e-01 1.318150673067667533e+00 1.427154255596252863e+00 8.953685312857845302e-01 2.766236212604475386e-01 -1.855534861768785015e-01 -4.332191264056043378e-01 -5.799409981957811544e-01 -1.820850032251001838e-01 6.634404097624188035e-01 2.989716643729481982e-01 nan 1.064612919221239462e+00 1.017236985255466353e+00 nan
nan nan nan nan nan nan nan nan nan -8.547685834266782745e-01 -9.772042236268339011e-01 -9.146170094386478766e-01 -4.567937809134784977e-01 5.383456504158823375e-01 1.364556647612356732e+00 1.584185649261811379e+00 1.014642756123000256e+00 2.706719764747150814e-01 -1.414020689930044726e-02 -3.577987577313929135e-01 -3.681663757227294220e-01 2.602241821908364283e-01 1.311924151661221227e+00 2.177713866478171223e+00 nan 1.313833040663978879e+00 1.399126977889367129e+00 nan
nan nan nan nan nan nan nan nan nan nan -8.414969728289234396e-01 -8.550199756397054429e-01 -4.102074098378136191e-01 7.227284507621248855e-01 1.446211885434140143e+00 1.179099710037562199e+00 8.016641635732782989e-01 4.709802983783319408e-01 1.839431389159656149e-01 7.893469380448790707e-03 1.509205404325868194e-01 7.319483223225433655e-01 1.834043882515622670e+00 2.664108569793704362e+00 2.668382182304433581e+00 2.192940976369557315e+00 1.888579534520982151e+00 nan
nan nan nan nan nan nan nan nan nan nan nan nan -1.258814564994168994e-01 8.202341592154620553e-01 1.190928421779737345e+00 7.425580664265932773e-01 7.401985423809679387e-01 5.929460485442267226e-01 6.066624481460903828e-01 6.436033135288753426e-01 7.746122276986809885e-01 1.245842924727275758e+00 2.067196081754868686e+00 2.718655036609999520e+00 3.086012913503181743e+00 2.996556913215238538e+00 2.667390412363852104e+00 nan
nan nan nan nan nan nan nan nan nan nan nan nan nan 7.985176580753642339e-01 1.009485327891906481e+00 5.980319017050532704e-01 6.591123560420303340e-01 6.482455456474596200e-01 4.896697292615651009e-01 5.586825336610721227e-01 1.113873239582329200e+00 1.434952497869490307e+00 2.065141772711257762e+00 2.886693180100107003e+00 3.493450572522797337e+00 3.618637052442937652e+00 3.313858867379610551e+00 nan
nan nan nan nan nan nan nan nan nan nan nan nan nan nan nan 2.285612349187112757e-01 6.215892203778403124e-02 -5.644133013776899549e-02 1.535345818410092488e-04 3.810347501612844079e-01 1.337987291721095096e+00 1.684795788830141916e+00 1.947983009284372180e+00 2.685728021928020848e+00 3.375376925135954220e+00 3.727968674728665555e+00 3.629806334784126953e+00 nan
nan nan nan nan nan nan nan nan nan nan nan nan nan nan nan nan nan -5.503038646106909182e-01 -3.291436230577924893e-01 3.815047803230340873e-01 1.300352618864141885e+00 1.621717868792922790e+00 1.913141840401258564e+00 2.392795362877849996e+00 3.048554351856139988e+00 3.607634844515283934e+00 3.618434451968328247e+00 nan
nan nan nan nan nan nan nan nan nan nan nan nan nan nan nan nan nan nan nan nan 1.399264522522314813e+00 nan nan 1.986785264064845347e+00 2.940545286310637607e+00 3.354707978664172252e+00 nan nan
