nan nan nan 2.290214919788564618e+00 1.330271160232526118e+00 6.459309051448980377e-01 nan nan nan nan nan nan nan nan nan nan nan nan nan nan nan nan nan nan nan nan nan nan
nan nan 2.835213975530904484e+00 1.596366233501545828e+00 6.536627800580903092e-01 -1.080146821383393824e-01 -6.325481256618196158e-01 nan nan nan nan nan nan nan nan nan nan nan nan nan nan nan nan nan nan nan nan nan
nan nan 1.860430378723007427e+00 6.341845161508663509e-01 5.194681807738671386e-02 -7.805042668057279309e-01 -1.877969821672673900e+00 -2.162717913093204380e+00 nan nan nan nan nan nan nan nan nan nan nan nan nan nan nan nan nan nan nan nan
nan 2.161205015369715543e+00 9.012768256453050908e-01 1.921442823445063675e-01 -5.364421096819386170e-01 -1.785886498505930620e+00 -3.033424856798011771e+00 -3.693763272684974730e+00 -3.123574449984601209e+00 nan nan nan nan nan nan nan nan nan nan nan nan nan nan nan nan nan nan nan
2.342373681524876794e+00 1.333014040195390271e+00 6.660461662391512494e-01 -4.122744805347414165e-02 -1.098869198442536499e+00 -2.483428509444838284e+00 -3.782015976172222960e+00 -4.846179128160453153e+00 -5.837441775068147543e+00 -3.479421314691887535e+00 nan nan nan nan nan nan nan nan nan nan nan nan nan nan nan nan nan nan
1.621849874003258973e+00 1.013309692812250695e+00 5.455519064425304876e-01 -3.825434668056602039e-01 -1.606224376823242261e+00 -3.047689608229759095e+00 -4.420016561523132381e+00 -5.668376142085058689e+00 -6.924245585724780661e+00 nan nan nan nan nan nan nan nan nan nan nan nan nan nan nan nan nan nan nan
1.300295808462367031e+00 8.609081525950004199e-01 2.114505580524102812e-01 -9.012140827386680986e-01 -2.083321213774171454e+00 -3.433531186524709788e+00 -4.844692330436416228e+00 -6.116642324911272688e+00 -7.201166643815202661e+00 nan nan nan nan nan nan nan nan nan nan nan nan nan nan nan nan nan nan nan
1.280308561212231355e+00 6.791521717596954444e-01 -1.811331262315223622e-01 -1.244699538599677080e+00 -2.407248213035061202e+00 -3.721758759243593673e+00 -5.106753924364095809e+00 -6.411285271615104087e+00 -6.452727507113284133e+00 nan nan nan nan nan nan nan nan nan nan nan nan nan nan nan nan nan nan nan
nan 4.644776021318318682e-01 -4.705224010356530706e-01 -1.638878479471320704e+00 -2.723543850178394621e+00 -4.035248216825086054e+00 -5.605922992316695108e+00 -6.701070362971311312e+00 -6.457706960975013288e+00 -3.048852882441199341e+00 nan nan nan nan nan nan nan nan nan nan nan nan nan nan nan nan nan nan
nan 1.239439011190164031e-01 -9.718235481012180710e-01 -2.048256748905597835e+00 -3.060207485313906517e+00 -4.442466029032893005e+00 -6.108631496397481264e+00 -7.247022915730819470e+00 -7.909858745300061500e+00 -5.303756120135788343e+00 nan nan nan nan nan nan nan nan nan nan nan nan nan nan nan nan nan nan
nan -7.191169472258860385e-01 -1.717165511451781423e+00 -2.624986316525860008e+00 -3.382488899673462779e+00 -4.718896252764420041e+00 -6.502537797087470928e+00 -7.567597838107347208e+00 -8.763705733371857320e+00 -6.547833733083918695e+00 nan nan nan nan nan nan nan nan nan nan nan nan nan nan nan nan nan nan
nan nan -2.374196932085456346e+00 -3.193563975276803024e+00 -3.595216069104996137e+00 -4.755726727674739251e+00 -6.743411444058918569e+00 -7.594698597808900331e+00 -8.808619472719342980e+00 -7.053379679190081575e+00 nan nan nan nan nan nan nan nan nan nan nan nan nan nan nan nan nan nan
nan nan -2.878570316369275073e+00 -3.508711274492937626e+00 -3.659694392530149276e+00 nan -6.256673032111907062e+00 -7.308471653972903326e+00 -8.014327145441551892e+00 -7.425973412553594777e+00 nan nan nan nan nan nan nan nan nan nan nan nan nan nan nan nan nan nan
nan nan nan nan nan nan -5.730462141342639981e+00 -6.442568395420333438e+00 -6.695577976538141129e+00 -5.097198449181976621e+00 nan nan -4.130480949064514462e+00 nan nan nan nan nan nan nan nan nan nan nan nan nan nan nan
nan nan nan nan nan -3.877193083264001583e+00 -5.090212937720695940e+00 -5.241671140340559809e+00 -4.909246223360560712e+00 -4.299568426751990913e+00 nan nan nan nan nan nan nan nan nan nan nan nan nan nan nan nan nan nan
nan nan nan nan nan -3.892721813543465803e+00 -4.155612586579362500e+00 -4.031891921360053033e+00 -3.240696485581443298e+00 -1.694775292640370079e+00 8.411736418378429336e-01 nan nan nan nan nan nan nan nan nan nan nan nan nan nan nan nan nan
nan nan nan nan nan -4.734011489622883317e+00 -3.958730692308310761e+00 -3.986290985374664864e+00 -3.489754482998413287e+00 -1.102941102482071667e+00 6.822848772250609262e-01 1.164624814074219028e+00 nan 1.672507818073614816e+00 nan nan nan nan nan nan nan nan nan nan nan nan nan nan
nan nan nan nan nan -5.256032139465520281e+00 -4.435981420467895120e+00 -4.302749457574578607e+00 -4.242310631927467490e+00 -3.353834697985727420e+00 -1.956078231632519815e+00 -7.791609873350768822e-01 -6.714843476009076939e-01 -8.160500202905578426e-01 2.802833782888003999e-01 nan nan nan nan nan nan nan nan nan nan nan nan nan
nan nan nan nan nan -5.360997820331443897e+00 -4.728495459903965248e+00 -4.472943770744613801e+00 -4.273448207422897660e+00 -3.854486006356568240e+00 -3.493229657021220458e+00 -2.792117496899950257e+00 -1.767395937040141085e+00 -1.492995391869208044e+00 -1.228689819194860089e+00 1.238755028039390416e+00 7.289345889852056892e-01 nan nan nan nan nan nan nan nan nan nan nan
nan nan nan nan nan nan -4.619461588430125332e+00 -4.209310247834537222e+00 -3.838196638949310735e+00 -3.663801199889713978e+00 -3.568699099521451590e+00 -3.251058510261863432e+00 -2.553896896911518333e+00 -1.228974905021596564e+00 -8.241402929555047274e-01 1.853390536017670287e-01 6.699484495596979006e-01 9.442876092431558011e-01 nan nan nan nan nan nan nan nan nan nan
nan nan nan nan nan nan nan -3.601864718725405812e+00 -3.227364032530841254e+00 -3.090445156914020775e+00 -3.165642364939866393e+00 -3.134920913552272204e+00 -2.676394214506339075e+00 -1.823318604495801631e+00 -7.188741504622911949e-01 -4.524408856388466293e-02 3.801999460314233747e-01 9.366601149405370252e-01 1.687083112994879341e+00 nan nan 2.826319128855266705e+00 nan nan nan nan nan nan
nan nan nan nan nan nan nan -2.832397661608910155e+00 -2.456180086563906517e+00 -2.401277666273439415e+00 -2.469674605827156810e+00 -2.526852833285385014e+00 -2.289144006312108015e+00 -1.713911778705802025e+00 -9.808243727627963260e-01 -2.421079613034069974e-02 6.206527722096443211e-01 1.179127352140386442e+00 1.518222803986747582e+00 1.857520536283023604e+00 1.729326872189808961e+00 1.174899930859889086e+00 1.609417120021646053e+00 nan nan nan nan nan
nan nan nan nan nan nan nan nan -1.586790714223106136e+00 -1.473258014836781093e+00 -1.464229833706616635e+00 -1.692296562278121863e+00 -1.639013503580870834e+00 -1.278928898473763454e+00 -7.647686094849803773e-01 6.501107334836715712e-02 9.492065111005236755e-01 1.162893650824908587e+00 1.342439475946000771e+00 1.365989479827900643e+00 1.128052276051013880e+00 6.006379316116844391e-01 3.240020154353496218e-01 5.180626638474925549e-01 nan 1.984378244720547801e+00 1.663736964354134651e+00 nan
nan nan nan nan nan nan nan nan nan -5.043603745092034574e-01 -7.139324560221751437e-01 -9.091983771230209843e-01 -8.176201695370295397e-01 -6.180235033344748663e-01 -3.015444032084081960e-01 3.582698033283645001e-01 1.096753248210557974e+00 1.596134866525505291e+00 1.516674243551543233e+00 1.128105691729912596e+00 5.886523292084259174e-01 2.183528950081486675e-01 5.423916865030551510e-02 3.630899688438434247e-01 nan 1.348616831013607964e+00 1.314781546884367103e+00 nan
nan nan nan nan nan nan nan nan nan nan 2.435978871093295028e-01 -9.832856313237840762e-02 -5.367864290596310872e-03 1.698649069820551416e-01 3.228084243892792027e-01 8.591259842284496573e-01 1.430610474192753889e+00 1.936644321307218641e+00 1.917627928012537897e+00 1.336835891633409990e+00 6.688010706925899829e-01 4.024254429080067474e-01 2.799241471898138434e-01 6.652225615247027157e-01 1.600312386855492930e+00 1.745139348603082396e+00 1.609884601234502943e+00 nan
nan nan nan nan nan nan nan nan nan nan nan nan 7.279888894366237651e-01 9.019198704330793070e-01 9.691109194764826462e-01 1.380194619718796423e+00 1.757573545663984937e+00 2.119052926124040503e+00 2.259239052046143392e+00 2.135793339546197434e+00 1.529296517666264066e+00 7.806080274134451491e-01 7.311756573104200019e-01 1.044650799565105093e+00 1.567764654359699250e+00 2.099282812102911677e+00 2.367114437841313812e+00 nan
nan nan nan nan nan nan nan nan nan nan nan nan nan 1.503025795229785411e+00 1.571914374973883533e+00 1.866970940962157988e+00 2.231812292312105761e+00 2.460778579784073106e+00 2.607254766116472666e+00 2.658246974246990302e+00 2.464922751106702670e+00 1.856354378838074970e+00 1.409326067941296223e+00 1.327394211585608330e+00 1.824391993562963998e+00 2.322637246671314326e+00 2.698090280715883527e+00 nan
nan nan nan nan nan nan nan nan nan nan nan nan nan nan nan 2.403981791006175595e+00 2.712834340982169579e+00 2.906307165660458658e+00 2.837142562987394534e+00 2.796015167743420182e+00 2.675091769648187512e+00 2.530422290353494752e+00 2.558139335609416420e+00 1.945674847885438874e+00 2.146890587167227249e+00 2.591280265521358039e+00 2.962948026808285729e+00 nan
nan nan nan nan nan nan nan nan nan nan nan nan nan nan nan nan nan 3.393321102294402092e+00 3.280677669574492139e+00 3.173031986979037544e+00 2.640515613256202432e+00 1.148456119360507843e+00 2.260038383192110700e+00 2.710330232278171714e+00 2.564280607579298543e+00 2.951307614243723343e+00 3.267583664946660083e+00 nan
nan nan nan nan nan nan nan nan nan nan nan nan nan nan nan nan nan nan nan nan 1.268542142762095093e+00 nan nan 2.779752966332392994e+00 2.946953921838295187e+00 3.096410643830366904e+00 nan nan
