nan nan nan 1.163066421831403652e+01 1.027080183290073023e+01 8.475921032212440309e+00 nan nan nan nan nan nan nan nan nan nan nan nan nan nan nan nan nan nan nan nan nan nan
nan nan 1.176459859991931012e+01 1.102388313433402978e+01 9.790782869228243257e+00 7.881280916617529719e+00 5.607925769106295810e+00 nan nan nan nan nan nan nan nan nan nan nan nan nan nan nan nan nan nan nan nan nan
nan nan 1.136489696938388860e+01 1.066698674014019943e+01 9.255910758946189532e+00 7.401730704194432242e+00 5.503602915108429805e+00 4.303381186453910878e+00 nan nan nan nan nan nan nan nan nan nan nan nan nan nan nan nan nan nan nan nan
nan 1.153412787333132350e+01 1.113007323042696406e+01 1.021053270222968479e+01 8.822625220278105473e+00 7.595679076567048327e+00 6.443890630316914780e+00 5.270237182417929489e+00 4.225093455911486551e+00 nan nan nan nan nan nan nan nan nan nan nan nan nan nan nan nan nan nan nan
1.162565221941325788e+01 1.137333576689689885e+01 1.076725746743059986e+01 9.834468525737470657e+00 8.755612476487952378e+00 7.940158771801675286e+00 6.728644835666857560e+00 5.231001005467506459e+00 2.151732524496361432e+00 4.350931231778069064e-01 nan nan nan nan nan nan nan nan nan nan nan nan nan nan nan nan nan nan
1.142484459426707488e+01 1.108172282066701442e+01 1.040179835238806483e+01 9.545775518922852143e+00 8.721475679727939578e+00 7.741308689297894396e+00 6.230565808624359825e+00 3.790358834607293836e+00 -1.198405869233734711e+00 nan nan nan nan nan nan nan nan nan nan nan nan nan nan nan nan nan nan nan
1.096602065979650220e+01 1.052463466085215238e+01 9.782076844287383111e+00 9.027112258779348863e+00 8.277279623014731413e+00 7.224816807396573282e+00 5.478859195855895869e+00 1.943493212340337228e+00 -2.763262520372948394e+00 nan nan nan nan nan nan nan nan nan nan nan nan nan nan nan nan nan nan nan
1.042920420342859167e+01 9.789501287359522408e+00 9.076112764551918843e+00 8.500150015026465056e+00 7.691217924346232415e+00 6.422472388766606421e+00 4.439073817224961083e+00 1.055298357591405445e+00 -2.681620473456117981e+00 nan nan nan nan nan nan nan nan nan nan nan nan nan nan nan nan nan nan nan
nan 9.085341385797343960e+00 8.538001141210926903e+00 7.970337743463304037e+00 7.166557351558335398e+00 5.932583774401235743e+00 3.775966498144512684e+00 -1.131394379470256478e-01 -2.877630076320755848e+00 -1.816540660079634772e+00 nan nan nan nan nan nan nan nan nan nan nan nan nan nan nan nan nan nan
nan 8.564794477956958474e+00 8.113042142762616038e+00 7.548658176144421361e+00 6.669571999886683145e+00 5.255170341140071422e+00 2.255874379462467605e+00 -1.744896490010429346e+00 -5.457088279002472397e+00 -4.234321033185165284e+00 nan nan nan nan nan nan nan nan nan nan nan nan nan nan nan nan nan nan
nan 8.177759548727944861e+00 7.556685577072546067e+00 6.837272942418093358e+00 6.029646013062304633e+00 3.856228156358248782e+00 7.989333710011627954e-01 -3.489587349595186350e+00 -6.640386407926255785e+00 -5.467916927050898046e+00 nan nan nan nan nan nan nan nan nan nan nan nan nan nan nan nan nan nan
nan nan 6.749997865766384386e+00 5.880025903492868800e+00 4.652819072301484837e+00 2.613930319130258528e+00 -7.936084038458672829e-01 -4.385050852732421234e+00 -6.616096575538197300e+00 -5.875844224902713187e+00 nan nan nan nan nan nan nan nan nan nan nan nan nan nan nan nan nan nan
nan nan 4.664805745160381711e+00 3.662455814049882630e+00 2.631222833104438052e+00 nan -2.390756080470263001e+00 -5.227010140335448085e+00 -6.922942495826533538e+00 -5.753586255570958485e+00 nan nan nan nan nan nan nan nan nan nan nan nan nan nan nan nan nan nan
nan nan nan nan nan nan -3.252685833825938566e+00 -5.008821094940430818e+00 -6.328887329643677617e+00 -4.558401539416061077e+00 nan nan -3.033257386889578466e+00 nan nan nan nan nan nan nan nan nan nan nan nan nan nan nan
nan nan nan nan nan -8.537702056143541274e-01 -3.100906110601541421e+00 -3.943451663010208996e+00 -4.615777612150751885e+00 -4.220091989237827690e+00 nan nan nan nan nan nan nan nan nan nan nan nan nan nan nan nan nan nan
nan nan nan nan nan 1.060546602940916905e-01 -2.056954774790066054e+00 -2.690266094290476584e+00 -3.060113997730760982e+00 -1.564721013242313052e+00 1.128538009597855662e+00 nan nan nan nan nan nan nan nan nan nan nan nan nan nan nan nan nan
nan nan nan nan nan -9.471859206018952426e-02 -1.304433832885605549e+00 -1.947194419836328905e+00 -2.404624369365526704e+00 -1.885969017754095756e+00 2.028566922702285669e-01 1.336789873739373080e+00 nan 1.661066269395047978e+00 nan nan nan nan nan nan nan nan nan nan nan nan nan nan
nan nan nan nan nan -3.427891565541662522e-01 -9.879439490052259742e-01 -1.510886352156338264e+00 -2.095924401550917526e+00 -2.674038367488759338e+00 -2.861441931312027620e+00 -1.888038016461272672e+00 -7.647932446984304633e-01 -8.007229814203025153e-01 6.735673545371930748e-01 nan nan nan nan nan nan nan nan nan nan nan nan nan
nan nan nan nan nan -4.548615718627939120e-01 -1.046976353695791451e+00 -1.509829465522253722e+00 -2.052764808332312452e+00 -2.678531292992456514e+00 -3.141549645946229319e+00 -2.965917213453949763e+00 -2.177267242012503434e+00 -1.230959308514361528e+00 -1.345729130371149385e+00 9.532153136215611999e-01 9.772908035301013374e-01 nan nan nan nan nan nan nan nan nan nan nan
nan nan nan nan nan nan -1.222371408011886373e+00 -1.569966465411902989e+00 -1.887236834625228843e+00 -2.361609047657824867e+00 -2.767843350681032710e+00 -2.787714700471386031e+00 -2.619455665691423629e+00 -2.000411293470608420e+00 -1.483282889283266126e+00 -1.352341118315080748e-01 9.183726386916009066e-01 1.919935547478813564e+00 nan nan nan nan nan nan nan nan nan nan
nan nan nan nan nan nan nan -1.450041997930523241e+00 -1.735416536781033914e+00 -2.167834499433445306e+00 -2.554635656132070665e+00 -2.696909841977342737e+00 -2.795169667640295952e+00 -3.086557904340720082e+00 -2.681418427932875215e+00 -1.495562749755946719e+00 -5.683203650331569712e-01 9.509418113875915957e-01 2.237100757799768580e+00 nan nan 2.947718532082073128e+00 nan nan nan nan nan nan
nan nan nan nan nan nan nan -1.053414917977302245e+00 -1.374006153131310137e+00 -1.700419617786180781e+00 -2.284250390166202571e+00 -2.776500728931477813e+00 -3.425679122755275863e+00 -3.546685668410136660e+00 -3.106751617756934980e+00 -2.139065385742525027e+00 -9.346870232220589880e-01 -8.053294395700132113e-02 5.727711878916433852e-01 7.509175117950267486e-01 5.940104919601045808e-01 4.928546469980812361e-01 1.961617839177068001e+00 nan nan nan nan nan
nan nan nan nan nan nan nan nan -7.829274042467349037e-01 -1.308957186376405124e+00 -1.935117259969390213e+00 -3.055567022116038256e+00 -3.530266192095042221e+00 -3.639299926225534776e+00 -3.387492067092790826e+00 -2.522325511317290658e+00 -1.383855101807929699e+00 -5.121008551492405303e-01 -1.270060405223019384e-01 -2.679593725647992294e-02 -6.983054075398248406e-02 -1.941227904301571772e-01 -4.359406394167480991e-02 1.212486903660377369e+00 nan 3.208329658024449138e+00 2.313288988981000660e+00 nan
nan nan nan nan nan nan nan nan nan -1.073343306997161406e+00 -2.164383745498109857e+00 -3.075358834667190511e+00 -3.397726116711779820e+00 -3.575910510087831451e+00 -3.430088042241049351e+00 -2.733361754912889907e+00 -1.989633704798209113e+00 -9.087976784187121737e-01 -4.289874865955889405e-01 -3.882996156840451407e-01 -3.714619446574913830e-01 -1.999621369628296896e-01 1.153849943001403894e-01 5.021593326094389020e-01 nan 3.722942851777848894e+00 2.374519313723271630e+00 nan
nan nan nan nan nan nan nan nan nan nan -2.066091303867432227e+00 -2.701150949266481138e+00 -3.152639913880361355e+00 -3.392012993176894753e+00 -3.191198794134069594e+00 -2.654293386913876063e+00 -2.138113269931867677e+00 -1.503973167418035883e+00 -5.566405744457942895e-01 -1.889133496458839934e-01 4.294626009683034235e-02 1.919875457446967304e-01 4.707107476398572632e-01 1.342337700085419971e+00 2.745247129585637769e+00 2.586207718641463149e+00 1.792777100603763385e+00 nan
nan nan nan nan nan nan nan nan nan nan nan nan -2.788872348692634784e+00 -3.264816914063162212e+00 -2.913772177015337750e+00 -2.497002474772017422e+00 -2.100246436768655300e+00 -1.531244029256150663e+00 -6.151343652731974254e-01 -2.608574382310662187e-01 5.460305994315998168e-01 8.333440063159307520e-01 5.634614394575953034e-01 8.413224021459609903e-01 1.102086559722939674e+00 9.747457925514675381e-01 1.223508486379613736e+00 nan
nan nan nan nan nan nan nan nan nan nan nan nan nan -2.851213831892727146e+00 -2.675523104810205499e+00 -2.263112086589799787e+00 -1.826401647157054109e+00 -1.120198031401331784e+00 -3.545934168473453135e-02 5.180575945713997710e-01 6.330678653333113859e-01 2.754287807285473733e-01 3.872002226880147391e-01 6.236957887552707636e-01 2.680242215457812605e-01 7.296023542537043161e-02 3.746483176109706714e-01 nan
nan nan nan nan nan nan nan nan nan nan nan nan nan nan nan -1.866901303574248328e+00 -1.321929985486193448e+00 -6.230523611009478602e-01 4.082878286367735421e-01 1.137470716511046476e+00 8.358120851038717269e-01 3.864082114077443397e-01 7.184935027854673362e-02 1.155048999654654518e-01 -8.134869742074168908e-02 -1.641774263656148591e-01 6.760335469789234553e-02 nan
nan nan nan nan nan nan nan nan nan nan nan nan nan nan nan nan nan -3.204257210530024325e-01 4.636296813991929167e-01 1.060342416295179779e+00 7.148439518137232884e-01 -2.251739368110980966e-01 -2.060686711608479271e-01 1.899263027711614038e-01 3.277388905656804241e-02 -1.246778460017873430e-01 1.408191754623702024e-02 nan
nan nan nan nan nan nan nan nan nan nan nan nan nan nan nan nan nan nan nan nan -1.171926297680168538e+00 nan nan 4.052169600065767541e-01 1.007736919593782865e+00 4.370689622493643678e-01 nan nan
