nan nan nan 1.235665041706232703e+00 3.008370277049161046e-01 -3.635258807935527470e-01 nan nan nan nan nan nan nan nan nan nan nan nan nan nan nan nan nan nan nan nan nan nan
nan nan 1.025954451103169518e+00 2.256925754814392282e-01 -5.430907199253534046e-01 -1.150071589872264877e+00 -1.186599221298131779e+00 nan nan nan nan nan nan nan nan nan nan nan nan nan nan nan nan nan nan nan nan nan
nan nan 2.200929485742932068e-01 -7.045647789790736581e-01 -1.487609936624112006e+00 -1.644403679349811132e+00 -1.381609591641894230e+00 -3.893592044196284019e-01 nan nan nan nan nan nan nan nan nan nan nan nan nan nan nan nan nan nan nan nan
nan 2.426973936450775027e-01 -9.037544694768483433e-01 -1.820931353556674459e+00 -2.070846546240695307e+00 -1.897718127100096019e+00 -1.393087190994045876e+00 -5.832835989368354568e-01 8.284049782702955778e-01 nan nan nan nan nan nan nan nan nan nan nan nan nan nan nan nan nan nan nan
8.177724406064988960e-01 -3.348761653885680145e-01 -1.711720067372253018e+00 -2.342788824935202019e+00 -2.446649290989912906e+00 -2.317585510559422968e+00 -1.923980825376697679e+00 -1.592401970102860442e+00 -1.270095489746170703e+00 5.199805120139535664e-01 nan nan nan nan nan nan nan nan nan nan nan nan nan nan nan nan nan nan
6.212145908937383165e-01 -4.779037991751103331e-01 -1.730023462253007516e+00 -2.360506186112232285e+00 -2.627141913630054226e+00 -2.592266277056932910e+00 -2.335279809797067951e+00 -2.290835604284090721e+00 -2.075303734640276065e+00 nan nan nan nan nan nan nan nan nan nan nan nan nan nan nan nan nan nan nan
5.883608244370621687e-01 -5.529981514763624428e-01 -1.659138848282257550e+00 -2.336507406009521670e+00 -2.697483503439871644e+00 -2.591755944753618923e+00 -2.254015012132344342e+00 -2.231156340176446484e+00 -2.196184971116244888e+00 nan nan nan nan nan nan nan nan nan nan nan nan nan nan nan nan nan nan nan
3.475992542106098315e-01 -7.234396977979679066e-01 -1.634457618701302017e+00 -2.436280121288065370e+00 -2.930057610944432067e+00 -2.991563612065022859e+00 -2.655289173687851445e+00 -2.300615539842553847e+00 -2.180203725671063353e+00 nan nan nan nan nan nan nan nan nan nan nan nan nan nan nan nan nan nan nan
nan -9.072646705976811221e-01 -1.754698711992743965e+00 -2.551478756856188745e+00 -3.165074115415059008e+00 -3.361636120919650139e+00 -3.294701262706331235e+00 -2.623234598071952028e+00 -1.741530115117293276e+00 -7.579401404527658093e-01 nan nan nan nan nan nan nan nan nan nan nan nan nan nan nan nan nan nan
nan -1.083209469029504435e+00 -1.938362599390317742e+00 -2.821996802758586664e+00 -3.573369063171461857e+00 -3.825588334351300190e+00 -3.668498002653914902e+00 -3.116910320537813472e+00 -2.503476811720275474e+00 -1.823778433371139540e+00 nan nan nan nan nan nan nan nan nan nan nan nan nan nan nan nan nan nan
nan -1.484664454167884173e+00 -2.344375512432888886e+00 -3.187617489446396224e+00 -3.944940160632495640e+00 -4.327435815417466358e+00 -3.960542443577870220e+00 -3.494632902341747727e+00 -2.933486294354777701e+00 -2.127236018086578806e+00 nan nan nan nan nan nan nan nan nan nan nan nan nan nan nan nan nan nan
nan nan -2.787995403950386031e+00 -3.689204888378303959e+00 -3.777458194436365435e+00 -4.591172143504191006e+00 -4.941839026827883785e+00 -4.026561836559618968e+00 -3.305721147448739572e+00 -2.223293253659665236e+00 nan nan nan nan nan nan nan nan nan nan nan nan nan nan nan nan nan nan
nan nan -2.348866358589269510e+00 -2.796210382889580348e+00 -4.048573769651736320e+00 nan -5.871949776985530001e+00 -4.652056743357813495e+00 -3.670255367409075209e+00 -2.432193554228188948e+00 nan nan nan nan nan nan nan nan nan nan nan nan nan nan nan nan nan nan
nan nan nan nan nan nan -6.167874519609943817e+00 -5.336141559026806647e+00 -3.821323335318437930e+00 -2.453535347977960246e+00 nan nan -9.231179445472631473e-01 nan nan nan nan nan nan nan nan nan nan nan nan nan nan nan
nan nan nan nan nan -5.120214155082024376e+00 -5.972254088730968746e+00 -5.281848172605593028e+00 -3.466554067556533614e+00 -2.369410230783475679e+00 nan nan nan nan nan nan nan nan nan nan nan nan nan nan nan nan nan nan
nan nan nan nan nan -5.725357960015333703e+00 -5.454809066806176610e+00 -4.520271128188415588e+00 -3.153261922920235438e+00 -1.797389946289396745e+00 -2.908106105844720513e-01 nan nan nan nan nan nan nan nan nan nan nan nan nan nan nan nan nan
nan nan nan nan nan -4.557142406284003577e+00 -4.570220699170422840e+00 -4.057467271098689210e+00 -2.993420675454462110e+00 -1.815028498385689026e+00 -5.543345047130635583e-01 2.853114723340989811e-01 nan 1.402570513482511716e+00 nan nan nan nan nan nan nan nan nan nan nan nan nan nan
nan nan nan nan nan -3.786042301264800347e+00 -3.721766955837039870e+00 -3.568183055245653712e+00 -3.181726425218537546e+00 -2.347951957719952798e+00 -1.419937591478279915e+00 -5.746210128796792604e-01 3.853890366552491058e-03 6.014615945226171601e-01 1.889998793608359984e+00 nan nan nan nan nan nan nan nan nan nan nan nan nan
nan nan nan nan nan -3.251425317749218280e+00 -3.139798743582846274e+00 -3.132588307161499941e+00 -3.021207519567363775e+00 -2.630029188749086089e+00 -1.910772320647685651e+00 -1.025993780708351899e+00 -1.354524667619030065e-01 4.705024525113853384e-01 9.021678012154357162e-01 2.299932448908142746e+00 2.028403910061021165e+00 nan nan nan nan nan nan nan nan nan nan nan
nan nan nan nan nan nan -3.232269639690389162e+00 -3.195454533373186745e+00 -3.071684386553451329e+00 -2.566983453891063860e+00 -1.984614884351593833e+00 -1.348563495819751212e+00 -5.184380402338915061e-01 3.337923462048252854e-01 7.865410404579450399e-01 1.118829245575535758e+00 1.145252556862885074e+00 1.621099136800617568e+00 nan nan nan nan nan nan nan nan nan nan
nan nan nan nan nan nan nan -3.327790516417993061e+00 -3.109195564344725771e+00 -2.552255909856516070e+00 -1.999609042996728592e+00 -1.481537449527075445e+00 -1.008440261015101536e+00 -1.425051029944442160e-01 7.153340810218287160e-01 7.743697562846301174e-01 9.001645719074204965e-01 1.286181207926194947e+00 1.572336269038911327e+00 nan nan 1.079380101869685804e+00 nan nan nan nan nan nan
nan nan nan nan nan nan nan -3.398978613905988322e+00 -3.006743179158526402e+00 -2.424614321365285541e+00 -1.936383979563335744e+00 -1.552989402121420781e+00 -1.187941757056471426e+00 -4.621503235419063271e-01 5.093237031509428858e-01 8.155109343097384222e-01 8.491071668803406025e-01 9.009181589654142730e-01 7.422076281116010144e-01 3.477325049648814503e-01 -2.006904018387712652e-01 -3.065608783294315742e-01 3.443769797910342656e-01 nan nan nan nan nan
nan nan nan nan nan nan nan nan -2.964671376253369406e+00 -2.528816700942927653e+00 -1.959306238623823582e+00 -1.680244186547315666e+00 -1.458849769641536342e+00 -9.498840776365193861e-01 -1.033234882396275311e-01 5.511649314054257731e-01 6.157056597547708732e-01 4.886433235209453052e-01 2.349947446455139810e-01 -1.975836332606353274e-01 -4.595572650829557459e-01 -5.079741662915233658e-01 -2.720432699571155299e-01 1.162631997840691406e-01 nan 1.314214015286524262e+00 1.192146217105360506e+00 nan
nan nan nan nan nan nan nan nan nan -2.924022311767200399e+00 -2.521252690842554323e+00 -2.020738134785243556e+00 -1.496743221887574693e+00 -1.114044488610808514e+00 -5.289105494629675608e-01 9.179848456058366246e-02 4.936783147036827857e-01 2.182288036142526200e-01 7.669879251771008488e-02 -2.350021167053716331e-01 -3.838884087780081167e-01 -4.924262035543036653e-01 -3.151731706751343398e-01 1.657960660191482305e-01 nan 8.426924101898646269e-01 3.789086495845880864e-01 nan
nan nan nan nan nan nan nan nan nan nan -2.914613942657873213e+00 -2.308946051769483976e+00 -1.675090181886326413e+00 -1.146709821406748375e+00 -8.003769243692456792e-01 -3.839746654492434685e-01 1.938866659231012757e-01 3.977071548375196164e-01 2.215775541492903400e-01 -4.925930812464090168e-03 -1.896830888712356111e-01 -3.347658450958354015e-01 -2.077743644153243474e-01 1.581594696791307764e-01 9.928969191921233062e-01 4.201103991332351684e-01 2.158584147918655473e-03 nan
nan nan nan nan nan nan nan nan nan nan nan nan -1.706878867854283666e+00 -1.244061430700829973e+00 -9.614163144808193229e-01 -5.359365273228245963e-01 7.126938832524155887e-02 5.385668028812727881e-01 6.142925179302929362e-01 5.708887400175102211e-01 1.822230317550783962e-01 -1.890923088458035528e-01 -1.779293375690481627e-01 -7.372446338317131809e-02 3.588071856702828022e-01 4.360183778593272330e-01 1.285285433443299208e-01 nan
nan nan nan nan nan nan nan nan nan nan nan nan nan -1.427921124809599762e+00 -9.510151462329042849e-01 -4.720182612335204753e-01 7.440790760787123481e-02 4.136993672410881895e-01 5.895337241839672116e-01 5.609965198453747970e-01 2.925831774499103033e-01 1.246092152478768013e-02 -2.046574649482479913e-01 -1.491242278322939541e-01 7.601135930236696536e-02 1.347543820754799893e-01 1.598238143341035311e-02 nan
nan nan nan nan nan nan nan nan nan nan nan nan nan nan nan -3.484645625389332091e-01 1.741420374297516227e-01 5.316764863020599918e-01 4.771340934988996252e-01 3.229335050423430276e-01 1.893438184385955875e-02 -1.634489699817984754e-01 -3.613698229776823312e-01 -2.417240052683182761e-01 -1.799727934156767628e-01 -2.072022620450714170e-01 -2.204364327519260924e-01 nan
nan nan nan nan nan nan nan nan nan nan nan nan nan nan nan nan nan 5.281429745904969719e-01 3.067668862476418123e-01 -5.171228994302344562e-02 -3.935328177289501017e-01 -7.437400812766923330e-01 -9.393279013054938176e-01 -7.212719977729000753e-01 -5.929148649258091375e-01 -7.173649413676762565e-01 -6.048431068939197353e-01 nan
nan nan nan nan nan nan nan nan nan nan nan nan nan nan nan nan nan nan nan nan -8.046468005937701395e-01 nan nan -1.194894443297797038e+00 -7.614225328772803447e-01 -9.564390939199318709e-01 nan nan
