nan nan nan -2.074898356496315543e-01 -1.490724929720872227e+00 -2.013335004337079681e+00 nan nan nan nan nan nan nan nan nan nan nan nan nan nan nan nan nan nan nan nan nan nan
nan nan 7.863745803166193316e-01 -3.669924601581288082e-01 -1.561437161566025633e+00 -2.144466920926074938e+00 -2.259890834275972260e+00 nan nan nan nan nan nan nan nan nan nan nan nan nan nan nan nan nan nan nan nan nan
nan nan 6.012834777080365845e-01 -4.557664792460576209e-01 -1.400366544088487153e+00 -2.077813083557690454e+00 -2.223965324105521724e+00 -1.721034670501464969e+00 nan nan nan nan nan nan nan nan nan nan nan nan nan nan nan nan nan nan nan nan
nan 1.430627513134603346e+00 5.210464045287143131e-01 -2.164255055922977289e-01 -1.005068416675883647e+00 -1.941983162692783704e+00 -2.037530745179329195e+00 -2.162663050448820456e+00 -1.533217407439649849e+00 nan nan nan nan nan nan nan nan nan nan nan nan nan nan nan nan nan nan nan
2.313092986761765779e+00 1.560029087253095303e+00 7.248204235387889494e-01 2.127695163791891442e-01 -4.964490673056607961e-01 -1.604322275553087929e+00 -1.792228156861611188e+00 -1.983110780696705211e+00 -2.665699223458481093e+00 -1.904862015164589417e+00 nan nan nan nan nan nan nan nan nan nan nan nan nan nan nan nan nan nan
2.486382803243672779e+00 1.717365088647759830e+00 1.004510479094220310e+00 6.623501671235066945e-01 -6.146488605189695531e-02 -1.160749449830189572e+00 -1.376137056667740888e+00 -1.423250785545883357e+00 -3.213048229173734782e+00 nan nan nan nan nan nan nan nan nan nan nan nan nan nan nan nan nan nan nan
2.799184023525797205e+00 2.152229312570948405e+00 1.473809955363723168e+00 1.047717550448379775e+00 7.096828653984454949e-02 -7.731819968072578542e-01 -9.697406985028205195e-01 -1.027147032828576334e+00 -3.232241591276117987e+00 nan nan nan nan nan nan nan nan nan nan nan nan nan nan nan nan nan nan nan
3.070729632429268108e+00 2.542762124068671969e+00 1.983720835075406752e+00 1.302169317470007970e+00 2.238529762031684078e-01 -4.792880021619110309e-01 -6.326489142650183473e-01 -9.382297081976265218e-01 -2.670935828976795712e+00 nan nan nan nan nan nan nan nan nan nan nan nan nan nan nan nan nan nan nan
nan 2.869130127003896913e+00 2.399953365500329117e+00 1.457802905020021189e+00 3.468146600043211514e-01 -2.468723186019814997e-01 -6.464554041590527822e-01 -1.163600688692230989e+00 -1.754999271110088577e+00 -1.020370527327155497e+00 nan nan nan nan nan nan nan nan nan nan nan nan nan nan nan nan nan nan
nan 3.196719018740469487e+00 2.629364428459313174e+00 1.583685488140138764e+00 2.946797088333689141e-01 -1.915503533453456197e-01 -7.609739292929947885e-01 -1.551413103951746919e+00 -1.977192770218035855e+00 -1.613669196901897251e+00 nan nan nan nan nan nan nan nan nan nan nan nan nan nan nan nan nan nan
nan 3.462139722282757681e+00 2.678932880457829402e+00 1.618141876520304168e+00 2.689782092089563204e-01 -2.684880971806307692e-01 -7.211118578774639021e-01 -1.397000782712268130e+00 -1.835319527739119216e+00 -2.041709867109278598e+00 nan nan nan nan nan nan nan nan nan nan nan nan nan nan nan nan nan nan
nan nan 2.293302618946202909e+00 1.248152219780676919e+00 3.718926944451499215e-03 -4.577061952125963673e-01 -7.425172307679457351e-01 -1.217483077876757136e+00 -1.345398856047592018e+00 -1.842488203372774080e+00 nan nan nan nan nan nan nan nan nan nan nan nan nan nan nan nan nan nan
nan nan 7.964413518277856374e-01 -7.848504121770075170e-02 -6.341557768267751527e-01 nan -3.218813572912824772e-01 -4.137899896945921863e-01 -9.132914683190294092e-01 -1.372552049070795643e+00 nan nan nan nan nan nan nan nan nan nan nan nan nan nan nan nan nan nan
nan nan nan nan nan nan -1.750056678512058178e-02 2.050886746987603537e-01 -3.105728459912421302e-01 -6.753825021836142861e-01 nan nan -6.336631203135694168e-01 nan nan nan nan nan nan nan nan nan nan nan nan nan nan nan
nan nan nan nan nan -8.658623896718942170e-02 9.863548625412990600e-02 1.980724987710326679e-01 2.266827661474930811e-01 -6.830740346461518231e-02 nan nan nan nan nan nan nan nan nan nan nan nan nan nan nan nan nan nan
nan nan nan nan nan 9.620350267686896828e-01 7.125689287916863179e-01 7.471179193700858701e-01 1.016932294407374870e+00 1.008004909999018484e+00 7.721406792502478744e-01 nan nan nan nan nan nan nan nan nan nan nan nan nan nan nan nan nan
nan nan nan nan nan 4.374014149615366165e-01 9.751408012149536120e-01 1.484079610425834250e+00 1.663744525598112700e+00 1.962013038229845296e+00 1.591724997339510450e+00 1.089276106499748709e+00 nan 1.551367265707366716e+00 nan nan nan nan nan nan nan nan nan nan nan nan nan nan
nan nan nan nan nan 1.160950204565705191e+00 1.708147602291038236e+00 2.321986836206670901e+00 2.223318634055798881e+00 2.276776830726795708e+00 1.933592129861064546e+00 1.109799445704287457e+00 9.537663102643411106e-01 8.138349180071875466e-01 1.389663510319490536e+00 nan nan nan nan nan nan nan nan nan nan nan nan nan
nan nan nan nan nan 1.927918824562204536e+00 2.296287568006755819e+00 2.521374609026456604e+00 2.835407963880555826e+00 2.832730580799449172e+00 2.677339991708992173e+00 2.101869588725009397e+00 1.515634325902267987e+00 1.123983236613035563e+00 8.235906167034633407e-01 1.897184620556036316e+00 1.629971060362900737e+00 nan nan nan nan nan nan nan nan nan nan nan
nan nan nan nan nan nan 2.853453051352557335e+00 3.312818481369204981e+00 3.562976311136243357e+00 3.840919673909156007e+00 3.849669920176162830e+00 3.273962050635945698e+00 2.621706239816846917e+00 1.827147575102404664e+00 1.257863387811108513e+00 9.538919868567774518e-01 1.074708376989552905e+00 1.679038227563939500e+00 nan nan nan nan nan nan nan nan nan nan
nan nan nan nan nan nan nan 4.272402585532272035e+00 4.617495130170176765e+00 4.954729328601207072e+00 4.858065508966627810e+00 4.200433722499742117e+00 3.443502122603000704e+00 2.787074979483156856e+00 2.090245757757774658e+00 2.137684470224677113e+00 2.020494782825398516e+00 2.307373012701412485e+00 2.455204799614097322e+00 nan nan 3.165383595493628466e+00 nan nan nan nan nan nan
nan nan nan nan nan nan nan 5.340775843359394592e+00 5.715344945155356626e+00 5.807589644222756142e+00 5.463802207318388504e+00 4.659691697146813638e+00 4.071724693937690098e+00 3.571639831634757734e+00 3.088034784922371490e+00 2.715890387590493837e+00 2.314570579995731681e+00 2.102109904272872143e+00 1.772429552055321933e+00 1.205337605843668003e+00 7.158470660144327091e-01 5.224054678663493378e-01 2.113347578079380895e+00 nan nan nan nan nan
nan nan nan nan nan nan nan nan 6.865928009666602883e+00 6.658696286871077064e+00 6.345823994581052396e+00 5.185401376899527293e+00 4.522242276849987697e+00 4.071376306256213162e+00 3.351019391256579993e+00 2.646961313002214933e+00 2.203428908335538505e+00 1.636618595758611461e+00 1.146433593214953639e+00 7.161155667031093852e-01 9.020736336178704351e-02 -3.202759487984294107e-01 -2.394069933918180904e-01 1.856464727290804140e+00 nan 2.354265170564784349e+00 1.362016174170480376e+00 nan
nan nan nan nan nan nan nan nan nan 7.498083431441111557e+00 6.702586908495593576e+00 5.703641419385464317e+00 4.995085158131318259e+00 4.251426488082615585e+00 3.397495391255262565e+00 2.441078063637953655e+00 1.987726124315252640e+00 1.364112262178166057e+00 6.954257759317741261e-01 1.861116830184991744e-01 -2.280094275166951248e-02 -3.034668480699017623e-01 -3.861839334810535096e-01 1.805183013430625705e-01 nan 2.151937283324722117e+00 6.208772878976694942e-01 nan
nan nan nan nan nan nan nan nan nan nan 7.084414319894667855e+00 6.067727644045000979e+00 5.181736718796053687e+00 4.162792590672471427e+00 3.327715813058620853e+00 2.294142008792053655e+00 1.758462264462307800e+00 1.377865723834946987e+00 6.518705842076347734e-01 -1.481816930871836593e-03 -4.729153111594631698e-01 -6.334738644674258179e-01 -5.151641622660197983e-01 -2.409243411982693317e-01 6.239233754973406709e-01 1.870807283420860556e-01 -6.543561690225180305e-01 nan
nan nan nan nan nan nan nan nan nan nan nan nan 4.952608753888572579e+00 3.630941234249876803e+00 2.959392615852097119e+00 1.949425497907409266e+00 9.236095771637866658e-01 3.257394261127212198e-01 2.195985391534553341e-02 -4.566733000325293723e-01 -7.383363736012120704e-01 -7.354643210260587427e-01 -1.128852953386169755e+00 -1.671975202210137290e+00 -1.508103878661603003e+00 -1.691849395543889578e+00 -1.840199270506194029e+00 nan
nan nan nan nan nan nan nan nan nan nan nan nan nan 3.447256065216967258e+00 2.785326017446242197e+00 1.730800668193073655e+00 5.185696987601173813e-01 -4.214374999750338802e-01 -1.124447040736659353e+00 -1.537698268059880080e+00 -1.509538059869131255e+00 -1.486120145020606964e+00 -2.309144420918064267e+00 -3.404501764916415318e+00 -3.591480686740696093e+00 -3.340388173608784594e+00 -3.205130164908419399e+00 nan
nan nan nan nan nan nan nan nan nan nan nan nan nan nan nan 1.177129711612165064e+00 -1.999750145258238909e-02 -9.594115690194695567e-01 -1.955516690183207951e+00 -2.490899266008682833e+00 -2.895173687794566408e+00 -2.803056318233585031e+00 -3.884061750268730240e+00 -4.736301773421490502e+00 -4.958673740316338119e+00 -4.555579153761785349e+00 -4.267432672593914234e+00 nan
nan nan nan nan nan nan nan nan nan nan nan nan nan nan nan nan nan -2.018376948970496354e+00 -3.238558986492982239e+00 -4.079952691982684954e+00 -4.093040458271075543e+00 -4.058071884830011022e+00 -5.106034877438539787e+00 -5.778794144086479179e+00 -5.719461691032896589e+00 -5.301196753018501795e+00 -4.734822355576731923e+00 nan
nan nan nan nan nan nan nan nan nan nan nan nan nan nan nan nan nan nan nan nan -5.488970018251611016e+00 nan nan -5.826581150208468785e+00 -5.748779991921677990e+00 -5.533983435047002075e+00 nan nan
