nan nan nan -4.217014148731713874e+00 -3.495663955505106557e+00 -2.671488479454620979e+00 nan nan nan nan nan nan nan nan nan nan nan nan nan nan nan nan nan nan nan nan nan nan
nan nan -4.534451129105716127e+00 -4.087300158404477024e+00 -3.364575789470502620e+00 -2.575477339041122082e+00 -1.725294356544646357e+00 nan nan nan nan nan nan nan nan nan nan nan nan nan nan nan nan nan nan nan nan nan
nan nan -4.536582466496284383e+00 -4.062833788379857758e+00 -3.280502012375205556e+00 -2.271838917887788245e+00 -1.540903655539534123e+00 -9.368206792818342121e-01 nan nan nan nan nan nan nan nan nan nan nan nan nan nan nan nan nan nan nan nan
nan -4.656711160207519740e+00 -4.417934298476970945e+00 -3.975800027591221308e+00 -3.147512917997927762e+00 -2.078974606964648419e+00 -1.560197357578590793e+00 -1.357633967773968164e+00 -3.396615703134838737e-01 nan nan nan nan nan nan nan nan nan nan nan nan nan nan nan nan nan nan nan
-4.472992884907769806e+00 -4.320446129753327646e+00 -4.081054666311212387e+00 -3.631296180612562541e+00 -2.924342126927834240e+00 -2.156843853814940370e+00 -2.001690520320518196e+00 -1.489865643820385888e+00 -1.048396913046679035e+00 3.088215573835082495e-01 nan nan nan nan nan nan nan nan nan nan nan nan nan nan nan nan nan nan
-4.029225252916052824e+00 -3.950763079597881422e+00 -3.896066538544620705e+00 -3.350221518879667570e+00 -2.786478412954715544e+00 -2.308320650335815571e+00 -1.938513936700699825e+00 -1.197815676025656861e+00 -9.739134600022782973e-01 nan nan nan nan nan nan nan nan nan nan nan nan nan nan nan nan nan nan nan
-3.561599822067978316e+00 -3.494269593346405411e+00 -3.545346865656048063e+00 -3.416021584320350968e+00 -3.112502220519762552e+00 -2.585283986031248205e+00 -1.961057240913601341e+00 -1.160132817738275701e+00 -1.120500603762604408e+00 nan nan nan nan nan nan nan nan nan nan nan nan nan nan nan nan nan nan nan
-3.160044544053127957e+00 -3.239206825471192097e+00 -3.382618259837226748e+00 -3.420211070892631877e+00 -3.368780230068553205e+00 -3.013476848117992990e+00 -2.456487275329548581e+00 -1.540351907535140841e+00 -8.790870352872197646e-01 nan nan nan nan nan nan nan nan nan nan nan nan nan nan nan nan nan nan nan
nan -2.957057875752849174e+00 -3.173363542641408408e+00 -3.315908342344275006e+00 -3.255184489607586773e+00 -3.001053177666701988e+00 -2.479774683029123405e+00 -1.631842151302251187e+00 -6.669617878293496727e-01 -7.454886973928681604e-01 nan nan nan nan nan nan nan nan nan nan nan nan nan nan nan nan nan nan
nan -2.653416157002969733e+00 -2.945632446856008002e+00 -3.090029828696828851e+00 -2.967330916007480113e+00 -2.726731027311399824e+00 -2.470927475570451559e+00 -1.831754956357508402e+00 -1.043828525662994444e+00 -5.022758756762524257e-01 nan nan nan nan nan nan nan nan nan nan nan nan nan nan nan nan nan nan
nan -2.556365710228294841e+00 -2.673841572303353509e+00 -2.585686658723031606e+00 -2.458116115503788723e+00 -2.482219339696746463e+00 -2.264565806972488993e+00 -1.587745673546784753e+00 -9.472589541147690140e-01 8.099624824424156433e-02 nan nan nan nan nan nan nan nan nan nan nan nan nan nan nan nan nan nan
nan nan -1.966509260110577362e+00 -1.646186031944578021e+00 -1.681074325970124850e+00 -2.345759064967205543e+00 -2.689081189301521846e+00 -1.754493608670352423e+00 -7.461594080522947481e-01 5.439029981222818222e-01 nan nan nan nan nan nan nan nan nan nan nan nan nan nan nan nan nan nan
nan nan -2.802406248464757721e-01 -5.526121040635941783e-01 -1.794817596268819759e+00 nan -3.479707512325373120e+00 -2.198729545057827472e+00 -8.866428724677040130e-01 2.730718280082342075e-01 nan nan nan nan nan nan nan nan nan nan nan nan nan nan nan nan nan nan
nan nan nan nan nan nan -3.441523202675097703e+00 -2.690509621674791241e+00 -1.357219960109715684e+00 -2.281520887856937907e-01 nan nan 6.683337052498420361e-01 nan nan nan nan nan nan nan nan nan nan nan nan nan nan nan
nan nan nan nan nan -2.677413551785673640e+00 -2.829000364934357581e+00 -2.621996749979377039e+00 -1.727118836052464079e+00 -1.000741842250335800e+00 nan nan nan nan nan nan nan nan nan nan nan nan nan nan nan nan nan nan
nan nan nan nan nan -2.269025256058996742e+00 -2.376880758854026165e+00 -2.067330627282447431e+00 -1.630033271476499346e+00 -1.490213104931330523e+00 -1.171169835175508434e+00 nan nan nan nan nan nan nan nan nan nan nan nan nan nan nan nan nan
nan nan nan nan nan -1.642288491010088558e+00 -2.169259505990629222e+00 -2.197352740394216575e+00 -1.515016827948281408e+00 -8.174444555042177374e-01 -2.106539854177967575e-01 5.241955911919742306e-01 nan 1.152296475744944981e+00 nan nan nan nan nan nan nan nan nan nan nan nan nan nan
nan nan nan nan nan -1.657682463013038232e+00 -2.411567685532127303e+00 -2.581956947529954860e+00 -2.230160128288539934e+00 -1.374856359410084439e+00 -5.626169038938567679e-01 -9.386879195372148377e-02 -3.770172486350941154e-01 -4.803384241562971835e-01 2.790207045705968003e-01 nan nan nan nan nan nan nan nan nan nan nan nan nan
nan nan nan nan nan -1.969588444015805795e+00 -2.753673633926438047e+00 -3.339628534992249431e+00 -3.137702036486186508e+00 -2.332003112737084827e+00 -1.421927235107851573e+00 -7.822009256475168648e-01 -4.653047083724070609e-01 -5.709014506805630829e-01 -2.441626522886893857e-01 9.585032441516726509e-01 6.374057920619420337e-01 nan nan nan nan nan nan nan nan nan nan nan
nan nan nan nan nan nan -3.007615036885472382e+00 -3.757706363992034948e+00 -3.788827028615294967e+00 -3.110108701151843125e+00 -2.028122332172162423e+00 -1.204956368109940890e+00 -6.913611690775505192e-01 -4.564483637265946414e-01 -1.576664207561057074e-01 3.013460165404618918e-01 2.677557159506768203e-01 9.083528446719575378e-01 nan nan nan nan nan nan nan nan nan nan
nan nan nan nan nan nan nan -3.937166611268252403e+00 -4.244575254114851148e+00 -3.589849948789055833e+00 -2.491405726554316136e+00 -1.598537321629954544e+00 -9.495725366919461896e-01 -4.420158921213294123e-01 -8.597610148358468540e-02 5.030730928406330210e-02 1.379639819108556542e-01 5.650391811042333456e-01 9.776375271564539116e-01 nan nan 7.856451290705512847e-01 nan nan nan nan nan nan
nan nan nan nan nan nan nan -3.932021358759861140e+00 -4.345809266668006821e+00 -3.915201675726128983e+00 -2.847499110502025754e+00 -1.955488714625321256e+00 -1.249778795505921414e+00 -6.108065210716651094e-01 -8.367029055691699302e-02 9.691330135885667038e-03 2.164100527442265054e-01 5.802593418230190814e-01 7.512859638227969983e-01 4.415596527796842308e-01 -8.582231120253121237e-02 -1.291500191213184323e-01 4.618488102352721891e-01 nan nan nan nan nan
nan nan nan nan nan nan nan nan -4.286378483821734697e+00 -4.164325972885351668e+00 -3.062071456168840022e+00 -2.262850851122291562e+00 -1.593776065582914070e+00 -8.701552021741475462e-01 -3.285646489015159877e-01 -7.886635768341586361e-02 1.556905045171320112e-01 5.232321633903984637e-01 6.787392125816329447e-01 4.392876627441970050e-01 1.285616878427308651e-01 1.946368231197456999e-01 5.052886905487129487e-01 1.252411005627471208e-01 nan 6.567110282314125858e-01 9.824849845018862604e-01 nan
nan nan nan nan nan nan nan nan nan -4.343758114783248026e+00 -3.395419809851617732e+00 -2.549375634667022883e+00 -1.797113884845560783e+00 -1.052423077590574074e+00 -5.461265219515097913e-01 -1.691979460726236173e-01 1.295729974907525728e-01 5.889128430439600770e-01 7.207771589682590019e-01 4.467285415558400752e-01 4.210301184494954496e-01 6.667807579797907502e-01 9.445827746045846185e-01 1.198620191380034283e+00 nan 1.178683729274064396e+00 8.986697754648835801e-01 nan
nan nan nan nan nan nan nan nan nan nan -3.680671868873778063e+00 -2.876089094743860652e+00 -2.021115291565906080e+00 -1.232211738982737836e+00 -6.650218278711046427e-01 -2.247548971300236953e-01 4.753485210869950323e-02 5.103409123956953453e-01 6.800506484808225283e-01 6.267957835595537874e-01 6.827951512866404782e-01 7.586017082614187057e-01 1.056753527806081783e+00 1.530465766438636299e+00 1.815488913847051577e+00 1.050189603330033972e+00 1.205822557331295508e+00 nan
nan nan nan nan nan nan nan nan nan nan nan nan -2.262599001411789601e+00 -1.450600992765881170e+00 -9.213244046994298886e-01 -3.587648354527587791e-01 4.364841679022902349e-02 3.645074179128705572e-01 5.490607682261586797e-01 5.976656669920613618e-01 6.565560214797361294e-01 7.778584074287399064e-01 1.058816407610771337e+00 1.343774434252028360e+00 1.510194912803083822e+00 1.469323764454529169e+00 1.652204770502347264e+00 nan
nan nan nan nan nan nan nan nan nan nan nan nan nan -1.756771930262704728e+00 -1.110380003350883271e+00 -4.577133565717818597e-01 -1.510367016537304818e-02 2.607248780908607011e-01 4.220130023331823965e-01 3.700851527531954233e-01 2.932008684282870759e-01 5.824162876311606007e-01 8.269308165310320646e-01 1.053555805297875514e+00 1.275501464228394388e+00 1.425505485577967413e+00 1.685111352940633411e+00 nan
nan nan nan nan nan nan nan nan nan nan nan nan nan nan nan -7.159225997081724024e-01 -2.644918094029422018e-01 2.632616221251250430e-02 2.505828651577219901e-01 5.132661032472040086e-01 5.001936612637180035e-01 5.478608253106164172e-01 3.765810574098939489e-01 7.160530303236646299e-01 1.116132263755825083e+00 1.448890653558007724e+00 1.628658082263851670e+00 nan
nan nan nan nan nan nan nan nan nan nan nan nan nan nan nan nan nan -5.454468398119988876e-02 5.107120263395393822e-01 9.473817478885624421e-01 9.174020468936917583e-01 7.829208364954604038e-01 -3.720778781229419074e-01 2.948392268514689607e-01 1.037877547775714282e+00 1.556155870456365387e+00 1.700266925753655567e+00 nan
nan nan nan nan nan nan nan nan nan nan nan nan nan nan nan nan nan nan nan nan 1.688859506207294414e+00 nan nan 7.624517224215195121e-02 1.123182488426625270e+00 1.728009626664096299e+00 nan nan
