nan nan nan 7.623150289057557316e+00 6.068776601361728140e+00 4.257671857283486183e+00 nan nan nan nan nan nan nan nan nan nan nan nan nan nan nan nan nan nan nan nan nan nan
nan nan 8.004382671403055483e+00 6.773208234178579978e+00 5.261444499096641358e+00 3.375797026381253563e+00 1.342362844082187978e+00 nan nan nan nan nan nan nan nan nan nan nan nan nan nan nan nan nan nan nan nan nan
nan nan 6.878726590808536656e+00 5.725951011663695134e+00 4.290734594591977924e+00 2.444750808343622239e+00 3.963948727386386039e-01 -7.746873347856580994e-01 nan nan nan nan nan nan nan nan nan nan nan nan nan nan nan nan nan nan nan nan
nan 6.658365641031992688e+00 5.700901395155901774e+00 4.396460853874365249e+00 2.793406175891942400e+00 1.111704063878097504e+00 -5.868108213878784341e-01 -2.549522911528556257e+00 -3.642054310141565221e+00 nan nan nan nan nan nan nan nan nan nan nan nan nan nan nan nan nan nan nan
6.079681223029254511e+00 5.473865691814908452e+00 4.579324437368162748e+00 3.178793989508005957e+00 1.443578517356559843e+00 -1.863055830414149239e-01 -2.435418406481035358e+00 -4.678949847967893483e+00 -7.765445808958211238e+00 -5.813077817300943195e+00 nan nan nan nan nan nan nan nan nan nan nan nan nan nan nan nan nan nan
5.053391739318658260e+00 4.148485192042933534e+00 2.901920194955923460e+00 1.569020868133699231e+00 -2.667526805584284899e-01 -2.146684707805939674e+00 -4.119380663226008821e+00 -6.449322575888309039e+00 -9.417414820138953147e+00 nan nan nan nan nan nan nan nan nan nan nan nan nan nan nan nan nan nan nan
4.067307078373110230e+00 2.946951166784076648e+00 1.487439094873904244e+00 8.993648909741459169e-03 -1.520253445310353113e+00 -3.291443155033663803e+00 -5.141277043377167288e+00 -6.835700836614017284e+00 -8.824198586468130046e+00 nan nan nan nan nan nan nan nan nan nan nan nan nan nan nan nan nan nan nan
3.307758132830144859e+00 2.009153998432833710e+00 6.923854466637520133e-01 -5.892720145088433670e-01 -2.148594435095824373e+00 -4.046447433191132426e+00 -5.629293411584519014e+00 -6.766369112006953124e+00 -7.056639498517068176e+00 nan nan nan nan nan nan nan nan nan nan nan nan nan nan nan nan nan nan nan
nan 1.564718824679760534e+00 3.330367817108205730e-01 -1.205153381528883072e+00 -3.123254575390763232e+00 -4.825415087779410861e+00 -5.892511448220822956e+00 -6.683132313101531885e+00 -5.877072412199892959e+00 -2.727045761098434440e+00 nan nan nan nan nan nan nan nan nan nan nan nan nan nan nan nan nan nan
nan 1.362703451057849291e+00 -9.643299404035035605e-02 -2.021618371234689349e+00 -3.753388434889976644e+00 -5.270863958585443321e+00 -6.256148953991972128e+00 -7.463147158214118448e+00 -7.503506272396550436e+00 -5.212851840760573729e+00 nan nan nan nan nan nan nan nan nan nan nan nan nan nan nan nan nan nan
nan 9.987080646974146880e-01 -7.096981987120171143e-01 -2.513053601466419540e+00 -4.295290555688760392e+00 -5.774146693661751151e+00 -6.867766678868575170e+00 -7.381974421373319828e+00 -7.438938840367278260e+00 -6.194955707457590499e+00 nan nan nan nan nan nan nan nan nan nan nan nan nan nan nan nan nan nan
nan nan -1.545367010975585265e+00 -3.493556964600734727e+00 -4.640619939521135606e+00 -6.002977775449751974e+00 -6.926237954422990839e+00 -7.322014546114615996e+00 -6.826210115230803233e+00 -5.839845104699740830e+00 nan nan nan nan nan nan nan nan nan nan nan nan nan nan nan nan nan nan
nan nan -2.150853487188910229e+00 -3.169409693886054757e+00 -3.868379020019331094e+00 nan -6.536893057143339902e+00 -7.184941957674296553e+00 -6.451501719939603419e+00 -5.161956098605244847e+00 nan nan nan nan nan nan nan nan nan nan nan nan nan nan nan nan nan nan
nan nan nan nan nan nan -5.881201646170358011e+00 -6.641011134799311044e+00 -6.388225496449480012e+00 -4.097059261336059244e+00 nan nan -2.816474822189775296e+00 nan nan nan nan nan nan nan nan nan nan nan nan nan nan nan
nan nan nan nan nan -4.118710655182898250e+00 -4.927306703248129693e+00 -5.445630049084907220e+00 -5.445093127564248903e+00 -4.613127024713809199e+00 nan nan nan nan nan nan nan nan nan nan nan nan nan nan nan nan nan nan
nan nan nan nan nan -3.452587290722824775e+00 -3.953329400355602985e+00 -3.887306678484637068e+00 -3.517865341954973690e+00 -2.238853547961661583e+00 5.881984022508432997e-01 nan nan nan nan nan nan nan nan nan nan nan nan nan nan nan nan nan
nan nan nan nan nan -2.705968537586979306e+00 -3.069360553154912186e+00 -2.855659882662113791e+00 -2.289865622709193804e+00 -1.455702415232080549e+00 3.217301946109969446e-01 1.405799050964962937e+00 nan 1.425614794904555671e+00 nan nan nan nan nan nan nan nan nan nan nan nan nan nan
nan nan nan nan nan -2.189437254403039379e+00 -2.648034231993264154e+00 -2.302100064037615912e+00 -2.165989231775896418e+00 -2.012635670683754263e+00 -1.763086055776986294e+00 -1.056809768541879357e+00 -4.556034109089416306e-01 -5.809795770520872482e-01 3.310143726018613397e-01 nan nan nan nan nan nan nan nan nan nan nan nan nan
nan nan nan nan nan -1.559615660350686328e+00 -1.990494780619930015e+00 -1.839336714100209047e+00 -1.819986544363597858e+00 -2.148594794158634080e+00 -2.465941792510187636e+00 -1.983519023559750405e+00 -1.260514933291246420e+00 -8.357340650292741646e-01 -8.171004760683715507e-01 1.068581408229197560e+00 9.137963348771265260e-01 nan nan nan nan nan nan nan nan nan nan nan
nan nan nan nan nan nan -1.226372847840377256e+00 -1.421019434117541058e+00 -1.619020128182784735e+00 -1.998506134296384351e+00 -2.190678365661792970e+00 -1.822304727703084160e+00 -1.037563790229277361e+00 -4.085897494248085793e-01 -7.090111429253738093e-03 6.207426467107303170e-01 6.555692864510082041e-01 1.155046714056577883e+00 nan nan nan nan nan nan nan nan nan nan
nan nan nan nan nan nan nan -9.432120698664371305e-01 -1.241248263933128371e+00 -1.840020832617962565e+00 -1.613062141784548986e+00 -1.313645930098028991e+00 -7.953452548175282688e-01 -1.440779254384261798e-01 7.561677366450736404e-01 1.345013985715145299e+00 1.392996216179533286e+00 1.649342530379832583e+00 2.257771429868369761e+00 nan nan 3.218851815099454505e+00 nan nan nan nan nan nan
nan nan nan nan nan nan nan -4.823220097493741698e-01 -1.017966802788838665e+00 -1.448711203172563300e+00 -1.052704030151517811e+00 -6.740120934927943397e-01 -3.442795056830969536e-01 4.110251741054907204e-02 6.656205537053573318e-01 1.456347758057017439e+00 1.475146423788065153e+00 1.399142177525507069e+00 1.557842261983105381e+00 1.320735705899797052e+00 1.116567606808053670e+00 1.117134544476320102e+00 2.468896198471424164e+00 nan nan nan nan nan
nan nan nan nan nan nan nan nan -1.054875210710229494e+00 -9.066466470938066013e-01 -5.088922206508479373e-01 -3.398906150879550947e-01 -2.516637101394935197e-02 3.293667625397208587e-01 6.622470545418708276e-01 1.142170588300613465e+00 1.326325775596716827e+00 1.036204125569002210e+00 8.354051997780090888e-01 5.195583456793163579e-01 1.245793136439970195e-01 2.788237257303459171e-01 4.456982668858672225e-01 2.096333080500016877e+00 nan 3.959066732682875234e+00 2.823586711358519352e+00 nan
nan nan nan nan nan nan nan nan nan -3.665830944695356308e-01 -1.395022211940878387e-01 -3.077172154262189929e-01 -1.118957781899691251e-01 1.820585079188195565e-01 6.983698402701953301e-01 1.159863976874130786e+00 1.227470033677272587e+00 1.015526124643114869e+00 7.222938147441736456e-01 2.603168992530346393e-01 3.699559081119906112e-02 -5.103625145945881597e-02 1.258759252518841798e-01 9.520747045300351763e-01 nan 3.745950544932366899e+00 2.345632866878663680e+00 nan
nan nan nan nan nan nan nan nan nan nan 1.434714589985099098e-01 6.951334287644074517e-02 -1.487396989343896248e-02 3.506966888171181296e-02 3.054767839081545255e-01 7.367223830987843503e-01 9.278632519620055863e-01 1.041266537825740635e+00 1.141603981051291905e+00 8.690580706025926583e-01 4.895646540712706440e-01 2.930801844548127644e-01 2.302917231076630766e-01 5.896120201629041491e-01 1.591836192993624000e+00 1.282484390137383024e+00 6.176295785762948576e-01 nan
nan nan nan nan nan nan nan nan nan nan nan nan 4.582479472373605089e-01 3.100789221401566986e-01 4.591623039420551500e-01 6.890444030924636198e-01 7.514253658533786018e-01 6.296915975867951598e-01 6.313669920052170648e-01 5.699981724227740632e-01 7.129788024896500653e-01 5.363294558455651284e-01 7.670216635053873910e-02 -4.132721463107674742e-01 -6.393265570054667002e-01 -8.472556729476863335e-01 -1.186432394904854526e+00 nan
nan nan nan nan nan nan nan nan nan nan nan nan nan 7.983193375614405785e-01 6.314447063987737030e-01 6.129282784035384735e-01 5.468923801441063492e-01 4.219000090701739980e-01 3.808168697284680104e-01 2.349228018167580367e-01 1.277125623899300899e-01 -6.130250037125083151e-02 -7.912638404187853913e-01 -1.471997377194446566e+00 -1.786749101616361690e+00 -1.905791189260152230e+00 -2.192602021015252145e+00 nan
nan nan nan nan nan nan nan nan nan nan nan nan nan nan nan 5.977717663237398504e-01 4.538407499811399903e-01 4.177507509128742802e-01 3.420739882947636534e-01 2.193035037740149740e-01 2.966030370828159901e-02 -7.630781836196871559e-01 -2.016077853523689178e+00 -2.357242743755564085e+00 -2.448771027408219059e+00 -2.739255567354692111e+00 -3.089130333661623595e+00 nan
nan nan nan nan nan nan nan nan nan nan nan nan nan nan nan nan nan 3.309092204360635781e-01 7.826416920023483714e-02 -4.683737509725754977e-01 -6.396066949392837930e-01 -1.798848054751518211e+00 -3.438738962338635297e+00 -3.195836438118904610e+00 -3.076605410694749576e+00 -3.334213395442585881e+00 -3.855796643937936530e+00 nan
nan nan nan nan nan nan nan nan nan nan nan nan nan nan nan nan nan nan nan nan -3.280926502605999495e+00 nan nan -2.846248712998753039e+00 -3.336517092237346827e+00 -3.952260644430853009e+00 nan nan
