nan nan nan 1.694926590069250824e-02 -3.780311580106767710e-01 -8.218690026098528500e-01 nan nan nan nan nan nan nan nan nan nan nan nan nan nan nan nan nan nan nan nan nan nan
nan nan -1.345824163517174259e-02 -1.288498970658528697e-01 -5.412873116897340964e-01 -1.134021191862535138e+00 -1.474042531695228142e+00 nan nan nan nan nan nan nan nan nan nan nan nan nan nan nan nan nan nan nan nan nan
nan nan -2.169935785539227613e-01 -2.836410948511443597e-01 -6.905671296463750108e-01 -1.243849576809003432e+00 -1.657694402751034080e+00 -1.403824324265574131e+00 nan nan nan nan nan nan nan nan nan nan nan nan nan nan nan nan nan nan nan nan
nan -8.811010327395694119e-01 -8.954458398390243712e-01 -1.010403127449143623e+00 -1.142822855116690350e+00 -1.513264975070996776e+00 -1.905508306419010811e+00 -2.091715407146811145e+00 -2.062548143778311971e+00 nan nan nan nan nan nan nan nan nan nan nan nan nan nan nan nan nan nan nan
-1.261265730421632369e+00 -1.191358691430552286e+00 -1.247208831749872404e+00 -1.424679939960639574e+00 -1.755943442691413781e+00 -2.097157271798714806e+00 -2.398162008792148470e+00 -2.855476210242383850e+00 -4.362847664121782820e+00 -3.652605658172475067e+00 nan nan nan nan nan nan nan nan nan nan nan nan nan nan nan nan nan nan
-1.370042970746126132e+00 -1.375547538823880700e+00 -1.532161828762421241e+00 -1.790983581911301581e+00 -2.069976573535377007e+00 -2.377114686084913053e+00 -2.818134702315089779e+00 -3.817443945645184744e+00 -5.523638714738151378e+00 nan nan nan nan nan nan nan nan nan nan nan nan nan nan nan nan nan nan nan
-1.629488913588381216e+00 -1.627481067961695782e+00 -1.737767611992024674e+00 -1.955918979877955044e+00 -2.198973062076472029e+00 -2.380897658699633546e+00 -3.014578983302130144e+00 -3.917845002123528708e+00 -5.098443031028631722e+00 nan nan nan nan nan nan nan nan nan nan nan nan nan nan nan nan nan nan nan
-1.620861263071190050e+00 -1.683333550776873633e+00 -1.784942327183878241e+00 -1.837224368757996551e+00 -1.954961818215046776e+00 -2.274401907712781057e+00 -2.960019574142374932e+00 -3.475959998999467615e+00 -3.782310100255735108e+00 nan nan nan nan nan nan nan nan nan nan nan nan nan nan nan nan nan nan nan
nan -1.567112823607606398e+00 -1.612149913897368059e+00 -1.650880123488646545e+00 -1.800514600897667128e+00 -2.256530057616285667e+00 -2.690795451631241786e+00 -3.059418900483252823e+00 -2.533538739698103281e+00 -1.288237023825907324e+00 nan nan nan nan nan nan nan nan nan nan nan nan nan nan nan nan nan nan
nan -1.375967590181193856e+00 -1.407944954917379476e+00 -1.537269591802388868e+00 -1.848183448126702988e+00 -2.198278582633037548e+00 -2.390531679714135826e+00 -2.643106177124625589e+00 -2.767795392013743694e+00 -2.045197101430633158e+00 nan nan nan nan nan nan nan nan nan nan nan nan nan nan nan nan nan nan
nan -1.302914969425443603e+00 -1.374087128811818159e+00 -1.651131386703787118e+00 -1.948953086259989087e+00 -2.212340538056108308e+00 -2.195359982339247118e+00 -2.340173065531115704e+00 -2.498786305536889074e+00 -1.926629188219285638e+00 nan nan nan nan nan nan nan nan nan nan nan nan nan nan nan nan nan nan
nan nan -1.396993254253131367e+00 -1.984014125472438606e+00 -2.209676896632590370e+00 -2.265934347490978329e+00 -1.962039519114562758e+00 -1.876600220465947322e+00 -1.814209087541293508e+00 -7.921421530126194765e-01 nan nan nan nan nan nan nan nan nan nan nan nan nan nan nan nan nan nan
nan nan -1.498460251769996088e+00 -1.517209440941304166e+00 -2.038545621718649947e+00 nan -1.471736412369718972e+00 -1.201081529866126374e+00 -9.677997367170821930e-01 3.056565841857822319e-01 nan nan nan nan nan nan nan nan nan nan nan nan nan nan nan nan nan nan
nan nan nan nan nan nan -1.006859215386643358e+00 -3.514232944679604453e-01 1.358379004365897931e-02 1.260654206383441167e+00 nan nan 5.038635976500454028e-01 nan nan nan nan nan nan nan nan nan nan nan nan nan nan nan
nan nan nan nan nan -1.257100135311777667e+00 -6.324969728626139709e-01 2.142090175024017051e-01 8.478517937357774592e-01 1.635910593752108122e+00 nan nan nan nan nan nan nan nan nan nan nan nan nan nan nan nan nan nan
nan nan nan nan nan -3.108066676828521446e-01 1.794858362289177833e-01 7.537840532217969791e-01 1.553104691471960175e+00 2.391415029512105050e+00 1.460045437152082126e+00 nan nan nan nan nan nan nan nan nan nan nan nan nan nan nan nan nan
nan nan nan nan nan -6.831913752117683980e-02 5.604267557071233030e-01 1.116837854739261005e+00 1.961966409784412280e+00 2.761748203012715841e+00 2.527480677162468492e+00 1.338798942081584453e+00 nan 2.140619172298718897e+00 nan nan nan nan nan nan nan nan nan nan nan nan nan nan
nan nan nan nan nan 7.474616676408783744e-02 7.549679024938490413e-01 1.446623633066890235e+00 2.200993352626756216e+00 2.645840322365963004e+00 2.356692987618265622e+00 1.456941880425108859e+00 9.369175626611968566e-01 1.205712783474963912e+00 2.295839434334495888e+00 nan nan nan nan nan nan nan nan nan nan nan nan nan
nan nan nan nan nan 5.423126117933909640e-01 1.112655212122309001e+00 1.608150679691766616e+00 2.242137379789721052e+00 2.545483773096571589e+00 2.342400809280107410e+00 1.750324668029081376e+00 1.271010263245805127e+00 1.386274078211052307e+00 1.753507543345756536e+00 3.250748975813374742e+00 2.656376183277612046e+00 nan nan nan nan nan nan nan nan nan nan nan
nan nan nan nan nan nan 1.467552896145756902e+00 1.776486768233981550e+00 2.239280986385134842e+00 2.405701500214144417e+00 2.329139533206823209e+00 2.017529259096478178e+00 1.597779033810087679e+00 1.645229862504220320e+00 2.000709161403304570e+00 1.835278849244524890e+00 1.099189013286318684e+00 1.714072920595010263e+00 nan nan nan nan nan nan nan nan nan nan
nan nan nan nan nan nan nan 1.992912714447407030e+00 2.309808850228421750e+00 2.412456362206571558e+00 2.248056704299937092e+00 2.206246743353686757e+00 2.163859280622523418e+00 2.135643904390684078e+00 2.320297222912490298e+00 2.358390527749456123e+00 1.968018602347593848e+00 2.159033457246146259e+00 2.996795326535417026e+00 nan nan 3.751523431298281697e+00 nan nan nan nan nan nan
nan nan nan nan nan nan nan 2.364416123621125188e+00 2.554749205702883774e+00 2.491171479706641101e+00 2.376453938920604081e+00 2.536699854740806614e+00 2.703279415655643003e+00 2.641361493576777963e+00 2.761779457064845733e+00 2.796871730283099655e+00 2.724352043227152187e+00 2.692767468253001173e+00 2.829848046492021041e+00 2.804465971988941320e+00 2.617669499713555226e+00 1.836137707311602751e+00 1.721661865440308414e+00 nan nan nan nan nan
nan nan nan nan nan nan nan nan 2.869315039767106779e+00 2.780185428305929740e+00 2.776378293449255796e+00 2.815199857996309341e+00 2.999378329471444893e+00 3.083470970750610718e+00 3.145997897123617992e+00 3.082812739287459802e+00 2.972327685717188750e+00 2.760285369763585628e+00 2.520706146978519691e+00 2.370860455349431462e+00 1.774877907902573826e+00 9.261782563914794375e-01 4.123528417400676993e-01 6.936940371745435874e-01 nan 1.891857861875438029e+00 1.559189626626705794e+00 nan
nan nan nan nan nan nan nan nan nan 2.890075620296097547e+00 2.774039478301850714e+00 2.921477911205776046e+00 3.124926469050665734e+00 3.290062555851928749e+00 3.374513308767174813e+00 3.217440536330934187e+00 3.012221270407242635e+00 2.615647138532763538e+00 2.211759028554852957e+00 1.885054668655976817e+00 1.362739219189871731e+00 6.684052365678984087e-01 2.646677463774689265e-01 5.702397280895094012e-01 nan 1.002753100917397999e+00 5.675194266281358146e-01 nan
nan nan nan nan nan nan nan nan nan nan 2.877945974672135865e+00 3.075798494994211651e+00 3.207504966671687274e+00 3.333678896823498938e+00 3.288743553104219064e+00 3.207049011138007888e+00 3.066268376050701239e+00 2.560509155521514923e+00 2.049693025297707027e+00 1.742312396578407974e+00 1.235760793794792090e+00 5.508873717424486172e-01 4.289837575434238270e-01 9.729369329634274255e-01 1.724418058951127319e+00 1.205026942069702622e+00 8.459779475922979408e-01 nan
nan nan nan nan nan nan nan nan nan nan nan nan 3.274564108049924371e+00 3.151774571310860473e+00 3.055306903442701394e+00 3.175951287996591432e+00 3.104269022772623288e+00 2.816496418663141377e+00 2.166822981360601919e+00 1.620770993315730824e+00 9.779359202939799101e-01 4.466397880789824693e-01 4.254523051230212904e-01 6.602148679567895195e-01 7.774254656679193687e-01 8.080636645759430303e-01 8.054049954931875588e-01 nan
nan nan nan nan nan nan nan nan nan nan nan nan nan 3.003585916633455533e+00 3.046737018874623448e+00 3.321864341793257402e+00 3.231858857728938883e+00 2.763822435971563962e+00 2.250738632602548250e+00 1.817728405809867054e+00 1.083695407909212927e+00 5.156073639376677065e-01 3.102004470634398547e-01 4.415656880702414910e-01 6.811453907604472224e-01 8.894311244080659318e-01 1.048577504148918704e+00 nan
nan nan nan nan nan nan nan nan nan nan nan nan nan nan nan 3.535662150039871499e+00 3.502560544496937656e+00 2.919473254198682532e+00 2.299001052653150357e+00 1.819596889205124191e+00 1.196697290141469638e+00 6.633946735414794071e-01 1.275848534715129934e-01 6.513304278780934764e-01 1.001660920377878350e+00 1.155944201971556673e+00 1.503836443307160486e+00 nan
nan nan nan nan nan nan nan nan nan nan nan nan nan nan nan nan nan 2.825138974422215732e+00 2.327548778970193855e+00 1.942763184636517648e+00 1.121271011800883510e+00 -2.133195912277805750e-01 -1.268576668240327110e-01 9.768022606258739415e-01 1.110341256114995900e+00 1.447314766275419773e+00 1.874366136359197466e+00 nan
nan nan nan nan nan nan nan nan nan nan nan nan nan nan nan nan nan nan nan nan -1.301561210434006577e-01 nan nan 5.413400586778324142e-01 1.184771043158136639e+00 1.523526406183582926e+00 nan nan
