nan nan nan 7.385069053194727395e+00 5.860643824474229824e+00 4.449054182545490121e+00 nan nan nan nan nan nan nan nan nan nan nan nan nan nan nan nan nan nan nan nan nan nan
nan nan 7.759821388685349319e+00 6.801500249280199029e+00 5.440329982418070642e+00 3.797091480577602152e+00 2.701377568065937762e+00 nan nan nan nan nan nan nan nan nan nan nan nan nan nan nan nan nan nan nan nan nan
nan nan 7.491449879579752391e+00 6.587787971845013857e+00 5.316468988236158211e+00 3.870031116344776478e+00 3.157598433676791938e+00 2.818271515981770392e+00 nan nan nan nan nan nan nan nan nan nan nan nan nan nan nan nan nan nan nan nan
nan 8.348007114979797194e+00 7.546879370067790305e+00 6.355761144279905572e+00 5.089862273668571468e+00 4.169081406609796758e+00 3.482116938132196804e+00 3.241723308361099232e+00 3.830660208464409244e+00 nan nan nan nan nan nan nan nan nan nan nan nan nan nan nan nan nan nan nan
8.724422907187756593e+00 8.436072688586500945e+00 7.648189551090571747e+00 6.545352255803071451e+00 5.596272696248599132e+00 4.673062450839620574e+00 3.443099155457948424e+00 2.695634458515031362e+00 1.899830691494823531e+00 1.818362667552849921e+00 nan nan nan nan nan nan nan nan nan nan nan nan nan nan nan nan nan nan
8.774355074078250993e+00 8.453592449876161652e+00 7.753657209910566728e+00 7.069718500067694755e+00 6.061104983762119147e+00 4.742583047710002830e+00 2.763019021069379022e+00 1.356621130128966568e+00 -5.358522414938364786e-01 nan nan nan nan nan nan nan nan nan nan nan nan nan nan nan nan nan nan nan
8.555281646337993706e+00 8.240403097830910184e+00 7.790218574847891375e+00 7.181681968514714853e+00 5.737302548227429355e+00 3.803627411952684945e+00 1.338878534942353093e+00 -6.818076450882950557e-01 -1.210301663132836936e+00 nan nan nan nan nan nan nan nan nan nan nan nan nan nan nan nan nan nan nan
8.335763310205082988e+00 7.957052206693176366e+00 7.448378848235994276e+00 6.357432720439210705e+00 4.744858542355094855e+00 2.332059091219122138e+00 3.382806678873825912e-01 -1.252136247442808159e+00 -1.336850371951654015e+00 nan nan nan nan nan nan nan nan nan nan nan nan nan nan nan nan nan nan nan
nan 7.801123101650730973e+00 6.850158229838951840e+00 5.207151433212576563e+00 3.419963003403633905e+00 1.672889179594656550e+00 -3.884949198020610783e-01 -1.589320916515146953e+00 -1.196666076030402426e+00 5.904695315747576084e-02 nan nan nan nan nan nan nan nan nan nan nan nan nan nan nan nan nan nan
nan 7.678772067631450149e+00 6.118695564396672282e+00 4.520427446245507852e+00 2.768729078232660790e+00 9.308371492497383715e-01 -1.392351269925150570e+00 -3.091244880707808562e+00 -2.182412302693692574e+00 -1.443472332747559816e+00 nan nan nan nan nan nan nan nan nan nan nan nan nan nan nan nan nan nan
nan 7.236755123137522894e+00 5.569858564440544946e+00 3.886795524870918062e+00 2.234260525440579404e+00 -2.112655170023452211e-01 -2.878347634418430889e+00 -4.131352682418290456e+00 -4.111873845676066175e+00 -2.288010131297622873e+00 nan nan nan nan nan nan nan nan nan nan nan nan nan nan nan nan nan nan
nan nan 5.037328524704589583e+00 3.004420342702063262e+00 1.627760282038169137e+00 -9.261886490939572614e-01 -3.722617002391833019e+00 -5.515875179342953238e+00 -5.710148903179882218e+00 -3.027116160497872244e+00 nan nan nan nan nan nan nan nan nan nan nan nan nan nan nan nan nan nan
nan nan 3.341430245965820944e+00 2.020508724752175578e+00 6.946807468739808478e-01 nan -4.295394052304016164e+00 -5.931260626687204329e+00 -6.609724148902662577e+00 -4.119092384888948466e+00 nan nan nan nan nan nan nan nan nan nan nan nan nan nan nan nan nan nan
nan nan nan nan nan nan -4.273453389502082089e+00 -5.673120980580141470e+00 -5.634548713525285635e+00 -4.102670950210974610e+00 nan nan -1.301466274152088376e+00 nan nan nan nan nan nan nan nan nan nan nan nan nan nan nan
nan nan nan nan nan -2.017890083852777572e+00 -3.442014041913287858e+00 -4.330382452098374912e+00 -3.976510689427559697e+00 -3.721098908683383666e+00 nan nan nan nan nan nan nan nan nan nan nan nan nan nan nan nan nan nan
nan nan nan nan nan -8.490689361392501633e-01 -1.952489625158957631e+00 -2.719063267886697055e+00 -2.064714815448167595e+00 -1.056566873191370881e+00 1.133328400747632525e+00 nan nan nan nan nan nan nan nan nan nan nan nan nan nan nan nan nan
nan nan nan nan nan -1.340780204976481371e-01 -4.572911464919365843e-01 -1.384276812664969603e+00 -1.327710636737223338e+00 3.762276290664590683e-01 1.690075849096118743e+00 1.886954546818615075e+00 nan 1.655094242605745780e+00 nan nan nan nan nan nan nan nan nan nan nan nan nan nan
nan nan nan nan nan 9.564603799908123483e-01 5.226804608089172799e-01 -5.275716112739023966e-01 -1.002489415277587614e+00 -1.072232789625647165e+00 -4.234915871591786174e-01 3.088227250349204756e-01 2.178778895391827453e-01 -4.518105818209600111e-01 1.178790637277943976e+00 nan nan nan nan nan nan nan nan nan nan nan nan nan
nan nan nan nan nan 2.025950134275190440e+00 8.888487904427415653e-01 -3.216287565998396936e-01 -7.444048336857018722e-01 -1.297272343103963888e+00 -1.697893112254009962e+00 -1.671453413578098290e+00 -9.713659485977234054e-01 -8.123009256854021309e-01 -1.192945194120511143e+00 9.518917945519324020e-01 1.466369827056226427e+00 nan nan nan nan nan nan nan nan nan nan nan
nan nan nan nan nan nan 1.073211394083722903e+00 -5.099941612533347851e-02 -8.056275439290901952e-01 -1.511764007558291434e+00 -2.112496575780515418e+00 -2.691468646283386335e+00 -2.551970448574102601e+00 -1.255838523223202108e+00 -5.064511590235553085e-01 1.070219058665527800e+00 2.504208538446431653e+00 3.884393740973534737e+00 nan nan nan nan nan nan nan nan nan nan
nan nan nan nan nan nan nan 1.168615767792949636e-02 -8.582465297689974015e-01 -1.652968733111432220e+00 -2.442375035411392226e+00 -3.133612358143008425e+00 -3.634930754211496584e+00 -3.493100600380832255e+00 -2.166889005344662333e+00 -2.837030451454040647e-01 7.133061732092187412e-01 1.498757589842568683e+00 1.413921644905995256e+00 nan nan 2.791151910476494802e+00 nan nan nan nan nan nan
nan nan nan nan nan nan nan 3.949454509067701902e-01 -8.294083964896999950e-01 -1.858892623174916547e+00 -2.765087953178197111e+00 -3.542224631642693300e+00 -4.194097256507380855e+00 -4.823494117325157760e+00 -5.632049709006405003e+00 -4.317842374359443625e+00 -2.711898151711295224e+00 -2.782802205676124352e+00 -2.440523799670618832e+00 -2.194504973206633736e+00 -2.158622305219960236e+00 -2.406437921735276486e+00 3.698376508466712509e-01 nan nan nan nan nan
nan nan nan nan nan nan nan nan -7.022468409506112952e-01 -2.157631924185449801e+00 -3.120034997415260580e+00 -3.988709166792562044e+00 -4.797718664387812915e+00 -5.716505445557326759e+00 -6.577410012676002893e+00 -6.369775067346743036e+00 -5.501584370985957761e+00 -5.612876708968733475e+00 -5.089072998857656849e+00 -5.044239417425580463e+00 -4.832314472373054670e+00 -4.128712838362038617e+00 -2.909779492728623573e+00 2.796845589539777022e-01 nan 2.007017459475376686e+00 7.800469597411257006e-01 nan
nan nan nan nan nan nan nan nan nan -1.732575502020054392e+00 -3.537514267803478329e+00 -4.589094308622295060e+00 -5.536486452845638340e+00 -6.363263355650858877e+00 -7.058202313614441614e+00 -6.997959217354469352e+00 -6.933335104228742551e+00 -7.650728111692655098e+00 -7.299621824089837396e+00 -6.286389460929886930e+00 -5.713252647221429115e+00 -5.252305796497791057e+00 -4.264960573359183549e+00 -2.655894269029413834e+00 nan 5.555782113982059567e-01 -6.848691005843702273e-01 nan
nan nan nan nan nan nan nan nan nan nan -3.513685654507424427e+00 -5.239438538254968414e+00 -6.110989139963646011e+00 -6.621097468835316135e+00 -7.455055666771703393e+00 -7.564320039898338344e+00 -7.704798860140473771e+00 -8.324075677444215060e+00 -8.064370241820991936e+00 -7.332318132859164450e+00 -6.363415225886052795e+00 -5.532782233249161408e+00 -4.822739409248277376e+00 -3.613943423992425963e+00 -1.838071005144409131e+00 -1.197850260918553511e+00 -1.311575514609820914e+00 nan
nan nan nan nan nan nan nan nan nan nan nan nan -6.295205555264875130e+00 -6.738505109818392569e+00 -7.823524759240536142e+00 -7.880976587195371863e+00 -7.763002572713415539e+00 -8.454319177860911694e+00 -8.388075360387867718e+00 -7.803469628578638684e+00 -6.703609328820194335e+00 -5.810061847155409964e+00 -5.207468238571637542e+00 -4.235508816072862892e+00 -3.199910612733189996e+00 -2.406315703628211455e+00 -1.952903691241327788e+00 nan
nan nan nan nan nan nan nan nan nan nan nan nan nan -6.941953189685444947e+00 -8.114073599344544974e+00 -7.874212540807217664e+00 -7.566440385956771486e+00 -8.168713977929112247e+00 -8.226869703805295586e+00 -7.497491404632172340e+00 -6.571826448147272792e+00 -6.282977050623514081e+00 -5.709004863237969296e+00 -4.604567230929293764e+00 -3.649100539771492624e+00 -2.846778793958564702e+00 -2.281179111471127285e+00 nan
nan nan nan nan nan nan nan nan nan nan nan nan nan nan nan -7.686952119703989617e+00 -7.531328289057330316e+00 -8.330490803183671744e+00 -7.749922105785087112e+00 -6.886126461393044629e+00 -6.197656251076306688e+00 -6.163640530593051281e+00 -6.080488117115693925e+00 -4.789918993245233736e+00 -3.684571977695820788e+00 -2.953123354109091103e+00 -2.397137801130726942e+00 nan
nan nan nan nan nan nan nan nan nan nan nan nan nan nan nan nan nan -8.256241136948892390e+00 -7.171586277358275474e+00 -6.681497496131405534e+00 -6.013380136020205491e+00 -4.226394679393935760e+00 -5.840975267264004955e+00 -4.722550458560163200e+00 -3.718485599485836346e+00 -2.891410924134872218e+00 -2.363981821443821296e+00 nan
nan nan nan nan nan nan nan nan nan nan nan nan nan nan nan nan nan nan nan nan -5.289539817901006025e+00 nan nan -4.343589102405167601e+00 -3.490392109671983434e+00 -2.578781378568300919e+00 nan nan
