nan nan nan 6.231639906125036737e-03 5.477285603748822777e-03 nan nan nan nan nan nan nan nan nan nan nan nan nan nan nan nan nan nan nan nan nan nan nan
nan nan nan 5.089507097040613451e-03 2.113050223863099496e-03 9.044210862642843018e-03 4.508370800923406849e-03 nan nan nan nan nan nan nan nan nan nan nan nan nan nan nan nan nan nan nan nan nan
nan nan 1.827685168388938327e-03 6.881353289145212757e-03 1.071720827035605329e-03 9.959181891283821596e-04 2.382978926001196301e-03 1.868094143621849834e-02 nan nan nan nan nan nan nan nan nan nan nan nan nan nan nan nan nan nan nan nan
nan 9.780094594656571841e-03 1.428175877461990498e-03 1.406530277321362335e-02 8.727534718075477668e-04 8.974734128882027717e-05 5.395131765121292770e-03 6.455048280484270047e-03 6.665281811622505645e-03 nan nan nan nan nan nan nan nan nan nan nan nan nan nan nan nan nan nan nan
nan 4.955718323370681810e-04 4.458645508822238479e-03 8.372695891816182845e-03 3.393254756715499004e-02 3.008328114019130292e-03 5.920245883221925479e-03 6.367677522724869872e-03 2.735104424834926273e-03 2.496069060866914352e-02 nan nan nan nan nan nan nan nan nan nan nan nan nan nan nan nan nan nan
1.014276818211403731e-03 6.361243278567842933e-05 4.402965381971342797e-04 7.016916809618284519e-03 9.349485204270150535e-03 4.827780522998718492e-04 4.199317223628634427e-04 8.187902994180717292e-03 1.542546174606002594e-02 nan nan nan nan nan nan nan nan nan nan nan nan nan nan nan nan nan nan nan
5.466805419655103564e-04 2.501607178122494494e-03 4.715819637461243080e-03 2.115786426513996572e-03 7.962205370177133715e-03 2.113649403054502097e-03 7.008209053114478797e-04 1.972176370671933215e-02 1.157107643910103290e-02 nan nan nan nan nan nan nan nan nan nan nan nan nan nan nan nan nan nan nan
5.438667791825526482e-03 6.255625681908095863e-03 1.941731277896601923e-03 6.340029624808725221e-03 1.589184206411148369e-03 1.509891831300040708e-03 5.385652306937919413e-04 1.998443347359456224e-02 5.541611171759672563e-03 nan nan nan nan nan nan nan nan nan nan nan nan nan nan nan nan nan nan nan
nan 8.419063552938051316e-04 4.582092467887999027e-04 2.133969360737013495e-03 5.219038505275761831e-03 5.043814685203609760e-03 2.539543255000516371e-03 1.704025720381971420e-02 7.344214157243547560e-04 2.375766699119132366e-02 nan nan nan nan nan nan nan nan nan nan nan nan nan nan nan nan nan nan
nan 1.144532163999023534e-03 3.121612436373273625e-04 5.271598538292340992e-03 7.284081885216918406e-03 5.576726829493653184e-03 4.681649696815343132e-05 6.725063938909233222e-03 1.329346629889531679e-02 1.074276522966019498e-02 nan nan nan nan nan nan nan nan nan nan nan nan nan nan nan nan nan nan
nan 1.163249135409841423e-03 4.130898598580951686e-05 3.073422053562509921e-04 3.808060375933825824e-07 2.215349138637558168e-03 2.714698714189525859e-03 4.782405406926888009e-03 4.602660494469745919e-04 7.122821692623045389e-03 nan nan nan nan nan nan nan nan nan nan nan nan nan nan nan nan nan nan
nan nan 4.315251890332347435e-04 2.278392904380272237e-03 1.977198434906038589e-03 1.471131259543399230e-03 4.569540938362952852e-03 1.603285272724245397e-02 4.918295434327212695e-03 8.576041148043469370e-03 nan nan nan nan nan nan nan nan nan nan nan nan nan nan nan nan nan nan
nan nan 3.651613475004555171e-04 1.577065707542290272e-03 2.088445038848081407e-03 nan 1.091455068366503720e-03 1.810800786415627667e-02 4.281615171907047416e-04 2.003392114384676403e-02 nan nan nan nan nan nan nan nan nan nan nan nan nan nan nan nan nan nan
nan nan nan nan nan nan 2.535566162572279805e-03 3.247968946547387186e-04 5.921393852426318390e-03 8.247880687572494785e-04 nan nan 9.623908637762872489e-03 nan nan nan nan nan nan nan nan nan nan nan nan nan nan nan
nan nan nan nan nan 5.624680508991267494e-03 3.450407926123440043e-03 2.356773930968313448e-05 1.004027818688012393e-02 1.372886130130294155e-03 nan nan nan nan nan nan nan nan nan nan nan nan nan nan nan nan nan nan
nan nan nan nan nan 4.278244290506444045e-03 5.680248735368542690e-04 1.079803091466122059e-03 2.828534562372345259e-04 4.054838386614616902e-03 5.501742735697021103e-04 nan nan nan nan nan nan nan nan nan nan nan nan nan nan nan nan nan
nan nan nan nan nan 1.687803679521451133e-03 9.643710233705696938e-04 6.017581511226244859e-04 2.634808875423454090e-04 6.873564759143045710e-03 2.893869791325204342e-04 2.887829251292392345e-04 nan 1.810653234223503995e-04 nan nan nan nan nan nan nan nan nan nan nan nan nan nan
nan nan nan nan nan 4.995094181338544494e-04 1.743759489134509317e-04 1.100935469803497688e-03 5.722692954156325274e-04 1.150473621033697939e-03 6.518375254466658546e-03 1.919862355330460846e-02 1.445903804269191024e-04 3.023578450140147669e-04 3.800815699121154879e-04 nan nan nan nan nan nan nan nan nan nan nan nan nan
nan nan nan nan nan 7.556080036329386289e-03 4.821835053521771118e-04 1.028397402145186902e-04 1.089535823184466077e-04 4.737990547450134896e-05 3.040901829697969985e-04 1.480617504999565646e-04 1.339961412388793530e-02 6.031613669552159281e-03 1.567082764438305865e-04 6.869902090798032123e-07 3.474192626368986271e-04 nan nan nan nan nan nan nan nan nan nan nan
nan nan nan nan nan nan 6.762205437997164661e-05 8.771572590971945637e-05 4.969812600500181311e-05 1.977111871801138208e-04 2.205158122629686222e-04 3.828302059984563222e-04 3.997717956879307368e-04 3.197742686056190969e-03 2.910818769239673174e-03 2.142169453453607591e-04 4.076712789613349012e-04 4.052032580601111792e-04 nan nan nan nan nan nan nan nan nan nan
nan nan nan nan nan nan nan 7.014226835213570755e-04 2.527581338676357890e-04 3.498445745496695392e-04 2.342822780533550166e-05 3.081770869719194401e-04 4.327177409049516458e-04 7.210354669848298989e-04 5.387928490515367201e-03 9.882526524716913133e-03 1.114429298348292854e-04 5.422454590283356428e-04 6.327086087846477483e-04 nan nan nan nan nan nan nan nan nan
nan nan nan nan nan nan nan 1.568364784315117615e-04 4.845922940395490548e-04 3.035508199385947790e-06 1.370711592503609478e-04 4.269518941678727324e-04 7.236712627727172721e-04 2.134528771261314537e-04 7.955914759771496279e-05 7.738186995802240342e-03 9.962282368600541838e-03 1.116245854548971773e-02 1.402560065117447203e-03 5.785636166753476377e-05 5.303283037837591295e-05 3.887419122448039721e-05 nan nan nan nan nan nan
nan nan nan nan nan nan nan nan 2.355422873110439227e-04 5.613758999823850553e-05 5.995960964744916137e-05 9.143403439718958382e-05 1.523795007527978284e-04 1.110725756995443667e-03 1.492560474397443618e-03 1.278531226646931977e-03 5.863242807672574067e-03 8.285747334787038794e-04 4.933568263598914552e-04 3.096621335553198431e-03 1.058788482141100658e-03 4.407754740529381469e-04 2.154900400037967553e-04 1.550797945874351797e-04 nan nan nan nan
nan nan nan nan nan nan nan nan nan 2.656728033532266880e-05 2.853392716238407293e-04 5.088362929481878347e-05 2.998945247875508705e-05 1.095875405110422265e-03 9.395621875945779069e-04 1.143248222304974696e-03 4.608378993807117109e-03 1.092446113333063462e-02 4.514149710825352099e-04 3.019176971076023130e-03 2.178599203318021520e-03 1.566195382340457298e-03 2.386960509718747282e-03 2.849104765294507326e-03 nan nan nan nan
nan nan nan nan nan nan nan nan nan nan 4.667591934100400776e-03 4.479365771109189614e-06 2.785419827781468287e-04 1.402323661306950793e-04 5.579905118685331983e-04 7.757991846100755753e-04 1.043813184701520127e-03 2.633180123260359107e-03 1.353745275475399905e-02 1.307301262851640056e-02 6.275023904376892184e-03 1.551382884897492651e-04 3.027286266650836086e-03 2.263216740331840289e-03 4.160676038725587820e-04 nan nan nan
nan nan nan nan nan nan nan nan nan nan nan nan 2.042338709375633417e-04 1.909663555144200278e-04 6.590093690236922515e-04 1.355959724682166603e-03 3.423901111361685526e-04 3.304883043373846503e-04 2.972099001498449550e-03 7.715049411605643911e-05 1.205637903645245942e-03 2.662031023891787453e-03 6.022544536393502432e-04 2.942614247933732653e-03 1.110903893613111567e-03 6.567155878570988452e-05 nan nan
nan nan nan nan nan nan nan nan nan nan nan nan nan 2.680757659083692762e-04 5.656127460400736358e-04 3.001985298945152036e-03 1.055407251970316398e-04 3.799505034791116065e-03 2.529432882717315770e-03 2.178808004780435122e-03 9.464177072495354170e-03 1.426961744008951481e-03 1.055427351398752819e-03 4.950212895442263799e-04 5.594381073624877078e-04 3.544543743912881317e-04 nan nan
nan nan nan nan nan nan nan nan nan nan nan nan nan nan nan 1.511332824730379689e-03 6.569802955712810344e-04 4.074420443871872239e-04 2.201764833993152901e-03 1.837212584563844555e-03 1.067395655155535571e-03 2.370270970209359743e-03 3.749301094432705168e-03 8.681270773825869964e-05 1.455180293183346019e-03 1.544034078372245010e-03 nan nan
nan nan nan nan nan nan nan nan nan nan nan nan nan nan nan nan nan 1.776623051591565486e-02 5.456539287141279337e-03 1.446342266374335203e-02 2.304334871269772371e-03 6.022306800820126631e-04 1.490549266036446212e-03 2.622115616298409824e-04 3.753640772662665114e-04 7.642886250022974323e-04 3.348552993149174744e-04 nan
nan nan nan nan nan nan nan nan nan nan nan nan nan nan nan nan nan nan nan nan 2.688436737258972399e-03 nan nan 3.862952493231083372e-03 1.771386591550065345e-04 1.556305501764120231e-04 nan nan
