nan nan nan 6.030374722388629621e-03 6.342859394009879364e-04 nan nan nan nan nan nan nan nan nan nan nan nan nan nan nan nan nan nan nan nan nan nan nan
nan nan nan 1.154852238408599942e-02 9.048669151195164531e-04 2.810357212591972544e-03 2.636179797977619092e-03 nan nan nan nan nan nan nan nan nan nan nan nan nan nan nan nan nan nan nan nan nan
nan nan 2.292053787277519711e-02 4.387297282943919776e-04 2.078474924824282553e-03 2.918420493557280244e-03 1.850369672935401558e-04 4.034294205285590684e-02 nan nan nan nan nan nan nan nan nan nan nan nan nan nan nan nan nan nan nan nan
nan 4.375125577368434854e-03 1.089353185118452404e-03 3.132078495866904774e-03 5.027482214811923459e-04 1.486377839833971995e-03 1.132798337015377592e-03 3.022896419285342820e-02 8.073078760497964107e-03 nan nan nan nan nan nan nan nan nan nan nan nan nan nan nan nan nan nan nan
nan 8.105710995891943910e-03 5.531094174338790220e-03 5.600615866242098645e-04 1.313491225693688529e-02 6.982149873485108023e-03 8.613562557373849069e-04 1.797640404468812958e-02 1.044624653670640085e-02 2.406377301390808660e-02 nan nan nan nan nan nan nan nan nan nan nan nan nan nan nan nan nan nan
1.203316974583035215e-02 8.360090277541176382e-03 9.639163258988611011e-03 1.687860634905545554e-02 3.614757114123893621e-03 3.024954321935494593e-03 2.438641122819544267e-04 9.593817909436041375e-03 2.097651698484692684e-02 nan nan nan nan nan nan nan nan nan nan nan nan nan nan nan nan nan nan nan
1.425789098600203962e-03 6.484758707141458859e-04 2.463753590788242062e-03 6.386522908960190481e-03 4.431144330543567919e-03 7.195896571021619332e-04 9.419814702438113847e-04 1.985699157427900027e-02 1.389489938674575570e-02 nan nan nan nan nan nan nan nan nan nan nan nan nan nan nan nan nan nan nan
1.836099753892785546e-03 2.829504043201131608e-02 1.072052946111978072e-02 1.119449412664079435e-02 7.152883777171926060e-04 1.923081064313470661e-03 2.734017692974588347e-03 2.329755105194399045e-02 4.253996945980998735e-03 nan nan nan nan nan nan nan nan nan nan nan nan nan nan nan nan nan nan nan
nan 1.991901990299400666e-04 1.190997385645086240e-02 7.105629809038657707e-03 1.911797191550536953e-03 2.799276115967212243e-03 2.969043166714736728e-04 3.583142502937407270e-02 2.503061444809284134e-04 2.797625737542376589e-02 nan nan nan nan nan nan nan nan nan nan nan nan nan nan nan nan nan nan
nan 3.033899252066328805e-03 8.363919330474577595e-05 5.060552179067457322e-03 1.483958246544588629e-03 2.514770696244055838e-04 1.969983884605557879e-03 2.196045734194134944e-03 1.655690268773715723e-02 8.877965568108891342e-03 nan nan nan nan nan nan nan nan nan nan nan nan nan nan nan nan nan nan
nan 1.903294725081694375e-03 6.193571261503726588e-04 7.826070487927507067e-04 4.579593216118349935e-05 1.243218977655922292e-03 2.126512433379877318e-02 6.687201336823184183e-03 3.547244444029019894e-03 5.273942634679562591e-03 nan nan nan nan nan nan nan nan nan nan nan nan nan nan nan nan nan nan
nan nan 3.080253279169714283e-04 6.035565274649899725e-04 5.335621099061114590e-04 4.080577780955592566e-04 7.700799234184406818e-04 5.193426684896167676e-03 4.258437023494359162e-05 8.092287381583154054e-03 nan nan nan nan nan nan nan nan nan nan nan nan nan nan nan nan nan nan
nan nan 7.271076670996623513e-04 3.798411773379504336e-03 3.153115984858676554e-03 nan 1.094223006098629485e-03 2.668698402111732530e-03 1.065149093147329303e-03 1.692935232363993250e-02 nan nan nan nan nan nan nan nan nan nan nan nan nan nan nan nan nan nan
nan nan nan nan nan nan 3.180208073122945105e-04 6.015480155758531422e-04 4.749639124365668749e-03 1.272026054793006173e-03 nan nan 1.059780410229402628e-02 nan nan nan nan nan nan nan nan nan nan nan nan nan nan nan
nan nan nan nan nan 4.986210389635455445e-03 1.095278698056654457e-03 9.718824460822228940e-04 6.636553685192369753e-03 6.623815676726798858e-04 nan nan nan nan nan nan nan nan nan nan nan nan nan nan nan nan nan nan
nan nan nan nan nan 1.483606138059536837e-03 3.080668251431328180e-04 2.386259934973592421e-03 1.729904345384562249e-04 3.717605024164850371e-03 9.463564423278967262e-04 nan nan nan nan nan nan nan nan nan nan nan nan nan nan nan nan nan
nan nan nan nan nan 1.759586251373625957e-04 8.653361044632530133e-04 8.231305940922472816e-05 1.653536177546579156e-03 6.130383186634696079e-03 4.252969361355379320e-04 1.480164420311352739e-04 nan 8.536116802198343402e-04 nan nan nan nan nan nan nan nan nan nan nan nan nan nan
nan nan nan nan nan 4.810196847370957563e-04 1.001430944845358567e-04 4.870826832582225794e-04 2.260511947490386538e-04 1.332136717089773669e-03 7.442132052867353464e-03 2.567695520666963757e-02 7.152315259194386241e-04 1.164428143701195785e-04 1.737274943449205881e-04 nan nan nan nan nan nan nan nan nan nan nan nan nan
nan nan nan nan nan 8.512325176115762004e-03 9.152353291423079469e-04 4.617131634673783485e-04 1.130103707007974414e-04 1.288735173162774592e-04 6.720441057201130075e-04 1.215218951380917195e-04 1.605076549359316790e-02 8.357282799340382679e-03 8.720207119793054980e-05 2.139465261254456607e-04 1.885926746095792578e-04 nan nan nan nan nan nan nan nan nan nan nan
nan nan nan nan nan nan 3.303192819680477940e-05 3.633070991395314872e-04 2.534023417999142834e-04 6.288684011338362004e-04 1.563661924824380966e-04 3.875097635141092696e-04 2.104700900594561855e-04 2.735322814561949242e-03 3.898726634977877064e-03 6.424142625489063412e-05 6.351957911131076058e-04 4.191324446177810805e-04 nan nan nan nan nan nan nan nan nan nan
nan nan nan nan nan nan nan 4.475255789523265590e-04 1.491528453767688837e-04 3.595209294535294951e-05 7.767077335752376529e-05 9.601872935161888259e-04 4.739979154088559037e-04 1.123401554068266528e-03 5.834146652362809729e-03 8.516140096752451705e-03 2.569742762254780781e-06 6.574190897314041802e-04 nan nan nan nan nan nan nan nan nan nan
nan nan nan nan nan nan nan 3.522020688185753044e-06 4.609056143148754507e-04 1.648510994396433255e-04 4.850288255723118533e-05 5.934361476582198812e-04 1.512495383039769593e-03 2.789434280886500073e-04 8.671460779158830096e-04 1.134907842713171397e-02 8.631647813637796998e-03 1.246382426471475888e-02 1.471392208611079552e-03 nan nan nan nan nan nan nan nan nan
nan nan nan nan nan nan nan nan 8.429051357327913474e-04 4.097783190640098784e-04 1.475397042969782283e-03 9.886019226507791052e-04 1.032699365273159796e-03 2.003035674806447931e-03 2.577495299548694836e-03 9.723466161624411824e-04 1.457722960848707380e-02 4.640082302660510603e-03 8.902423347773412302e-04 2.844945379288916013e-03 nan nan nan nan nan nan nan nan
nan nan nan nan nan nan nan nan nan 1.287526879670886689e-04 9.678589344474574979e-04 8.500678005956971905e-04 3.414300926144531775e-05 7.906517378063283646e-04 7.890533510209941275e-04 1.971090245991192905e-04 1.606717468454124317e-02 9.658531131166004854e-03 9.009833231468832243e-04 3.837459488055663254e-03 1.905016964360572128e-03 nan nan nan nan nan nan nan
nan nan nan nan nan nan nan nan nan nan 1.143215687323900862e-03 1.366932829691621136e-03 2.197415537080687033e-04 5.439911999799005487e-04 1.232587292250170294e-03 1.000481948338040588e-03 1.261503589605282973e-04 1.084617657126333602e-02 4.423926048603985320e-03 7.219017270027202303e-03 2.873672502384105962e-03 1.131939715289688447e-05 nan nan nan nan nan nan
nan nan nan nan nan nan nan nan nan nan nan nan 3.600309410305559382e-03 1.396696254307181818e-04 2.448268813976843474e-04 2.584545221649430955e-04 2.996385405381250117e-03 4.890335369859530367e-04 3.001227632888077857e-03 1.597606959396833792e-03 2.288649591045767689e-03 3.160426937184023996e-03 4.905332900760917556e-04 8.471941240695725480e-04 nan nan nan nan
nan nan nan nan nan nan nan nan nan nan nan nan nan 1.401447007024482017e-03 3.601184833367456385e-08 2.285293618817767734e-03 4.077096114274334052e-06 6.676628953763543393e-03 9.942704872176555495e-04 1.457915869818180755e-03 1.452490965840025003e-02 6.905048384970031549e-04 2.146945059749633177e-04 8.791573931145096801e-04 1.069439732140711058e-03 nan nan nan
nan nan nan nan nan nan nan nan nan nan nan nan nan nan nan 1.009638749527385455e-03 2.566284623339562098e-03 1.357125313297857100e-03 1.216010581150094418e-03 7.235391864176352744e-03 5.952734626394890058e-04 8.987531372717131456e-03 5.573016104195191401e-04 3.022960157143031977e-04 1.951905634922326610e-03 nan nan nan
nan nan nan nan nan nan nan nan nan nan nan nan nan nan nan nan nan 1.759640065518252444e-02 8.257544388396579130e-03 7.514556397268604658e-03 4.138679603380444882e-02 6.008341389171328569e-04 2.405501866848708259e-03 1.648779669010218057e-03 9.910022773914725809e-04 nan nan nan
nan nan nan nan nan nan nan nan nan nan nan nan nan nan nan nan nan nan nan nan 9.463031582091942359e-04 nan nan 4.771270255912763727e-04 7.862948971178335426e-05 nan nan nan
