nan nan nan 2.167229397455608310e-04 5.127721552993028120e-04 nan nan nan nan nan nan nan nan nan nan nan nan nan nan nan nan nan nan nan nan nan nan nan
nan nan nan 2.836591359211160669e-05 3.732142987019308224e-03 3.144062527918182245e-03 9.815607035459996549e-03 nan nan nan nan nan nan nan nan nan nan nan nan nan nan nan nan nan nan nan nan nan
nan nan 1.300249850737453423e-02 6.187622578353516164e-04 1.743065341558864331e-03 1.002970848623481329e-03 2.869260942345271473e-04 3.066351561565709011e-02 nan nan nan nan nan nan nan nan nan nan nan nan nan nan nan nan nan nan nan nan
nan 9.067584865276761760e-03 2.756445074444453152e-04 1.598381332100464380e-03 3.928970583799058953e-03 5.892084702132930805e-05 1.554119446925131091e-03 2.518155509139362314e-02 2.032800210425270149e-02 nan nan nan nan nan nan nan nan nan nan nan nan nan nan nan nan nan nan nan
nan 1.171394397061088430e-02 7.298613645158924350e-03 1.029214194556590540e-03 1.222465428709559009e-02 8.412624750726085954e-04 3.121555912893771568e-04 1.546028060957406643e-02 1.017248331009761551e-02 5.274827995314917972e-02 nan nan nan nan nan nan nan nan nan nan nan nan nan nan nan nan nan nan
3.808085141298336168e-02 5.531264285822210663e-03 6.472587483714982264e-03 3.376860675119150012e-03 6.382737919478789421e-03 1.113696901866675481e-03 3.004839132495941553e-04 1.152444572884742634e-02 5.690539713322744636e-02 nan nan nan nan nan nan nan nan nan nan nan nan nan nan nan nan nan nan nan
1.508927337069063297e-02 3.696959541525109139e-03 3.286336113870343655e-03 9.829916669033568737e-04 1.174640954211726848e-04 3.530801435858697303e-03 1.304097367376530828e-03 3.534983001451517254e-02 4.598018446336932241e-02 nan nan nan nan nan nan nan nan nan nan nan nan nan nan nan nan nan nan nan
6.613117476863859335e-04 1.394226571143065800e-02 1.397509011028817347e-02 5.581374678093018425e-03 1.088114463771488061e-03 3.165069942156424881e-03 2.447053995222141926e-03 6.084490539969564932e-02 1.020948732178532468e-03 nan nan nan nan nan nan nan nan nan nan nan nan nan nan nan nan nan nan nan
nan 3.061657843467936735e-03 2.603136354929926874e-05 4.250055585891415223e-03 1.465391601511450287e-02 8.661553687003527638e-03 4.979892144117040002e-03 3.797896790505151526e-02 9.373178877939297455e-04 1.844366710638491169e-02 nan nan nan nan nan nan nan nan nan nan nan nan nan nan nan nan nan nan
nan 2.925094641186900819e-04 7.970686868785230869e-04 6.746628659723801803e-03 8.561078917157599610e-03 8.985096591627958137e-03 7.696048466572092198e-03 7.550488292773183466e-03 9.075923855015967379e-03 5.399536191195973035e-03 nan nan nan nan nan nan nan nan nan nan nan nan nan nan nan nan nan nan
nan 8.931579836660378385e-04 3.328947706093956594e-04 2.691813498040215879e-04 5.680867434921301482e-05 3.905252049310841116e-03 1.099982552274181681e-03 5.958192351217931476e-02 3.442421368294159428e-02 7.225837144976407977e-04 nan nan nan nan nan nan nan nan nan nan nan nan nan nan nan nan nan nan
nan nan 2.417977487134176557e-04 1.871200740768433032e-04 2.120925800478201152e-03 4.487645185088149843e-03 1.620040290341741990e-02 5.100033526755158586e-02 1.178581749138762208e-02 1.767319439444288518e-03 nan nan nan nan nan nan nan nan nan nan nan nan nan nan nan nan nan nan
nan nan 5.745456988484502281e-04 8.871968045921657144e-04 3.537683679489288854e-04 nan 5.212440279686255534e-03 3.423527774921941713e-02 5.950481631523363638e-03 7.641387261084380163e-03 nan nan nan nan nan nan nan nan nan nan nan nan nan nan nan nan nan nan
nan nan nan nan nan nan 4.233667413882146423e-03 1.154658570123685054e-03 1.797225762012507819e-02 1.157822085014335606e-03 nan nan 1.901281515772938399e-02 nan nan nan nan nan nan nan nan nan nan nan nan nan nan nan
nan nan nan nan nan 4.018684916331205156e-03 1.543029036954928282e-03 1.995024314234337959e-03 2.008686325386041874e-02 4.645703002299898278e-03 nan nan nan nan nan nan nan nan nan nan nan nan nan nan nan nan nan nan
nan nan nan nan nan 3.124281766467507538e-03 5.214832343093902303e-05 6.864512067850011548e-04 1.164480699395123485e-03 9.033583157683138659e-03 3.677719913348465736e-03 nan nan nan nan nan nan nan nan nan nan nan nan nan nan nan nan nan
nan nan nan nan nan 1.118260725937889272e-03 8.297832098819175981e-05 2.036566234978494632e-04 8.321558811693592714e-04 5.808038289719414000e-03 1.024100315089378427e-03 4.054470173369877171e-04 nan 4.710557606583779010e-05 nan nan nan nan nan nan nan nan nan nan nan nan nan nan
nan nan nan nan nan 6.060303052404726105e-05 7.712094339984122086e-04 1.018065221177718357e-03 1.936435565976419616e-04 5.927498083028917954e-04 7.930687859666604028e-03 4.150063228463102272e-02 9.663939946791412060e-04 1.231822474974345917e-03 6.988311263203360454e-05 nan nan nan nan nan nan nan nan nan nan nan nan nan
nan nan nan nan nan 8.866789745348560570e-03 2.770357651559968940e-03 8.752094646579396770e-04 4.839982268427816566e-05 2.976271247726252440e-04 2.274054122386365870e-04 1.703920269714251248e-04 2.469963490954325824e-02 8.851698109329269454e-03 1.433235877916166998e-04 8.237702335455648271e-06 7.297343411539248560e-05 nan nan nan nan nan nan nan nan nan nan nan
nan nan nan nan nan nan 9.293990050520509780e-06 5.750832636123439723e-04 3.070415365583542555e-04 3.394003636937005996e-04 1.662853653469547677e-04 8.947318305996871833e-04 1.698326452189718398e-03 3.397201059594697099e-03 5.808492895866822735e-03 1.596340798681790429e-04 2.194361303738476677e-04 5.782999745010540711e-04 nan nan nan nan nan nan nan nan nan nan
nan nan nan nan nan nan nan 3.108358523607702636e-04 1.240485773761499581e-04 3.285518497477642381e-04 1.687852646318111383e-04 1.507165893555239763e-03 4.420440575876427147e-04 3.854404998509813754e-04 6.314758929946629427e-03 6.971358568608315362e-03 9.978741022657018687e-05 7.732849321175144178e-04 5.946872637645009025e-04 nan nan nan nan nan nan nan nan nan
nan nan nan nan nan nan nan 2.515169750887025431e-06 4.304230728742461701e-04 4.114224606185071822e-05 4.716916215627442781e-06 6.710383346009052459e-04 1.949707408843397030e-03 2.610005141156753806e-04 1.646918384858003087e-04 9.222337881614523294e-03 8.694747176927117988e-03 8.564939311619473861e-03 7.512304532449552144e-04 6.590245586342279851e-04 nan nan nan nan nan nan nan nan
nan nan nan nan nan nan nan nan 8.569744935985444548e-04 1.558126270249397469e-04 1.377523035240656277e-04 4.238556165512008273e-04 3.085070969845627072e-05 6.506319408749663014e-04 4.854508076287561446e-04 1.716275072385880075e-04 1.408071536236249477e-02 8.816592783213577375e-04 5.582113304045475521e-04 2.707594513128935409e-03 5.072244226004995376e-04 3.398564543279318636e-04 nan nan nan nan nan nan
nan nan nan nan nan nan nan nan nan 2.693815139048136027e-05 9.922829202599773094e-04 2.365073997249314899e-04 4.521066646275988038e-05 1.305174646420434795e-04 7.497109246314866138e-04 1.778723995098933442e-03 3.458862467271775140e-03 1.409820952753012592e-02 2.624306183496337235e-04 2.838351868943911858e-03 2.051497074811269809e-03 1.439624433293360418e-03 1.039629361851886349e-04 nan nan nan nan nan
nan nan nan nan nan nan nan nan nan nan 2.703603297602322295e-03 1.043222477990755925e-04 4.977132885753588365e-05 1.255587505174504670e-04 1.179773774076389801e-04 3.494322095940618307e-04 8.281222992184076844e-05 3.992017218211452861e-03 5.181738264468356905e-03 1.312028853862706040e-02 3.561083358483287369e-03 3.416191227845233899e-05 2.135962229123955416e-03 1.683692410500078895e-03 9.187167504906199305e-04 nan nan nan
nan nan nan nan nan nan nan nan nan nan nan nan 5.374274232647229020e-04 1.967103790983687776e-04 8.029151355558918892e-05 1.661234272630724514e-04 9.204003179491120632e-05 8.626949810024529949e-04 6.787236841071085268e-04 5.309067755458514318e-04 4.111185204067016596e-03 2.331589309192929737e-03 3.343106943549872301e-06 1.102951757916071284e-03 1.095666347524406465e-04 1.492847982075894511e-04 nan nan
nan nan nan nan nan nan nan nan nan nan nan nan nan 6.790492508351320263e-05 4.961660098845228125e-04 6.562786233749355949e-04 6.569179886517758863e-06 2.163643432171564410e-03 6.138221747233077409e-04 2.190762306481249845e-03 4.630369349418213612e-03 5.789313139549054528e-04 2.624984195278633452e-03 3.690935581435876231e-03 1.385370143209407575e-03 2.739631772399258669e-04 nan nan
nan nan nan nan nan nan nan nan nan nan nan nan nan nan nan 1.293629475460250297e-03 1.677777717130183883e-04 5.470873991963805163e-04 8.567482511113839148e-04 7.754219935185370678e-04 8.347674050319740368e-04 3.509204571185931161e-03 1.045777007429955774e-02 6.761207767559673787e-03 3.624579910501534146e-03 1.674024640637631787e-03 nan nan
nan nan nan nan nan nan nan nan nan nan nan nan nan nan nan nan nan 1.040944642270516182e-02 4.444331205592616865e-03 6.343652696333656506e-03 2.645896239126234104e-02 6.151907977565713569e-04 3.114673306745279879e-03 1.442630684658703470e-02 4.778781011284604502e-03 7.097751861862100584e-04 5.224417031191931930e-04 nan
nan nan nan nan nan nan nan nan nan nan nan nan nan nan nan nan nan nan nan nan 1.618761957954794077e-03 nan nan 3.710666873816035639e-03 2.367729774176699584e-03 1.198209355741849816e-03 nan nan
