nan nan nan 4.233353526348244099e-03 1.899296312006881673e-03 nan nan nan nan nan nan nan nan nan nan nan nan nan nan nan nan nan nan nan nan nan nan nan
nan nan nan 9.119459469535913521e-03 1.009218998709268808e-03 4.626105336298549919e-03 8.296531792884658321e-03 nan nan nan nan nan nan nan nan nan nan nan nan nan nan nan nan nan nan nan nan nan
nan nan 3.377038196812719942e-03 1.136046561000404319e-04 6.753092928812684135e-04 1.996074783960395324e-03 1.670757932736327772e-03 7.247600310901703563e-03 nan nan nan nan nan nan nan nan nan nan nan nan nan nan nan nan nan nan nan nan
nan 1.181616416990410000e-02 6.078663789684079187e-03 9.009171709010448288e-04 2.677511465577308951e-03 9.897632506626458625e-04 1.686980611053556529e-03 1.082998119977413151e-03 2.650259912096080816e-03 nan nan nan nan nan nan nan nan nan nan nan nan nan nan nan nan nan nan nan
nan 1.135244010074193746e-02 3.204449979590248600e-03 1.554371924521826855e-02 3.371116686391248396e-02 2.571280280365252288e-03 1.319266475722762110e-03 2.838048778486475937e-03 2.629605854393879567e-03 2.063614381954740132e-02 nan nan nan nan nan nan nan nan nan nan nan nan nan nan nan nan nan nan
2.620292823809300051e-03 2.340962416866258073e-04 3.225201677195648972e-03 8.869886164735309815e-04 9.874982597342721324e-04 1.174498259235198143e-03 4.614231513682939606e-04 7.245236979596872753e-03 1.142515399557441323e-02 nan nan nan nan nan nan nan nan nan nan nan nan nan nan nan nan nan nan nan
4.773629112317365197e-03 1.444265728853422193e-02 3.348863129857565339e-03 6.264158876889444443e-03 2.672147476618549466e-04 3.286652801312382050e-03 5.253420083304791849e-03 1.207538022762537008e-02 1.193243127534919339e-03 nan nan nan nan nan nan nan nan nan nan nan nan nan nan nan nan nan nan nan
3.944747771263391010e-04 4.311541569562937076e-03 8.844712037850340283e-03 3.092283277842994629e-03 2.325420512292664587e-04 8.802514081975900892e-03 1.536857316320188339e-03 1.552257730643819868e-02 4.487539996485955408e-04 nan nan nan nan nan nan nan nan nan nan nan nan nan nan nan nan nan nan nan
nan 4.919674807759431140e-03 2.250156211197126420e-04 1.412492198960131964e-02 1.252701687809242882e-02 1.099893781967916859e-03 5.040145779322432323e-03 2.500747535124746290e-02 1.177458489837659517e-03 2.503070125777559843e-02 nan nan nan nan nan nan nan nan nan nan nan nan nan nan nan nan nan nan
nan 2.822998266084508117e-04 3.173982647674848862e-04 5.427060344702688745e-04 1.360706258407508220e-03 1.942682714949654646e-03 1.484991074825307150e-03 6.239318133577278352e-03 4.495601376199607167e-03 1.180313999641225201e-02 nan nan nan nan nan nan nan nan nan nan nan nan nan nan nan nan nan nan
nan 7.702268436264397833e-03 1.114289841171185302e-04 3.995441340411340901e-04 5.810625805535366960e-04 3.044552311337945290e-03 2.717600499937440975e-03 1.797249308385660219e-03 3.918709034646169868e-03 1.045966881510447880e-02 nan nan nan nan nan nan nan nan nan nan nan nan nan nan nan nan nan nan
nan nan 4.510190216393406958e-04 2.550778084827350078e-03 2.637588166130690540e-03 7.043370266213654605e-04 2.216642947511101268e-03 8.661313997909903710e-04 2.007644188688778738e-04 1.531008667992938025e-03 nan nan nan nan nan nan nan nan nan nan nan nan nan nan nan nan nan nan
nan nan 1.082716147510432748e-03 3.911000724088722663e-04 2.034527610670950227e-04 nan 1.173869878703235952e-03 2.687870357276469710e-02 4.175132222968063085e-03 7.647848213094234592e-03 nan nan nan nan nan nan nan nan nan nan nan nan nan nan nan nan nan nan
nan nan nan nan nan nan 2.893654411859398427e-03 2.270119870232848152e-03 1.703463854811905487e-02 2.248895712277679433e-03 nan nan 1.425884207271401090e-03 nan nan nan nan nan nan nan nan nan nan nan nan nan nan nan
nan nan nan nan nan 4.980836662594537168e-03 3.835900150998066208e-03 7.486779118186653870e-04 1.158361811518413866e-02 2.620753669266452559e-03 nan nan nan nan nan nan nan nan nan nan nan nan nan nan nan nan nan nan
nan nan nan nan nan 2.279162746057854759e-03 9.771757908022976093e-04 7.541900947998468607e-04 1.289902949787413320e-03 1.909498831142184688e-02 1.947226326802788858e-03 nan nan nan nan nan nan nan nan nan nan nan nan nan nan nan nan nan
nan nan nan nan nan 1.264175301674145711e-03 1.082089924923381862e-03 1.594311733105492276e-03 3.523692868641666986e-04 1.284969178103993748e-02 1.716487933876545803e-03 3.868420143918238890e-03 nan 4.320810503968250719e-04 nan nan nan nan nan nan nan nan nan nan nan nan nan nan
nan nan nan nan nan 2.942119150676425422e-04 1.186760412833204445e-04 1.164883983439481564e-03 7.640188271369819425e-04 2.276344619448075160e-04 1.177429904702506636e-02 2.539427003522986073e-02 9.365077559956460729e-05 2.384462733470990386e-04 1.901851286091085476e-04 nan nan nan nan nan nan nan nan nan nan nan nan nan
nan nan nan nan nan 4.609570857681930152e-03 3.443927808585479661e-04 2.161935639010091072e-04 1.222519463754567933e-04 1.027607634971068308e-04 2.905921048695560716e-04 4.543419303042594963e-04 2.221519112978832117e-02 2.047681645810561259e-03 1.188925394906464102e-04 4.670388290464422786e-05 2.186932979553094392e-03 nan nan nan nan nan nan nan nan nan nan nan
nan nan nan nan nan nan 2.756340933768698661e-05 1.390179146759254827e-04 6.515906362270057722e-05 6.277377386273737660e-05 4.392191052381259637e-04 8.581037908248989273e-05 2.155826961948639243e-03 3.670470742275414641e-03 4.028397098352381328e-03 2.371002887245147588e-05 1.126951151035445603e-03 7.788728840506471739e-05 nan nan nan nan nan nan nan nan nan nan
nan nan nan nan nan nan nan 2.243621574053835451e-04 3.019741944442561938e-05 3.324178198711003713e-05 4.912577347419313617e-05 5.980893835393431878e-04 9.813930007023998359e-04 3.686706788844118271e-04 4.041029080447616252e-03 1.217442075703332321e-02 1.361183745369271480e-04 3.883647523551870314e-04 6.712099332794638868e-04 nan nan nan nan nan nan nan nan nan
nan nan nan nan nan nan nan 1.811509662996420940e-04 9.441487944701803853e-05 1.837772520497619067e-04 1.447535077820452133e-04 6.153266194588378731e-04 2.313297362554719936e-03 3.144497963641373515e-04 3.261280872591344531e-05 5.529038194406468362e-03 1.186667909496123656e-02 1.102100292227178695e-02 1.082482605573293179e-03 7.223476782384841751e-04 3.396014041760967014e-04 9.566728615381652086e-05 nan nan nan nan nan nan
nan nan nan nan nan nan nan nan 5.427553094445669926e-04 1.367748108835411831e-04 4.301518510602986593e-04 6.904776114005913381e-05 3.710327653833143252e-04 1.714873080293891332e-03 2.646151078772846551e-03 5.603544866310270281e-04 1.031904807325707135e-02 1.166617336311131722e-03 4.591301176607044524e-04 2.678616359399883101e-03 6.049911445478168941e-04 8.490478594847657384e-05 3.143075825635574506e-04 3.790681569120641899e-05 nan nan nan nan
nan nan nan nan nan nan nan nan nan 1.304263598598345863e-04 5.544472679892012640e-04 2.022968383411046010e-04 1.290398776300264144e-04 6.878075885121457676e-06 1.508083655976537102e-04 1.152093100658466889e-03 1.585656386625602801e-03 1.625308099429417091e-02 3.322314542418945845e-04 2.859523694300774958e-03 1.898464293751162381e-03 8.687775558588886962e-04 1.627481298297777821e-03 2.266727956868206263e-03 nan 5.587091752436070674e-04 nan nan
nan nan nan nan nan nan nan nan nan nan 2.717660691041495075e-03 5.269983479478588272e-06 1.327851198548308501e-04 1.541656227923787835e-04 6.899312721582597603e-04 1.400614922505930698e-03 1.161902449293291146e-05 1.440622324360179901e-03 1.242148490045870933e-02 1.503010907706835500e-02 2.993458425029846010e-03 2.852546874079275464e-05 2.548460492104478916e-03 2.591818114384482862e-03 1.553071564550659528e-03 4.303159429839586753e-04 nan nan
nan nan nan nan nan nan nan nan nan nan nan nan 2.186697719766593311e-04 7.434390371459527989e-05 1.407153814081083472e-05 1.428778557942932809e-04 1.404496694581986848e-03 1.712792436780512999e-04 7.683999469392111936e-04 2.589160378229175483e-03 2.870078492388540396e-03 3.879315757254344667e-03 9.973714415062720148e-04 2.319543132707711005e-03 1.746933419419368857e-04 1.950813393367560665e-04 nan nan
nan nan nan nan nan nan nan nan nan nan nan nan nan 1.067369796234628502e-04 1.546977905383783297e-04 3.712813830513192183e-05 2.173931070180968824e-04 2.770150875068943825e-03 1.912368744767403575e-03 5.858440792634037530e-04 3.205739899780925533e-04 9.609143475505342461e-04 2.064731001343458495e-05 1.304475099683352754e-03 8.016056281353386038e-04 3.245940356263264767e-04 nan nan
nan nan nan nan nan nan nan nan nan nan nan nan nan nan nan 1.236732070052563078e-03 4.815623620110436411e-04 6.495585602404303858e-04 6.332477765179077853e-04 2.982150889854262577e-03 8.999094221312742238e-04 8.481221659119676098e-03 1.657218961260597612e-03 1.271459655403523077e-03 1.039100771001190675e-03 1.491162831783723365e-03 nan nan
nan nan nan nan nan nan nan nan nan nan nan nan nan nan nan nan nan 9.204205660154323593e-03 1.066293242245473956e-02 9.553058687628726651e-04 1.580103835531643588e-02 8.250042082311904654e-03 1.215088101018250814e-02 2.700004321067495821e-04 8.893556587048793635e-04 3.674468695708692548e-04 3.706223658469575224e-04 nan
nan nan nan nan nan nan nan nan nan nan nan nan nan nan nan nan nan nan nan nan 1.269272059956971788e-03 nan nan 2.048087169036373091e-03 1.687549746820858187e-03 2.904628881750692427e-05 nan nan
