nan nan nan 2.417770571964142357e-03 5.381174060645420830e-04 nan nan nan nan nan nan nan nan nan nan nan nan nan nan nan nan nan nan nan nan nan nan nan
nan nan nan 1.522629554496731687e-04 2.321589744137347432e-03 2.722473563959626822e-03 2.609064773237754209e-02 nan nan nan nan nan nan nan nan nan nan nan nan nan nan nan nan nan nan nan nan nan
nan nan 2.714666359332078326e-04 8.599532526204911251e-03 1.387957272159109044e-04 3.675742888145578854e-03 4.878475193572137767e-04 2.447610797333312979e-02 nan nan nan nan nan nan nan nan nan nan nan nan nan nan nan nan nan nan nan nan
nan 1.219066074524240931e-03 5.746529795999735530e-04 4.106860074204994084e-03 1.079172315269934495e-03 5.231093929229528637e-04 3.855399117450592460e-03 1.253511703595524066e-02 2.795860593501368549e-04 nan nan nan nan nan nan nan nan nan nan nan nan nan nan nan nan nan nan nan
nan 3.336911446149865706e-02 3.522638819867978874e-03 1.101537356843686200e-03 4.241279648241207817e-03 1.270885448444078990e-03 4.461955100523821126e-03 4.813954308605485413e-03 3.920786751984724379e-03 1.461055687584989979e-02 nan nan nan nan nan nan nan nan nan nan nan nan nan nan nan nan nan nan
1.466160073005510264e-03 5.736111651771148671e-03 8.350151556502054392e-04 4.132581392268378992e-03 1.911398904866086707e-03 9.042395341952749049e-03 2.737894793217929973e-03 9.664216604769272634e-03 1.525696472675048751e-02 nan nan nan nan nan nan nan nan nan nan nan nan nan nan nan nan nan nan nan
4.132724557351620748e-04 4.143723183770226990e-04 2.011406397738008632e-03 6.518611339513875891e-03 1.733868411039046070e-03 5.469962236823225181e-03 9.125869739769051567e-03 4.009198705112777122e-02 5.063237444380683239e-03 nan nan nan nan nan nan nan nan nan nan nan nan nan nan nan nan nan nan nan
6.442088930257394664e-04 3.184866865627004277e-03 1.632775707920656322e-02 1.168035618120417778e-02 8.266023780923902747e-03 3.508310191439374280e-04 3.457577824860812231e-04 3.425206599670381491e-02 2.366228655137834341e-03 nan nan nan nan nan nan nan nan nan nan nan nan nan nan nan nan nan nan nan
nan 1.890147688740635929e-03 2.834041668910617252e-03 5.346049925014386556e-03 3.991579295723987272e-03 2.443102078699101870e-03 3.296889250244980449e-03 2.767636274448974712e-02 3.775575003101329938e-04 2.872778636858808188e-02 nan nan nan nan nan nan nan nan nan nan nan nan nan nan nan nan nan nan
nan 5.224044789725963613e-04 3.610136720340350637e-04 1.692795237573693117e-03 4.412621524546276458e-03 4.345972426422648957e-03 4.111108657963448952e-03 1.424796575717189595e-02 5.876205814467359671e-03 9.420879778632646265e-03 nan nan nan nan nan nan nan nan nan nan nan nan nan nan nan nan nan nan
nan 4.860828323924285162e-04 3.555310128428112006e-04 1.449103297617332668e-04 5.896490442194302333e-04 5.577834211607958850e-03 2.938182331229617205e-03 2.159862504281370374e-03 3.398391328530744014e-03 6.109322861006639613e-03 nan nan nan nan nan nan nan nan nan nan nan nan nan nan nan nan nan nan
nan nan 3.032609568060905410e-04 6.848313418765945284e-04 2.839767724124089019e-04 3.453550042860697522e-04 2.082804129882624624e-04 8.443415855443562462e-03 3.239985561271009184e-03 8.411197929629056491e-03 nan nan nan nan nan nan nan nan nan nan nan nan nan nan nan nan nan nan
nan nan 6.086517471894964566e-04 1.165801321861328552e-03 2.975139468052375846e-03 nan 3.746751725179456620e-04 1.371932924247615607e-02 3.141162337064532396e-03 1.619537969484430989e-02 nan nan nan nan nan nan nan nan nan nan nan nan nan nan nan nan nan nan
nan nan nan nan nan nan 5.515481564227840260e-04 4.997252304852531010e-03 9.564446334326324323e-03 2.348818707067601864e-03 nan nan 6.242383801667886374e-03 nan nan nan nan nan nan nan nan nan nan nan nan nan nan nan
nan nan nan nan nan 2.995457856899957222e-03 1.292869008538381466e-03 8.735995413348088701e-04 4.179894730551847286e-03 2.802674788777828867e-03 nan nan nan nan nan nan nan nan nan nan nan nan nan nan nan nan nan nan
nan nan nan nan nan 2.038840597557165304e-03 4.370341390495256274e-04 1.494417977059180795e-04 4.416510471604909974e-04 8.360524573589260544e-03 1.108583281203451808e-03 nan nan nan nan nan nan nan nan nan nan nan nan nan nan nan nan nan
nan nan nan nan nan 2.542911532225061028e-04 8.012428274110558728e-04 1.076127025440505244e-03 4.681151204767593872e-04 6.540580754071372883e-03 1.294824861021671471e-03 8.883180362427964716e-05 nan 2.355697392361930456e-04 nan nan nan nan nan nan nan nan nan nan nan nan nan nan
nan nan nan nan nan 3.883683270972776956e-05 1.683329513973161676e-04 2.049423069264965161e-03 8.722663444589861962e-04 6.569282541125154090e-04 7.266062577706540807e-03 1.475260802822472156e-02 4.307878245993908522e-04 9.218417268276131972e-06 5.999894585747738481e-04 nan nan nan nan nan nan nan nan nan nan nan nan nan
nan nan nan nan nan 1.387828972294831778e-02 2.622881056989224621e-03 9.071035291677244285e-04 5.647393262758666505e-04 6.242410250073431900e-04 1.562671503840508879e-03 1.946133354139128460e-04 6.281280000610035656e-03 6.651175017951653674e-03 8.374555099967159440e-05 3.547464301690657546e-04 nan nan nan nan nan nan nan nan nan nan nan nan
nan nan nan nan nan nan 2.755965242181471848e-05 9.779276201495889251e-05 4.607566160579523642e-04 5.470229626474735433e-04 2.686010063183950653e-04 1.367220959136269910e-03 1.577991050708396192e-03 1.032537890809312421e-03 2.116721466759725282e-03 4.216561317665237069e-05 6.318875724314129564e-04 nan nan nan nan nan nan nan nan nan nan nan
nan nan nan nan nan nan nan 8.238925315538196291e-04 1.088440482898890723e-04 3.757336450251010963e-04 2.176379576795035061e-04 1.662067198599971601e-05 1.070194278314542209e-03 2.118345645154611802e-03 6.920227049880574646e-03 8.848021421893125654e-03 9.237794952638840078e-06 3.929372701826321220e-04 nan nan nan nan nan nan nan nan nan nan
nan nan nan nan nan nan nan 8.445908808543280659e-06 1.643661508934125349e-03 1.223536068960763481e-04 6.377949380897038030e-04 6.115718438126742373e-04 1.187336455553212981e-03 5.213531424267182132e-04 1.511194196896216554e-03 8.957143849741482783e-03 1.099328599696419197e-02 9.946231308493076392e-03 8.005713871161148016e-04 nan nan nan nan nan nan nan nan nan
nan nan nan nan nan nan nan nan 1.523077531106725941e-03 9.404150240070688219e-05 4.733387029977114899e-04 5.772632730778525997e-04 1.194908291661961081e-04 1.264329871353039435e-03 2.583564076665216275e-03 3.289966131962675992e-04 1.416727624630322209e-02 1.082293824928956538e-03 6.260226511854473114e-04 2.598385887620191688e-03 7.205079646342857575e-04 nan nan nan nan nan nan nan
nan nan nan nan nan nan nan nan nan 1.419011836297638099e-03 3.579346488459430849e-05 8.454142606705606104e-04 2.923211034939077343e-04 7.535858096274393935e-04 3.542045574523519647e-04 4.919795535454781453e-04 4.276145782568406203e-03 1.072428265398126315e-02 2.517360796331133258e-04 3.906629342054233900e-03 2.134312538662488934e-03 9.805524590008741874e-04 nan nan nan nan nan nan
nan nan nan nan nan nan nan nan nan nan 4.755000414720009070e-05 3.732479091648267561e-04 2.152721416944215445e-04 2.024133016834748068e-04 3.760499799300498014e-04 1.488754643645570338e-04 6.659764946811236276e-04 4.642946544261014954e-03 6.014458432839885765e-03 1.661391378887149342e-02 6.166336600652150973e-03 3.597140919359630390e-04 4.006636942298207396e-03 2.119522001621728779e-03 nan nan nan nan
nan nan nan nan nan nan nan nan nan nan nan nan 1.183338695283470479e-03 1.602166039310694593e-04 9.641696933035993967e-06 4.132660499157351434e-04 6.567052440378099744e-04 6.689373300073601794e-04 5.703741755661892454e-03 6.488652241529713031e-03 2.124418819048767056e-03 5.179430476133894089e-03 4.402452410181745724e-04 1.765246599477731824e-03 2.581823327530011810e-04 nan nan nan
nan nan nan nan nan nan nan nan nan nan nan nan nan 5.207983392798785482e-04 1.856254341485815318e-04 1.479187549444789659e-03 1.347930109329858756e-04 3.063329459620896733e-04 1.310734378709343430e-02 9.396107947980117045e-04 1.302039317455588006e-02 7.084232407224340822e-04 1.151345223639728497e-03 2.780147499914221955e-04 1.198279167219218734e-03 5.062947880545753867e-04 nan nan
nan nan nan nan nan nan nan nan nan nan nan nan nan nan nan 1.820485341985411286e-03 7.845296578318123075e-04 1.087836211232100182e-03 4.024453444389442989e-04 1.649092759013868689e-03 2.112898673787418427e-03 3.298361666863732292e-03 1.406263055122705056e-03 1.274839148561470684e-04 2.174788187615734562e-03 2.339156120414184487e-03 nan nan
nan nan nan nan nan nan nan nan nan nan nan nan nan nan nan nan nan 1.414067230199471392e-02 6.775256591938196710e-03 1.047305964054283563e-02 2.846019493473393724e-02 7.167775647552591988e-04 6.528922565350817747e-03 4.561526491766899546e-03 1.175938284817223912e-03 1.101301711882666156e-03 nan nan
nan nan nan nan nan nan nan nan nan nan nan nan nan nan nan nan nan nan nan nan 8.713079962278898801e-04 nan nan 1.017457859944928891e-03 3.019309412997490342e-04 1.611393861148297825e-04 nan nan
