nan nan nan 2.743709932063050864e-03 1.517662181586571868e-03 nan nan nan nan nan nan nan nan nan nan nan nan nan nan nan nan nan nan nan nan nan nan nan
nan nan nan 3.058243651886714083e-04 1.018523236300573421e-03 9.141146894596954408e-04 6.001190109526534540e-03 nan nan nan nan nan nan nan nan nan nan nan nan nan nan nan nan nan nan nan nan nan
nan nan 5.308374753321479234e-04 1.648344587823843575e-03 5.079664089731661999e-04 1.080647535446247300e-04 6.723460795591341185e-04 1.671153746836203519e-02 nan nan nan nan nan nan nan nan nan nan nan nan nan nan nan nan nan nan nan nan
nan 5.620953685447933369e-03 1.678684890258452800e-02 1.777423766499987377e-03 2.245221464718826724e-03 3.537114741958351477e-04 5.866585378002874777e-04 9.162367893224228343e-03 6.814622281883192349e-03 nan nan nan nan nan nan nan nan nan nan nan nan nan nan nan nan nan nan nan
nan 1.121269842586272714e-02 3.499830242101183934e-03 1.506752407444898745e-02 5.364442132383935927e-03 1.291578587146461265e-03 2.671241982355711730e-04 5.227694282065430652e-03 2.952818987311852782e-03 2.949950418546789035e-02 nan nan nan nan nan nan nan nan nan nan nan nan nan nan nan nan nan nan
3.758733388754620722e-03 8.524746841320582358e-03 8.641594360360269240e-04 1.410847595082239184e-02 6.993530746658651112e-03 1.883021203262214807e-04 3.089452080952233108e-03 5.181728863567857876e-03 2.617543900843565668e-02 nan nan nan nan nan nan nan nan nan nan nan nan nan nan nan nan nan nan nan
1.353790308911278356e-02 1.642439988707098709e-03 1.418381007193296635e-02 2.503656066151058960e-03 3.370735936471022502e-04 5.412367588976205006e-03 3.596124287203901742e-04 2.810749926841350083e-02 2.110495128734413486e-02 nan nan nan nan nan nan nan nan nan nan nan nan nan nan nan nan nan nan nan
6.351399412053904863e-04 9.462316495902851898e-03 1.881348761317385137e-03 3.618697962134761331e-03 2.067254994989547925e-03 2.741998660993460860e-05 8.690900164324702817e-04 1.668971591513836519e-02 7.063456774992235392e-03 nan nan nan nan nan nan nan nan nan nan nan nan nan nan nan nan nan nan nan
nan 1.180534672733503897e-03 4.097059072239533049e-03 1.139471669054325479e-04 1.263470195313515579e-02 8.048826156670339923e-04 5.766003074602226754e-03 3.271731785486649280e-02 6.449749283589760462e-04 2.363009058985468883e-02 nan nan nan nan nan nan nan nan nan nan nan nan nan nan nan nan nan nan
nan 1.352397448056589201e-03 1.936119181971257758e-03 3.887710845457688184e-03 9.723687689346859064e-03 3.733526344099275147e-03 9.246884980764373064e-04 5.110776552407125285e-03 1.349462157771367729e-02 7.189108412795490108e-03 nan nan nan nan nan nan nan nan nan nan nan nan nan nan nan nan nan nan
nan 1.864869140451202870e-03 7.121906256462116197e-04 6.786613052465143708e-04 4.346721079078147789e-04 3.173727699408960320e-03 2.320535652938967035e-04 1.814041752117538783e-03 9.902109552977994642e-04 4.856000394554006727e-03 nan nan nan nan nan nan nan nan nan nan nan nan nan nan nan nan nan nan
nan nan 9.438149488781150381e-04 4.192766352234866822e-03 8.307009801164133480e-04 3.310094929824014195e-03 1.052942469874470870e-02 1.567699877577462958e-02 2.936346880293343696e-03 9.072876932787694859e-03 nan nan nan nan nan nan nan nan nan nan nan nan nan nan nan nan nan nan
nan nan 5.845093751362652424e-04 5.705406256154455392e-04 4.817498263761974095e-04 nan 1.479753257750120177e-03 4.160382983320319063e-03 5.524273244813767900e-03 1.463711649653123316e-02 nan nan nan nan nan nan nan nan nan nan nan nan nan nan nan nan nan nan
nan nan nan nan nan nan 3.381572021120285432e-03 3.803026671577563241e-03 1.544350451183286801e-02 1.969360113439228357e-03 nan nan 1.060163591020798525e-02 nan nan nan nan nan nan nan nan nan nan nan nan nan nan nan
nan nan nan nan nan 6.916753320370969647e-03 1.834276697673663768e-03 4.922036214798869089e-03 4.951139462658604370e-03 1.792382819356401653e-03 nan nan nan nan nan nan nan nan nan nan nan nan nan nan nan nan nan nan
nan nan nan nan nan 5.837459888494501634e-03 1.129695474433518640e-07 4.432878312923212204e-04 2.810731280030252365e-04 4.424521878711530458e-03 1.912024436103079228e-03 nan nan nan nan nan nan nan nan nan nan nan nan nan nan nan nan nan
nan nan nan nan nan 1.010208523853061910e-03 4.493069933461557759e-04 2.766234096927123564e-04 4.004328027278092361e-04 1.449529046783383165e-02 1.804999480667462920e-04 3.170357235163081340e-04 nan 2.216984149331289707e-04 nan nan nan nan nan nan nan nan nan nan nan nan nan nan
nan nan nan nan nan 7.854869678898294353e-04 2.671557987952665717e-04 7.499090531340470676e-04 6.773540345208445908e-05 1.821675471771007056e-03 1.747236011509382264e-02 2.932898119968126160e-02 1.399935163752207262e-04 2.049938375665575263e-04 1.358765490279879742e-04 nan nan nan nan nan nan nan nan nan nan nan nan nan
nan nan nan nan nan 1.332573392114265107e-02 1.505660722756808423e-03 3.112523807451894262e-04 1.747892628096562359e-04 1.270480444672103439e-04 1.055152616122334531e-03 1.705116864405541188e-04 1.709762653116191078e-02 7.680665350716297732e-03 3.164088921104778402e-04 2.261700206122973351e-04 1.067719455584314510e-04 nan nan nan nan nan nan nan nan nan nan nan
nan nan nan nan nan nan 1.081106263268560136e-04 1.558939549265230212e-04 2.928888844038655091e-04 6.392030739840274265e-04 4.331772184397646793e-04 6.033273413217183582e-04 1.075027190364370418e-03 4.703680795082077447e-03 3.020093919881681414e-03 4.498975968676957767e-04 2.923967295736592414e-04 5.357232127641307429e-04 nan nan nan nan nan nan nan nan nan nan
nan nan nan nan nan nan nan 1.226586784009920566e-04 3.211977719535362040e-04 4.455259273870972790e-05 1.311591874247157983e-04 5.991414080693683100e-04 4.842445742164159465e-04 4.870660134997537391e-05 5.131403880013246828e-03 7.544450830535382943e-03 2.647861845242503062e-05 7.160343424233744274e-04 6.406181267123490803e-04 nan nan nan nan nan nan nan nan nan
nan nan nan nan nan nan nan 2.646009744728994350e-04 3.499752233669208620e-04 1.781330003056111918e-04 9.571348849315317134e-06 1.487189857778674514e-04 1.299466286018946580e-03 1.657482471780358756e-03 4.488449150170524711e-03 1.279385600152858210e-02 1.004487421281533878e-02 9.519509791825381956e-03 1.328134306052262872e-03 8.531702785588498065e-04 nan nan nan nan nan nan nan nan
nan nan nan nan nan nan nan nan 6.637632730484996032e-05 6.443747983563742491e-04 3.299706539871474363e-04 2.984902891504430606e-04 4.719188452388737150e-05 5.875844171378425415e-04 4.349641677524381119e-04 1.337986113070677163e-03 1.333091261706945488e-02 2.335395855508372569e-03 7.947348388650886776e-04 2.265891885353615420e-03 7.404230342203629075e-04 4.722359689733383555e-04 nan nan nan nan nan nan
nan nan nan nan nan nan nan nan nan 1.416735657663188361e-03 7.592926957627653985e-06 5.886672087780833295e-04 3.795644477765285703e-04 2.342438796490154394e-04 3.624981221169447008e-04 8.702663544506573749e-04 6.080471459177610484e-03 1.427449445681702213e-02 2.606682565926178997e-04 3.682727304075291211e-03 2.352813892123734301e-03 1.321497902280520734e-03 4.031707039742893480e-04 nan nan nan nan nan
nan nan nan nan nan nan nan nan nan nan 1.565369083425000030e-03 5.817188586553555203e-05 1.299738861403135768e-04 3.917919877371138374e-04 2.764865655268595017e-06 3.024869079088802690e-04 6.666354080724177112e-05 6.986262272450103304e-03 5.468817734813137370e-03 1.677276530930503842e-02 2.662027720723403670e-03 1.055403692559438378e-04 2.408242785314645452e-03 1.269479581437203512e-03 4.200734099709902900e-04 nan nan nan
nan nan nan nan nan nan nan nan nan nan nan nan 6.640686822685175870e-04 8.298702057279997075e-05 2.966743940417553059e-04 2.526872170575751217e-04 5.065250926808388806e-04 8.477695974472576352e-04 1.700933522838343108e-03 2.018371010953919770e-03 3.190417483131233883e-03 2.479542949775581477e-03 8.622631291230957278e-05 1.452174557708456326e-03 3.266923272446808522e-04 3.881212227963461029e-04 nan nan
nan nan nan nan nan nan nan nan nan nan nan nan nan 3.068415621324284675e-04 4.153130744445272565e-04 2.179617042231678670e-03 7.928654743597120117e-05 8.094733387074323772e-03 8.864759447658463788e-05 1.593191437192505383e-03 2.615351874139596345e-03 2.390010388475014014e-03 2.414604046413750330e-03 5.587967867742486914e-04 1.244377253738196756e-03 5.371667948701918565e-04 nan nan
nan nan nan nan nan nan nan nan nan nan nan nan nan nan nan 4.914768533363341255e-04 1.471365443656635387e-03 3.806246313193792407e-04 4.957362988756403672e-04 7.267787955280716021e-03 1.120324279548308953e-02 2.986823034022218978e-02 1.598655716769363955e-03 7.717746096990909382e-04 2.187722431217162689e-03 2.104957709714192545e-03 nan nan
nan nan nan nan nan nan nan nan nan nan nan nan nan nan nan nan nan 1.520864076721502138e-02 1.282480544482158397e-02 1.214182241522325685e-02 1.878956163543839958e-02 3.799658415129920051e-03 1.543289798156126554e-02 1.009440681072615136e-02 2.800745311746636636e-03 1.159109645491996623e-03 4.392319462763106153e-04 nan
nan nan nan nan nan nan nan nan nan nan nan nan nan nan nan nan nan nan nan nan 1.694968231515314987e-03 nan nan 1.332242441741437241e-03 4.069816178192235678e-03 1.434609119276014297e-03 nan nan
