nan nan nan 2.518086653059053558e-03 1.470294282613708071e-03 nan nan nan nan nan nan nan nan nan nan nan nan nan nan nan nan nan nan nan nan nan nan nan
nan nan nan 5.819781548686886290e-03 3.311949208368359689e-04 5.409684319323951503e-03 8.431604859426570370e-03 nan nan nan nan nan nan nan nan nan nan nan nan nan nan nan nan nan nan nan nan nan
nan nan 1.996243106085000135e-03 2.945738265710887583e-03 2.432049620073577917e-03 2.102588291197963165e-03 1.192580769708925011e-03 1.238713060120471415e-02 nan nan nan nan nan nan nan nan nan nan nan nan nan nan nan nan nan nan nan nan
nan 1.639055738071625370e-02 2.813320449897499693e-03 3.848662538312935984e-03 1.066984170072530699e-03 1.668191956882598189e-03 1.537131883554938589e-03 2.954421459645392104e-03 9.975421526027816732e-03 nan nan nan nan nan nan nan nan nan nan nan nan nan nan nan nan nan nan nan
nan 7.588498422864223833e-04 3.469865016061584283e-03 4.734770656624613314e-03 8.026425535159326802e-03 2.578671614641748350e-03 4.590088712695956051e-03 1.742937578494955239e-03 4.695026808636350302e-03 1.161965280892681210e-02 nan nan nan nan nan nan nan nan nan nan nan nan nan nan nan nan nan nan
9.347700989536350232e-04 5.854911387636306704e-03 1.335557544239213829e-03 1.407618776056440701e-02 3.535624311703464487e-03 3.617517787695129390e-03 2.166248848284055804e-03 6.175885259315014655e-03 8.840840512450870783e-03 nan nan nan nan nan nan nan nan nan nan nan nan nan nan nan nan nan nan nan
3.540883087068790857e-03 3.770255668911868391e-02 5.513971837265003312e-03 3.602956548436265193e-03 1.521964418801200749e-03 1.412752147295560055e-03 1.485358656856666055e-03 3.895590312099114078e-02 1.279069825464724001e-03 nan nan nan nan nan nan nan nan nan nan nan nan nan nan nan nan nan nan nan
1.400373903720254342e-03 4.615804782558280590e-03 1.005838394963791405e-02 1.610212432343367459e-03 6.781270894091507261e-03 3.188855614475220694e-03 3.527408213398976655e-04 3.046910414594840993e-02 2.351363204819506764e-04 nan nan nan nan nan nan nan nan nan nan nan nan nan nan nan nan nan nan nan
nan 1.812640750926645863e-03 6.434995022738915454e-05 1.646785936523681524e-03 2.477478739649257612e-03 1.479604089767102637e-03 4.190719164948767186e-03 2.834900331075343102e-02 1.682928225792734538e-03 2.259845692635164410e-02 nan nan nan nan nan nan nan nan nan nan nan nan nan nan nan nan nan nan
nan 1.116224654455315324e-03 1.187752337320668503e-04 6.258403291455387658e-03 1.252738090397000591e-02 6.374972958918279434e-03 9.674392688249008540e-03 1.968492660855301109e-03 8.103157325920432724e-03 7.770558763087054809e-03 nan nan nan nan nan nan nan nan nan nan nan nan nan nan nan nan nan nan
nan 6.351424593508233490e-03 6.289607396015888712e-04 2.276077030338325433e-04 2.927709590477338173e-05 2.149602318281899124e-03 1.374201390858924244e-03 7.328534229268558395e-03 1.078156077653242163e-03 4.280478326309776829e-03 nan nan nan nan nan nan nan nan nan nan nan nan nan nan nan nan nan nan
nan nan 2.846549088939184227e-04 5.980089988328104317e-04 3.960792321887858579e-04 1.135006704756320829e-03 5.688678194033788349e-04 1.751509264800244631e-02 7.335851954436845967e-04 1.108943818111312804e-02 nan nan nan nan nan nan nan nan nan nan nan nan nan nan nan nan nan nan
nan nan 3.756884023683255600e-04 1.026642392707347463e-03 3.265093656880482462e-03 nan 4.674239622727087407e-04 1.934621881212304165e-03 9.512207610567337962e-03 1.389062828788188014e-02 nan nan nan nan nan nan nan nan nan nan nan nan nan nan nan nan nan nan
nan nan nan nan nan nan 1.190831157276062884e-03 1.726553195051556966e-04 1.815848625233387748e-03 2.758144257170280431e-03 nan nan 1.061849403951843109e-02 nan nan nan nan nan nan nan nan nan nan nan nan nan nan nan
nan nan nan nan nan 6.570519370424149179e-03 1.880534380024621475e-03 1.493176509342919217e-04 6.481855176599929901e-03 4.398300790228494030e-04 nan nan nan nan nan nan nan nan nan nan nan nan nan nan nan nan nan nan
nan nan nan nan nan 3.360749775427486225e-03 2.727618316196311226e-04 5.561149760413060684e-04 7.572700061708739707e-05 5.368455818922104016e-03 3.411367838153490191e-04 nan nan nan nan nan nan nan nan nan nan nan nan nan nan nan nan nan
nan nan nan nan nan 7.752324168387674354e-04 8.560018238134574527e-04 5.809205862566419343e-04 1.283290345769931520e-05 6.717463749866006001e-03 4.872359225072018907e-06 4.145839153152719794e-04 nan 2.678581773164100859e-04 nan nan nan nan nan nan nan nan nan nan nan nan nan nan
nan nan nan nan nan 1.758894969720140337e-03 3.222630131163074931e-05 2.437286799748949236e-03 1.576370905304874366e-03 1.687704666559488318e-03 6.221926500195184770e-03 2.323132734555011236e-02 5.221455626254433140e-04 4.044383856350119533e-04 1.727431412604885726e-04 nan nan nan nan nan nan nan nan nan nan nan nan nan
nan nan nan nan nan 1.039865240610917535e-02 2.779227950182743575e-04 6.874437245250963424e-05 1.761617456304051662e-04 7.330011539277292302e-04 1.025499174646031606e-03 2.994413403817382659e-04 1.734721349577135474e-02 7.872260668621356913e-03 7.191720524841683701e-05 4.895489771595633571e-04 1.413769592522625524e-04 nan nan nan nan nan nan nan nan nan nan nan
nan nan nan nan nan nan 6.864192654297527371e-05 1.574738226783461834e-05 5.300864141371120479e-06 3.123262135744072146e-04 1.295435993259865198e-04 2.611900190675014739e-03 1.354174076753262689e-03 2.438137059417015088e-03 4.271931229760141981e-03 1.812925177845997810e-04 1.493422876523345984e-03 3.620152815748197035e-04 nan nan nan nan nan nan nan nan nan nan
nan nan nan nan nan nan nan 3.016767478361178636e-04 3.880812544101261039e-05 4.615094211532047336e-05 2.522009737004875934e-04 1.520362504929999867e-03 1.225731148002455701e-04 2.167486107462562005e-04 5.513594243037647433e-03 1.083979193731540551e-02 1.455395946839170497e-04 5.173411734638179004e-04 8.026670263189283373e-04 nan nan nan nan nan nan nan nan nan
nan nan nan nan nan nan nan 6.261229347792433841e-05 1.158104909605704204e-04 9.641957225331623902e-05 1.651141000873313045e-04 1.701176517528288660e-03 4.312767740659752616e-03 6.777249546966545950e-05 5.408635612082164090e-06 7.440360065404926296e-03 9.393284926644873689e-03 1.165059328679783103e-02 1.675597326912083365e-03 nan nan nan nan nan nan nan nan nan
nan nan nan nan nan nan nan nan 2.201579205760068221e-04 9.236248404127481604e-05 9.471918364547538818e-04 2.186466576637533378e-04 6.078190895743202943e-04 2.283251807198214117e-03 1.743703300362742150e-03 3.434665047640151530e-04 9.988734193418377649e-03 9.079358085896194284e-04 4.948298711362189486e-04 2.712710376631906773e-03 nan nan nan nan nan nan nan nan
nan nan nan nan nan nan nan nan nan 3.207504658753697661e-04 1.046626050148469325e-04 2.656130374571540704e-04 2.138666328013197148e-05 3.449069634524378597e-05 1.499473860555547693e-03 1.168370558138201627e-03 1.373859258840313610e-03 1.295790051998147938e-02 2.861289126196898567e-04 2.961924366651612177e-03 2.325313176312987940e-03 nan nan nan nan nan nan nan
nan nan nan nan nan nan nan nan nan nan 7.821238043738800230e-04 3.244311510334091115e-04 4.116605875337140216e-05 6.363784965482462575e-04 3.547548101422666250e-04 7.118009316706078041e-04 5.688136361799947961e-04 2.170553080648117070e-03 1.010605388654203796e-02 1.243059232441524713e-02 3.361378622794805246e-03 4.124719216802266317e-06 nan nan nan nan nan nan
nan nan nan nan nan nan nan nan nan nan nan nan 4.317999856248968204e-04 1.675999621267120740e-05 4.670826767545667723e-05 3.430444167978740776e-04 1.009966046814761350e-04 2.592081276111082334e-04 2.190660053366937261e-03 6.484435558179458799e-04 6.385870483689838270e-03 3.570469642763834939e-03 9.795954063825493448e-04 1.731904713948211137e-03 nan nan nan nan
nan nan nan nan nan nan nan nan nan nan nan nan nan 8.360926622264685170e-05 1.099856578870193826e-04 1.340457706761660241e-03 1.134737983062463602e-04 2.900831381386588959e-03 2.490479781837051675e-04 1.043155975519002854e-03 3.048357621230875138e-03 2.236324720823898004e-03 1.691913084990711105e-04 7.770090789649885740e-04 5.832208457251308398e-04 3.459155424087894846e-05 nan nan
nan nan nan nan nan nan nan nan nan nan nan nan nan nan nan 1.018190454617866553e-03 5.520558020993718111e-04 2.307563208873401753e-04 6.108577329652205507e-04 6.955481350414619967e-04 2.707711987286119627e-04 3.538581998441369791e-03 1.148751428736709160e-04 4.245917722062640893e-04 9.403227645775087814e-04 1.039162227087562455e-03 nan nan
nan nan nan nan nan nan nan nan nan nan nan nan nan nan nan nan nan 7.964804964086198702e-03 6.333779787484726184e-03 2.294368723335124191e-03 2.236617240491927880e-02 2.969209910618708583e-04 5.437700706235891121e-03 1.197126505038049104e-03 2.142334390713053081e-04 4.828976711733367786e-04 5.232582013558046124e-04 nan
nan nan nan nan nan nan nan nan nan nan nan nan nan nan nan nan nan nan nan nan 2.257339466779590374e-03 nan nan 2.920244114669065701e-03 1.182993330136778722e-04 5.618652199715339502e-05 nan nan
