nan nan nan 3.534809405577579201e-03 2.814505217692918728e-04 nan nan nan nan nan nan nan nan nan nan nan nan nan nan nan nan nan nan nan nan nan nan nan
nan nan nan 1.430076702336229499e-03 1.488745555838005916e-03 3.430263462375461071e-03 4.181807639794254093e-03 nan nan nan nan nan nan nan nan nan nan nan nan nan nan nan nan nan nan nan nan nan
nan nan 5.103692628547991383e-03 7.309939558454068252e-04 1.466664833702672555e-04 7.193957476848804322e-05 1.213871052780037115e-03 1.915378818242314402e-02 nan nan nan nan nan nan nan nan nan nan nan nan nan nan nan nan nan nan nan nan
nan 1.678655627687609606e-03 4.926152084730575469e-03 1.764794172402295303e-02 2.776500141245837831e-03 2.434635161976305621e-04 4.640214623309704342e-03 2.086995466993719212e-03 1.266675290072664592e-02 nan nan nan nan nan nan nan nan nan nan nan nan nan nan nan nan nan nan nan
nan 7.929492816027724350e-03 6.323748806665897837e-03 1.226574142488198217e-02 1.328984006544082618e-03 1.587878185358212969e-03 2.197085176402077070e-03 2.886338796419416104e-03 2.754443435321893632e-03 2.657723539295714713e-02 nan nan nan nan nan nan nan nan nan nan nan nan nan nan nan nan nan nan
7.978297449514989981e-03 2.081507100006981231e-03 2.574265029542372948e-03 2.687995037266385171e-03 1.335708440840686559e-03 2.135983327597208627e-03 9.109246300232255603e-04 7.049043845004822686e-03 1.137484710717556920e-02 nan nan nan nan nan nan nan nan nan nan nan nan nan nan nan nan nan nan nan
1.782512619300292891e-03 1.770052505862950961e-03 3.879129288615766960e-03 9.770411499773735964e-03 2.919035186070781124e-03 5.353424308805674464e-03 1.271163281680095115e-03 1.944510074774959477e-02 1.119212693230023023e-02 nan nan nan nan nan nan nan nan nan nan nan nan nan nan nan nan nan nan nan
1.265364868233174317e-03 1.851982332386098440e-02 6.111282147189048275e-04 1.209198607622508168e-03 8.082336786166552725e-03 1.907722491117451165e-04 6.467861996938504068e-03 2.337938866742863414e-02 6.367638389573991239e-03 nan nan nan nan nan nan nan nan nan nan nan nan nan nan nan nan nan nan nan
nan 3.603158587173658324e-05 1.610442429288760913e-02 1.425015784635861454e-02 1.343078544877205141e-02 3.277353353132800122e-03 2.514452355768952846e-03 2.124262358477679510e-02 6.773744533109034727e-04 2.347558191455863599e-02 nan nan nan nan nan nan nan nan nan nan nan nan nan nan nan nan nan nan
nan 2.043870015247466199e-03 7.891670224966070230e-04 2.001973406425312449e-03 1.555437376369270394e-03 5.734152749683749280e-03 2.088934755179785302e-02 1.700858361167980910e-03 1.353367625695263421e-02 5.635675891173053467e-03 nan nan nan nan nan nan nan nan nan nan nan nan nan nan nan nan nan nan
nan 3.402538668270248690e-03 7.104615452616447682e-04 7.127315818011412032e-04 2.252790398449320912e-04 1.372907536573253582e-04 4.537120580834041843e-03 2.807069954162435838e-03 2.274487041544368156e-03 6.688745537082995546e-03 nan nan nan nan nan nan nan nan nan nan nan nan nan nan nan nan nan nan
nan nan 8.390741858943048695e-05 8.343330573561603307e-04 6.732879548153743957e-04 1.200661282668478253e-03 1.612518013689449490e-04 5.297338359152493729e-03 2.344333774865727665e-03 6.767387241142662838e-03 nan nan nan nan nan nan nan nan nan nan nan nan nan nan nan nan nan nan
nan nan 4.148871899051826307e-04 6.245586759519364522e-04 4.955856244454083515e-04 nan 1.400467088356895443e-03 1.707245463068656627e-02 7.005404137126007287e-05 1.340863074990327614e-02 nan nan nan nan nan nan nan nan nan nan nan nan nan nan nan nan nan nan
nan nan nan nan nan nan 1.797271378570796481e-03 1.479600583225638109e-03 1.024921484224327987e-02 1.342309910893140943e-03 nan nan 1.251011343004588931e-03 nan nan nan nan nan nan nan nan nan nan nan nan nan nan nan
nan nan nan nan nan 5.749123093233415860e-03 5.944376584625377102e-04 1.129779933410454424e-03 6.756246733737023870e-03 1.926235086228026121e-03 nan nan nan nan nan nan nan nan nan nan nan nan nan nan nan nan nan nan
nan nan nan nan nan 4.352614315854696006e-03 2.265840574342112474e-04 4.022055653338089433e-04 2.701643540292229893e-03 1.049414664331215809e-02 3.816914190314666614e-03 nan nan nan nan nan nan nan nan nan nan nan nan nan nan nan nan nan
nan nan nan nan nan 6.349356852304006245e-04 8.983094014059210021e-04 1.033464107601814825e-03 1.050770624925675143e-03 7.357553789893413881e-03 5.321800375629818494e-04 1.705210000568546484e-03 nan 7.946699350956066502e-04 nan nan nan nan nan nan nan nan nan nan nan nan nan nan
nan nan nan nan nan 3.936489197132636325e-04 4.655172264344205660e-05 1.029947994040000293e-03 1.089340016184643743e-03 7.221616627354186108e-03 1.056161802627891833e-02 2.517722071221129357e-02 2.526329728323247099e-04 7.675059221530125108e-04 1.108108036111327886e-04 nan nan nan nan nan nan nan nan nan nan nan nan nan
nan nan nan nan nan 9.081495462805688063e-03 8.960108379932267119e-04 6.941094153578868022e-04 1.388525493332787536e-04 7.286771806679527693e-04 1.787534910270763408e-03 1.752456746963217951e-04 1.696852888136045345e-02 7.184885553899769163e-03 3.526024424505420614e-04 2.755197596541570066e-06 2.458370051744760798e-04 nan nan nan nan nan nan nan nan nan nan nan
nan nan nan nan nan nan 4.081980939900303556e-04 8.999674402242810987e-05 1.035347117626361667e-05 8.480013017113220242e-05 7.118501617357755797e-04 6.914619508007280660e-04 1.156620349371868806e-03 3.480215268633712541e-03 3.568120267148481000e-03 5.211123587284183023e-05 5.939828338326079470e-04 8.433250423902519197e-04 nan nan nan nan nan nan nan nan nan nan
nan nan nan nan nan nan nan 1.093124160965019666e-04 3.247054097698761141e-05 6.376855907934787045e-05 3.608358173396804443e-05 1.305314864446809834e-03 9.018746508229349241e-04 2.127050330059781426e-06 3.005945949816548647e-03 1.146531089375102050e-02 1.749827428462181176e-04 2.329249964022506603e-04 9.752334439837571402e-04 nan nan nan nan nan nan nan nan nan
nan nan nan nan nan nan nan 2.208411380779905784e-04 2.296832843825991240e-04 6.585624752453442590e-05 1.040998551310979653e-04 1.142722067195218018e-03 3.553212792210802204e-03 3.803786438053036200e-04 1.304198018334976235e-03 5.012971646336104176e-03 1.330135324981778291e-02 1.021975141579504857e-02 1.155487760001313799e-03 1.136150157929668742e-03 1.917500672260632512e-03 1.769296121147883130e-04 nan nan nan nan nan nan
nan nan nan nan nan nan nan nan 4.908425314769304052e-05 3.742298602153386691e-05 7.719757023845002196e-04 7.686306391266133935e-06 2.806024809176464936e-04 2.252421387402663011e-03 1.450800446068316752e-03 2.182919291522291728e-03 1.139313586075989260e-02 2.959449926761005241e-04 7.751130372010736191e-04 3.718822120864875500e-03 1.354145400990660990e-03 3.226742823283504846e-04 2.425927459748269651e-04 3.049521959440824014e-04 nan nan nan nan
nan nan nan nan nan nan nan nan nan 6.842113832588240900e-04 1.291422801776064889e-04 4.573238119161846736e-05 1.836114162185172537e-04 1.150642523921858919e-03 7.929846136461836132e-04 1.214434676253991086e-03 3.168270993390509549e-03 1.315201274176656249e-02 2.253722916159620060e-04 2.808213973722025261e-03 2.340648972547298198e-03 1.350815450919974105e-03 1.672322327069165546e-03 6.898747579814147645e-04 nan nan nan nan
nan nan nan nan nan nan nan nan nan nan 9.556020676725462265e-04 2.717847913535022708e-04 1.724191511523313371e-04 5.325740868256433145e-04 6.929144910177244049e-04 7.171715700964323642e-04 2.204115740165377754e-03 4.078910523048295475e-03 3.946586042763568919e-03 1.115047860613903492e-02 3.459251370363711046e-03 1.240380583392402319e-05 1.432733693882505327e-03 1.664762262156820093e-03 8.693239840395321216e-04 1.287447910211787067e-04 nan nan
nan nan nan nan nan nan nan nan nan nan nan nan 2.551264704732697139e-04 9.180311354351167142e-05 6.158434404301082153e-04 7.324860937356066993e-04 3.597782926584508419e-05 7.018364642484073565e-04 7.910660112482476372e-03 7.267460132416967040e-04 6.449245611807433859e-03 3.620459968278413529e-03 5.276215586446317838e-04 1.545817941412509691e-03 3.041755128077456563e-04 2.424929920308652729e-04 nan nan
nan nan nan nan nan nan nan nan nan nan nan nan nan 1.163071891896818205e-04 4.877113376898569325e-05 2.387695954903778454e-03 6.170306120657126673e-06 3.446203191980245616e-03 5.246381394671660418e-03 4.275864270367277383e-04 1.880347882889263963e-03 4.956698799504046567e-04 1.432969461630040429e-04 6.495371316515488732e-04 9.735938167508806059e-04 4.350201785235963971e-04 nan nan
nan nan nan nan nan nan nan nan nan nan nan nan nan nan nan 2.023832653922406823e-03 5.911363814810569484e-04 8.740215200320113759e-04 3.296974256038577643e-04 1.681118934695763172e-03 3.159820134597931141e-03 5.944825923469719033e-03 5.195160648403920932e-04 1.274293377508564033e-03 2.110188004022785831e-03 1.727720199412696939e-03 nan nan
nan nan nan nan nan nan nan nan nan nan nan nan nan nan nan nan nan 1.991890010423079740e-02 9.011583647686539911e-03 1.053452988216476609e-03 1.514850674865491492e-02 1.090733413018078106e-05 1.728323769319241917e-03 1.535374329681368517e-03 1.196711610428019589e-03 5.785134919302954443e-04 8.812788074321107430e-04 nan
nan nan nan nan nan nan nan nan nan nan nan nan nan nan nan nan nan nan nan nan 1.583815720784335565e-03 nan nan 4.289278189753668608e-04 7.900478199228748411e-05 8.296786392563328257e-05 nan nan
