nan nan nan 5.352564563652457367e-04 3.504958295390292488e-04 nan nan nan nan nan nan nan nan nan nan nan nan nan nan nan nan nan nan nan nan nan nan nan
nan nan nan 1.435840006335994089e-03 1.012051819628488484e-03 1.685847616036078135e-03 2.541425152717585387e-02 nan nan nan nan nan nan nan nan nan nan nan nan nan nan nan nan nan nan nan nan nan
nan nan 7.707083239335445332e-04 1.986475489676330433e-03 1.796221011129271305e-03 2.685676857784648989e-03 9.803767737963980304e-05 5.392270602934913504e-02 nan nan nan nan nan nan nan nan nan nan nan nan nan nan nan nan nan nan nan nan
nan 1.796928076187450513e-02 1.879143956006412708e-03 1.334424272856332867e-03 2.756841657871235570e-04 8.175838490477341193e-04 1.253994414994569337e-03 5.075280575148616996e-02 4.416108590748493712e-03 nan nan nan nan nan nan nan nan nan nan nan nan nan nan nan nan nan nan nan
nan 2.328523411937989673e-02 5.979914384676631063e-03 2.414883996062753158e-03 5.973993143340477867e-03 2.805199561264476167e-04 2.377303938921312542e-03 2.586509952770118387e-02 4.789995617392321312e-03 1.809747275576202921e-02 nan nan nan nan nan nan nan nan nan nan nan nan nan nan nan nan nan nan
1.211119272585304413e-02 2.241276131032636943e-03 6.166194554242756566e-03 3.176508852968355431e-03 2.123720698703872919e-03 1.320609412867280877e-03 8.078981101555654781e-04 1.381151452900140561e-02 2.723868716723850184e-02 nan nan nan nan nan nan nan nan nan nan nan nan nan nan nan nan nan nan nan
9.696485605600546620e-03 1.787474417756973119e-02 4.598891906982565574e-04 2.384456873988868332e-03 1.012108975569437665e-02 8.117253993942262534e-04 2.551526748668412562e-04 6.037690097826425156e-02 1.240576795305979932e-02 nan nan nan nan nan nan nan nan nan nan nan nan nan nan nan nan nan nan nan
3.018908029683671154e-03 2.520184774990628929e-03 1.077129030631482701e-02 2.996529774165902771e-03 3.953450632787606014e-03 8.262392001535034600e-04 5.724272846251047403e-03 6.901308690498994536e-02 6.748236846306042078e-03 nan nan nan nan nan nan nan nan nan nan nan nan nan nan nan nan nan nan nan
nan 2.595975033433029931e-05 1.877257334010078941e-03 1.409093881235577543e-02 1.059949663863524400e-03 1.255258082806416436e-03 6.006960828739636368e-03 6.142427557310332908e-02 2.803727655425095489e-03 1.883693709299241389e-02 nan nan nan nan nan nan nan nan nan nan nan nan nan nan nan nan nan nan
nan 8.960309969644777951e-04 2.741878976379146372e-04 6.846254826917138464e-03 2.599736371276512720e-02 9.231960588105492249e-03 1.201373464174303532e-03 1.490414974140547716e-02 1.354799785832307840e-02 8.531351731708306310e-03 nan nan nan nan nan nan nan nan nan nan nan nan nan nan nan nan nan nan
nan 8.983826661586909049e-04 2.713324033463770848e-03 5.031706696736066567e-04 1.001006607324033543e-03 5.012551957952736739e-03 3.026382924715155780e-04 1.757582050319675057e-02 5.871775642220883329e-03 4.976178892427423131e-03 nan nan nan nan nan nan nan nan nan nan nan nan nan nan nan nan nan nan
nan nan 5.461039161379438673e-04 3.870304994118368112e-03 6.051650202571648256e-04 1.282691848400301050e-03 8.676095187818384097e-03 9.024213988938600828e-03 2.446426983182893849e-03 7.352173049619781416e-03 nan nan nan nan nan nan nan nan nan nan nan nan nan nan nan nan nan nan
nan nan 1.902348605514734322e-04 6.907199863224118856e-04 1.326515236935281623e-03 nan 3.257939494308311791e-03 2.673254243884265122e-03 5.334548055446673666e-04 2.162052559030439719e-02 nan nan nan nan nan nan nan nan nan nan nan nan nan nan nan nan nan nan
nan nan nan nan nan nan 1.558654614195233764e-03 1.651650746483686013e-03 5.457595647405924857e-03 1.422120617555858038e-03 nan nan 1.225906036820141425e-02 nan nan nan nan nan nan nan nan nan nan nan nan nan nan nan
nan nan nan nan nan 5.048498371499629891e-03 9.972591753868969146e-05 1.275036609507532127e-03 9.651549614558080359e-03 2.142577441451516186e-04 nan nan nan nan nan nan nan nan nan nan nan nan nan nan nan nan nan nan
nan nan nan nan nan 2.460685845294214615e-03 4.632545707145216147e-04 3.714618329435430367e-04 7.784458140034962318e-04 1.791687877128402342e-02 3.427018697616555226e-03 nan nan nan nan nan nan nan nan nan nan nan nan nan nan nan nan nan
nan nan nan nan nan 1.590449196447739659e-04 7.403922149172781830e-05 5.571454148783276487e-04 2.848434321749816300e-04 3.588706907158473874e-03 2.805761780358030514e-04 4.940532895309136834e-05 nan 1.085271160631093860e-04 nan nan nan nan nan nan nan nan nan nan nan nan nan nan
nan nan nan nan nan 1.694717567733173560e-04 7.880479139010312126e-05 1.557644107598268358e-03 1.929334618843437429e-03 2.756568097620502433e-03 8.447435295798328206e-03 2.450798594394384272e-02 2.390566088234012492e-04 3.206590839856489957e-04 2.789548358756368130e-04 nan nan nan nan nan nan nan nan nan nan nan nan nan
nan nan nan nan nan 8.306881150439083400e-03 1.538579885810396593e-03 3.488408598188784773e-04 1.978546601888902704e-05 4.993497596596967528e-04 6.839635860755302263e-05 2.656664924805206794e-04 1.273887099468277995e-02 5.779062094768387323e-03 7.024027921086923329e-05 7.641355163491949428e-06 1.167961586523286313e-04 nan nan nan nan nan nan nan nan nan nan nan
nan nan nan nan nan nan 4.240468600642040178e-04 4.898911286068784047e-04 7.464271016717321779e-05 4.390211212718232281e-05 5.737843239515519247e-04 8.235030029142976615e-04 8.038809227276875330e-04 4.323879458798756022e-03 2.050794280345807213e-03 1.921564663405652253e-04 5.955923484358715582e-04 2.874013513066445364e-04 nan nan nan nan nan nan nan nan nan nan
nan nan nan nan nan nan nan 2.843868557206500171e-04 4.346720562255887210e-05 6.885169567009184367e-06 2.039394476356424341e-04 5.425499122525597601e-04 6.756680792758553399e-05 3.878009408343108971e-04 5.063568979697672875e-03 1.119929263155352780e-02 3.061812189491179927e-04 4.944384995399668309e-04 5.272048375696172622e-04 nan nan nan nan nan nan nan nan nan
nan nan nan nan nan nan nan 4.295105706670084120e-05 2.849554578540175421e-04 1.588296204376383927e-04 2.772837675163336251e-05 8.634542152167757603e-04 1.726693202617275670e-03 1.043751427629735322e-03 1.785971660436230356e-03 5.334336144645106942e-03 9.245635461873791261e-03 9.337298360169925954e-03 9.204832486389019370e-04 7.806319728976465061e-04 nan nan nan nan nan nan nan nan
nan nan nan nan nan nan nan nan 5.889575977450920092e-04 1.227976587486082983e-04 1.728397606000360576e-03 1.265604332295133610e-04 5.440007251691729700e-04 1.835746806881308809e-03 1.253103903643078970e-03 1.002265824211261104e-03 1.135333792465290093e-02 1.785275379496425400e-03 7.229262496796865769e-04 3.535831974372442670e-03 5.586144455162994453e-04 nan nan nan nan nan nan nan
nan nan nan nan nan nan nan nan nan 5.682557506983695016e-04 2.696316853968474528e-04 9.161922035969772486e-05 4.979092347551211374e-05 1.492634713006298270e-04 1.275439237419774986e-03 2.080096929102489742e-04 3.750402370721617369e-03 1.301848569932131418e-02 4.049228422416408478e-04 2.932571260248608390e-03 2.304954723580241848e-03 1.975106807299578660e-03 nan nan nan nan nan nan
nan nan nan nan nan nan nan nan nan nan 1.088373380972018617e-04 2.860527612605827472e-04 3.214643187412240179e-05 2.385786522282659216e-04 3.742279962660746630e-04 1.465651099132024582e-04 2.315505505566954386e-04 2.799900031312568122e-03 9.592564180179556643e-03 1.545845702476119840e-02 3.942022145919363285e-03 1.354044780247294123e-04 2.134467964647330900e-03 1.508427673769218704e-03 nan nan nan nan
nan nan nan nan nan nan nan nan nan nan nan nan 5.634207259401906873e-04 7.309275911952389803e-05 9.138805800462655680e-06 2.501693686159977073e-04 1.110778573945506284e-04 7.900186102644563436e-04 5.228729127314935389e-04 5.022736295610220197e-03 4.394658167820984611e-03 2.850187174994470857e-03 1.364834898098129222e-04 5.188655064323108822e-04 2.289753567706202309e-04 4.141182573217084780e-04 nan nan
nan nan nan nan nan nan nan nan nan nan nan nan nan 5.832024409690985886e-04 2.350445653526015812e-06 2.393516801895268604e-04 3.478957903410346989e-05 2.587390856639521647e-03 1.335450570039010097e-03 9.110374610963854102e-06 3.223773200804816875e-03 2.425009095377273025e-03 2.479920448490473208e-04 8.376320637718051576e-04 4.386282826407557323e-04 2.412911865808888728e-04 nan nan
nan nan nan nan nan nan nan nan nan nan nan nan nan nan nan 9.868497355083366736e-04 5.406004215024731371e-04 6.621870803163506375e-04 4.870941833619876846e-04 2.267662516625734963e-03 4.957518512435878837e-04 1.168341521363768822e-03 1.592312125558396603e-03 5.311813804714565681e-04 1.542564607823130544e-03 1.401584697163815382e-03 nan nan
nan nan nan nan nan nan nan nan nan nan nan nan nan nan nan nan nan 7.337059009863664515e-03 9.607127332372775164e-03 1.589411372227568855e-02 4.864313681684172275e-02 8.584003938748730866e-04 4.904586905317377329e-03 4.519642532548974467e-03 2.099240132139624376e-03 5.502598964221584992e-04 6.619947051350161911e-04 nan
nan nan nan nan nan nan nan nan nan nan nan nan nan nan nan nan nan nan nan nan 1.202805510664625536e-03 nan nan 1.623854870341911918e-03 9.862175093343550272e-04 5.530840648990379858e-04 nan nan
