nan nan nan 1.444390388493551301e-02 8.065641119559125696e-05 nan nan nan nan nan nan nan nan nan nan nan nan nan nan nan nan nan nan nan nan nan nan nan
nan nan nan 3.022169250181605191e-02 6.741967052416402567e-03 4.524014348590586765e-03 8.882346341534012174e-03 nan nan nan nan nan nan nan nan nan nan nan nan nan nan nan nan nan nan nan nan nan
nan nan 6.749469219043473592e-03 3.143095127095498886e-03 5.533217502796841485e-04 2.485405903049922594e-03 3.625262145560270298e-04 1.908826395881847021e-02 nan nan nan nan nan nan nan nan nan nan nan nan nan nan nan nan nan nan nan nan
nan 6.595336077862680099e-03 2.319916787221717493e-03 1.153226993761756990e-02 6.771268401437050477e-04 2.879410911011737509e-04 4.198699834501649387e-03 3.585630989257846020e-03 1.087391821328515668e-02 nan nan nan nan nan nan nan nan nan nan nan nan nan nan nan nan nan nan nan
nan 2.868226305407125393e-02 4.148860423493876994e-03 9.147380544072242865e-05 7.678592695388655222e-03 8.481026968284848802e-04 3.080299320228241378e-03 3.574493856153255697e-03 4.258070407203109857e-03 2.534224233216072000e-02 nan nan nan nan nan nan nan nan nan nan nan nan nan nan nan nan nan nan
6.987810563736056649e-03 2.788723492306113307e-03 1.361478346989903991e-02 1.522097740023226238e-02 1.132396489654777585e-02 4.684920612592487557e-03 2.490377047174406958e-03 5.174806990830207488e-03 1.096542821847122651e-02 nan nan nan nan nan nan nan nan nan nan nan nan nan nan nan nan nan nan nan
4.974984335708716905e-03 2.342136391533271157e-06 1.240523565104691660e-03 9.303707350965342328e-04 1.498097388730815910e-02 4.578561683410525308e-03 1.155641308484126268e-03 2.474246717356442388e-02 6.133720088070757775e-03 nan nan nan nan nan nan nan nan nan nan nan nan nan nan nan nan nan nan nan
4.108719525933172273e-03 2.563867137388277026e-02 1.548808170565820408e-04 3.018750977157590252e-03 5.264519066862335603e-03 4.968120482957014139e-03 2.682840786346008411e-03 2.266504549217035480e-02 3.743171028940012711e-03 nan nan nan nan nan nan nan nan nan nan nan nan nan nan nan nan nan nan nan
nan 3.072693134839605124e-04 9.252414528506186986e-04 6.550932274493826736e-03 1.531112008685410648e-02 2.245760426128903288e-03 7.035196643401030875e-03 1.675354653610607730e-02 1.600201058126902911e-04 2.482175051102293584e-02 nan nan nan nan nan nan nan nan nan nan nan nan nan nan nan nan nan nan
nan 2.194737481469462271e-04 4.601626771487002474e-04 7.820396303780720055e-04 3.919072735340382342e-03 1.309438391103108891e-03 4.696534628860607507e-04 3.797053224320590635e-03 9.051636674304228830e-03 8.139809820270491741e-03 nan nan nan nan nan nan nan nan nan nan nan nan nan nan nan nan nan nan
nan 1.515893509309973030e-03 9.226179244278664288e-04 4.415826214115823895e-04 2.848801430096143536e-05 6.557296484932028996e-04 8.096509417736329033e-04 1.490450217202806196e-02 2.638312814949786336e-03 2.058471863540062893e-03 nan nan nan nan nan nan nan nan nan nan nan nan nan nan nan nan nan nan
nan nan 1.696204893178313901e-04 1.475705044154206232e-03 3.210024456335215941e-04 1.153959735926098247e-03 4.871516825506570433e-03 1.129912169347851124e-02 4.056287747874718318e-03 9.026659968539515327e-03 nan nan nan nan nan nan nan nan nan nan nan nan nan nan nan nan nan nan
nan nan 2.082869639254778665e-04 8.927188017942136239e-04 6.673065271737597210e-04 nan 1.318125429314314636e-03 2.704557043682734307e-03 5.333873555884105500e-03 1.012540807447155286e-02 nan nan nan nan nan nan nan nan nan nan nan nan nan nan nan nan nan nan
nan nan nan nan nan nan 2.594500553342411839e-03 2.935708134206087630e-03 5.154824207758998064e-03 1.597437926889661106e-03 nan nan 6.912348367328603749e-03 nan nan nan nan nan nan nan nan nan nan nan nan nan nan nan
nan nan nan nan nan 4.202446688273845342e-03 8.844232274014703337e-04 9.919839139612535682e-04 9.214332233181327103e-03 2.018649717813978956e-05 nan nan nan nan nan nan nan nan nan nan nan nan nan nan nan nan nan nan
nan nan nan nan nan 1.332024296628375737e-03 1.810397645427984543e-04 4.642169735204822612e-04 1.998030695589865524e-04 2.352457926693991581e-03 2.507022778793450112e-03 nan nan nan nan nan nan nan nan nan nan nan nan nan nan nan nan nan
nan nan nan nan nan 1.217048369524957515e-04 5.032704692327871722e-04 8.338988455732047889e-04 1.511391215804361256e-05 6.314004890414731327e-03 3.446619383685609267e-04 4.578015043953323894e-04 nan 3.262629985050867877e-04 nan nan nan nan nan nan nan nan nan nan nan nan nan nan
nan nan nan nan nan 1.058824468390406759e-06 1.746570745853190322e-04 5.364122638325587731e-04 5.549411415926426517e-04 1.078539784114296383e-03 5.688764392400139959e-03 2.929732548110277821e-02 1.106553737977076721e-03 1.228028972268035111e-03 2.452807324490685831e-04 nan nan nan nan nan nan nan nan nan nan nan nan nan
nan nan nan nan nan 2.989213921427110506e-03 2.317881744154605059e-04 6.993846062198798752e-05 9.123930381327442603e-06 2.446731169701665647e-04 6.513813526167719662e-05 2.958217065235338566e-05 2.064614154253322301e-02 4.313351859973402376e-03 1.268831533230543645e-04 4.382657580299942086e-05 2.665731128011406448e-04 nan nan nan nan nan nan nan nan nan nan nan
nan nan nan nan nan nan 1.569975444595607980e-05 2.262930227605356674e-04 7.174103685427861096e-05 2.816122683454691500e-04 4.842251349789670426e-04 2.001914804308792511e-04 1.726362369891272074e-03 1.729091503156704110e-03 3.656885055966332607e-03 9.556220520668884453e-05 5.410780418759863607e-04 5.511016032675608188e-04 nan nan nan nan nan nan nan nan nan nan
nan nan nan nan nan nan nan 3.420134163287232389e-04 3.091182225612023005e-05 1.956206809717190033e-05 1.453021060707166215e-04 8.879070786381878209e-04 6.974733846484319159e-04 1.459999024591280799e-04 3.235940091717529488e-03 9.292600103053135288e-03 2.295326345989921269e-04 4.696519532847985589e-04 3.410541853615372838e-03 nan nan nan nan nan nan nan nan nan
nan nan nan nan nan nan nan 3.427898805130867056e-05 9.990159668037881661e-05 3.594384792055602259e-04 9.289549230141767378e-05 4.587677496337839826e-04 9.906679625532514941e-04 1.556629712426957807e-05 5.584108670611047332e-04 6.703748080492654901e-03 1.202177696584786834e-02 1.092965676141585338e-02 6.199635850480208392e-04 1.341172383085480722e-03 7.008247342631280120e-04 1.784751700185271852e-04 nan nan nan nan nan nan
nan nan nan nan nan nan nan nan 6.698095425011306578e-04 7.702393425931928920e-04 3.052127837605254652e-04 9.986796852797788157e-05 6.262047136693101685e-04 2.863793731038599341e-03 2.379598504823750640e-03 6.372041363866049650e-04 9.708520868851207991e-03 7.054760824544154939e-04 6.537576622075171560e-04 3.653683818177442481e-03 8.109613973014364501e-04 2.281396749219638900e-04 3.756691235281341438e-05 9.730276041383169891e-05 nan nan nan nan
nan nan nan nan nan nan nan nan nan 6.576424549122049682e-04 1.629100458340042648e-03 1.477010810077876099e-04 6.207384956382459048e-05 9.759684082405867527e-04 5.856227976441133552e-04 3.433533438931286180e-04 3.335512485728937652e-03 1.312661409845765348e-02 4.037740645660626475e-04 3.273308871319322196e-03 3.247610375488218376e-03 7.340528272320125027e-04 6.605128976101828312e-04 7.788575693829927812e-04 nan nan nan nan
nan nan nan nan nan nan nan nan nan nan 6.306892107415656154e-04 1.973111215576237574e-04 7.096697702748450858e-05 2.938572288251757830e-04 2.542746688523475455e-03 1.106089487474920443e-03 8.238247835523849951e-04 9.391501935406351568e-04 1.123155242471218264e-02 1.457016338207061529e-02 3.214415996611113061e-03 7.226915562046985466e-06 3.504708485696532948e-03 1.215878014303441342e-03 7.822167517187423409e-04 nan nan nan
nan nan nan nan nan nan nan nan nan nan nan nan 2.108513157006076824e-04 4.747116233447413726e-05 1.205662377847261513e-05 2.391887286576534894e-04 9.688767920691603399e-05 1.730108770034056217e-03 2.530490244771230017e-04 3.312739427911999112e-04 3.924137418172702479e-03 3.542061809780352143e-03 1.102883586783985365e-03 2.664486381168945997e-03 9.295207648901243061e-05 nan nan nan
nan nan nan nan nan nan nan nan nan nan nan nan nan 1.252874413828648770e-04 1.762234399478249526e-04 6.831515772687081554e-05 3.375068415212738380e-04 9.742162317630991344e-03 6.649024792098003414e-03 3.188300485605297541e-03 2.600543329075530145e-03 2.081546841180608115e-04 1.319661459549824919e-04 3.705743358953350174e-04 9.469693596311453722e-04 6.176573607513949826e-04 nan nan
nan nan nan nan nan nan nan nan nan nan nan nan nan nan nan 5.664833097046045223e-04 4.736662516065777233e-04 1.086801697273770059e-03 7.281193353690918173e-04 2.117082988594095640e-03 8.890523476642341050e-03 1.389160816338415663e-03 4.540610233167651465e-04 8.923704754662267161e-05 1.837600504475857136e-03 1.792968804191491213e-03 nan nan
nan nan nan nan nan nan nan nan nan nan nan nan nan nan nan nan nan 5.016487186203552606e-03 8.685311993334910233e-03 8.617546266929398957e-03 6.138904938245163569e-03 4.448241681912974460e-04 9.828958002854868738e-04 3.698985382174264577e-03 1.051776000642105652e-03 9.814406769851347079e-04 nan nan
nan nan nan nan nan nan nan nan nan nan nan nan nan nan nan nan nan nan nan nan 4.444367026150764129e-03 nan nan 4.468841304975494384e-04 1.681994193379690594e-04 1.422083039571194613e-04 nan nan
