nan nan nan 4.130258628926331520e-03 1.735737427169239218e-03 nan nan nan nan nan nan nan nan nan nan nan nan nan nan nan nan nan nan nan nan nan nan nan
nan nan nan 3.196996410799835681e-02 6.591305338702381673e-03 3.727977703915882120e-03 8.153578498240358560e-03 nan nan nan nan nan nan nan nan nan nan nan nan nan nan nan nan nan nan nan nan nan
nan nan 2.634579883997463512e-02 6.748832236680399853e-03 1.917891471924367116e-03 1.214936373668598895e-03 1.010083113194174762e-04 2.219686974995958156e-02 nan nan nan nan nan nan nan nan nan nan nan nan nan nan nan nan nan nan nan nan
nan 6.840147682907681340e-03 5.045426155083168954e-03 4.213148040218915764e-03 3.527312356154148169e-03 2.782164059586253522e-04 4.991091530620986837e-03 2.484128748897352929e-03 1.102601648110813903e-02 nan nan nan nan nan nan nan nan nan nan nan nan nan nan nan nan nan nan nan
nan 5.367911091935156052e-03 5.702530226839556612e-03 2.683676993121682404e-03 1.169704974699315239e-02 1.636136944331059153e-03 4.699248613335636239e-03 3.265367654442101128e-03 4.357905661035174974e-03 2.203365302493072095e-02 nan nan nan nan nan nan nan nan nan nan nan nan nan nan nan nan nan nan
1.127896074277728866e-02 4.472678405130944314e-03 1.430619529091058800e-02 3.621079852159062203e-03 4.199547923544728195e-03 6.477108263077960759e-04 3.013718161175399715e-03 5.270080641525874861e-03 1.029183322559376786e-02 nan nan nan nan nan nan nan nan nan nan nan nan nan nan nan nan nan nan nan
7.075990685461937095e-03 1.389408511317446245e-03 1.123210939476192508e-02 4.156047235869515062e-04 3.317052980762047985e-03 5.165957804525701802e-03 1.745724524799790577e-03 2.141783959425742553e-02 9.689688007400595882e-03 nan nan nan nan nan nan nan nan nan nan nan nan nan nan nan nan nan nan nan
3.232796558972104300e-03 2.518666535514164223e-02 1.276248547181836959e-03 5.161546467721900636e-04 3.660548059133170162e-03 7.606579256022392987e-03 3.869082322279102093e-03 2.160538093401664222e-02 2.275894233499426052e-03 nan nan nan nan nan nan nan nan nan nan nan nan nan nan nan nan nan nan nan
nan 1.497595482612546283e-03 2.700168934385358335e-03 1.275342518417929907e-02 1.487874040931501385e-03 2.216407531530929613e-03 2.335684923510796679e-03 2.106552586796333129e-02 1.191933854787506457e-03 2.538511652153175452e-02 nan nan nan nan nan nan nan nan nan nan nan nan nan nan nan nan nan nan
nan 1.221666950207201438e-04 4.854279792693262050e-05 1.737150924722663265e-03 3.142732274108655122e-03 1.602168548732105929e-03 3.936126494653890626e-03 2.034151392176095912e-05 1.008796106657187594e-02 8.412597103004617813e-03 nan nan nan nan nan nan nan nan nan nan nan nan nan nan nan nan nan nan
nan 1.620687638210406177e-03 4.338658191820650033e-05 2.538473734900858223e-06 1.119286690405000602e-04 2.849459891311128352e-04 3.359710131361796567e-03 1.203180327012866660e-02 9.721907869379322990e-04 8.664299436662281292e-03 nan nan nan nan nan nan nan nan nan nan nan nan nan nan nan nan nan nan
nan nan 2.647188838981939449e-04 8.340619073121062878e-04 1.652519150692069146e-03 4.291213039447063990e-03 1.527343147756267307e-03 6.322421416223497452e-03 7.788806972760932250e-03 1.510020145705597353e-02 nan nan nan nan nan nan nan nan nan nan nan nan nan nan nan nan nan nan
nan nan 5.865708379626343702e-05 8.000913510955591544e-04 5.530987696197031542e-05 nan 4.777044363628976144e-03 1.677051035581897821e-03 2.107727171869616407e-03 1.324549888812012050e-02 nan nan nan nan nan nan nan nan nan nan nan nan nan nan nan nan nan nan
nan nan nan nan nan nan 3.445144357124727604e-03 5.065905484261721756e-03 1.191915824221183827e-02 3.761335627784016811e-03 nan nan 6.927324648096809187e-03 nan nan nan nan nan nan nan nan nan nan nan nan nan nan nan
nan nan nan nan nan 5.198009188831016758e-03 1.253678901284783825e-03 1.576522290186411048e-03 3.091524256384150030e-03 1.505633194589407449e-03 nan nan nan nan nan nan nan nan nan nan nan nan nan nan nan nan nan nan
nan nan nan nan nan 3.574394226857506140e-03 2.628364527876004522e-04 1.674951584950634632e-04 2.923877086447500490e-04 3.122694092343800652e-03 9.555035493589818241e-04 nan nan nan nan nan nan nan nan nan nan nan nan nan nan nan nan nan
nan nan nan nan nan 1.776892163638704768e-03 4.615931316680885925e-04 1.169069690325041065e-03 2.505814082739170597e-05 9.193052004772071795e-03 4.007190602694010116e-05 4.929284002183997697e-04 nan 5.450721656726995870e-04 nan nan nan nan nan nan nan nan nan nan nan nan nan nan
nan nan nan nan nan 4.361204492110327025e-04 3.844375185276983778e-04 6.995972453790259534e-04 2.253676617856558697e-04 1.299532680805124676e-03 5.718074825822831199e-03 2.189734239135292596e-02 3.481778505517106300e-04 3.261126407569668378e-04 2.333968782209172664e-04 nan nan nan nan nan nan nan nan nan nan nan nan nan
nan nan nan nan nan 7.438146843337168843e-03 5.281827233479283006e-04 2.282431252876539391e-04 5.723007811976872330e-05 1.997140927434421366e-04 2.693110947142453955e-04 8.694182652689233124e-05 1.477724686221801829e-02 6.275065695196795773e-03 7.777238158349243776e-05 1.243708911260180323e-04 3.589846799062288286e-04 nan nan nan nan nan nan nan nan nan nan nan
nan nan nan nan nan nan 4.766988209081765950e-05 1.745368926699615336e-04 3.111559286810832857e-05 2.754329182379070852e-04 4.521568460734344021e-04 2.311284129639999782e-04 1.307897271002613068e-03 1.814351444165721635e-03 2.333407628930732162e-03 2.181585808357863494e-04 9.603756562470045118e-04 4.650385249979475423e-04 nan nan nan nan nan nan nan nan nan nan
nan nan nan nan nan nan nan 1.853728329236459347e-04 5.008831851574706089e-05 1.050509829285868702e-05 4.492945830919345569e-05 5.263275670660188610e-04 7.064959285089872712e-04 8.950636044783192116e-05 4.210363021686067825e-03 8.217184816990555710e-03 1.840912525690681411e-04 5.038549385973432708e-04 7.309060553649548335e-04 nan nan nan nan nan nan nan nan nan
nan nan nan nan nan nan nan 2.033011028045490234e-04 9.004646759252795502e-05 9.577435597234169970e-05 6.860319871141520875e-05 7.096126492061645029e-04 2.550032224256266154e-03 2.149531969917110701e-04 8.699766410008287574e-04 1.140874878967552963e-02 1.196531244411296567e-02 1.098437155042446094e-02 8.522651965531990092e-04 1.247232443254541173e-03 5.752489695759568401e-04 nan nan nan nan nan nan nan
nan nan nan nan nan nan nan nan 5.912511991303291367e-05 1.777981501899679462e-03 4.515897536642022431e-04 6.333649300737941880e-05 5.436427762325848250e-04 2.829106874013025651e-03 1.419611438897102999e-03 1.559717665577565679e-03 1.926704979473830084e-02 7.244770200605403151e-04 6.631470756230719308e-04 2.936475582665832272e-03 6.865446711919441242e-04 nan nan nan nan nan nan nan
nan nan nan nan nan nan nan nan nan 3.680860467402912589e-03 1.420931570196626954e-03 2.144020829604894826e-04 3.886619295016560888e-04 2.948387290243154827e-04 8.564481096035982208e-04 1.996185728475304531e-03 1.719496914818467552e-03 1.400082725528356206e-02 4.542169867513362559e-04 2.866675662367233497e-03 1.044894838390699517e-03 8.729284023530906522e-04 nan nan nan nan nan nan
nan nan nan nan nan nan nan nan nan nan 1.605219312844953245e-03 2.892942729417557297e-04 2.112548347846235887e-05 1.781004872841179419e-04 6.995573724424580158e-04 2.857945521622298497e-03 1.201810895366608886e-05 3.106139209978435196e-03 7.878498309971939881e-03 1.236443130676011075e-02 2.670805455433370758e-03 2.888455072305116922e-04 1.116069162489632775e-03 nan nan nan nan nan
nan nan nan nan nan nan nan nan nan nan nan nan 4.432454186355710762e-04 4.248707450724440387e-05 3.402053893614838365e-05 2.965133832554725903e-04 1.217478567492130898e-03 1.676689078232577784e-04 3.773320818668091797e-03 2.959299125808937249e-04 5.568021730508234887e-03 4.400677683594672596e-03 1.201127301432436921e-03 1.880046516814326378e-03 nan nan nan nan
nan nan nan nan nan nan nan nan nan nan nan nan nan 2.077117085873195614e-05 1.882885983421397750e-04 3.650589941467641463e-06 2.642195917622918908e-05 3.440372936803147777e-03 6.143291467755203870e-04 2.795586301943972507e-03 2.671322160831636483e-03 5.324616604076442845e-04 1.473610654042153696e-04 5.548863426754781485e-04 1.018747290734435844e-03 nan nan nan
nan nan nan nan nan nan nan nan nan nan nan nan nan nan nan 4.831457580400960088e-04 6.401846228155575044e-04 8.040514466547899126e-06 1.546338587700599090e-03 3.792765822684635935e-04 7.816053930726951995e-03 1.627093056367286735e-03 3.427465839772145142e-04 7.577923347607825417e-05 1.880974469702534780e-03 nan nan nan
nan nan nan nan nan nan nan nan nan nan nan nan nan nan nan nan nan 3.765387718683432892e-03 1.544825924833196154e-02 1.146707570590869626e-02 6.417109670920449239e-03 8.206213407313229331e-04 3.686636313384787818e-03 2.892476600668577973e-03 1.073661067096725805e-03 nan nan nan
nan nan nan nan nan nan nan nan nan nan nan nan nan nan nan nan nan nan nan nan 2.745272382187391100e-04 nan nan 4.393256570031183719e-04 nan nan nan nan
