nan nan nan 1.342044142208526601e-02 8.731648229473164703e-04 nan nan nan nan nan nan nan nan nan nan nan nan nan nan nan nan nan nan nan nan nan nan nan
nan nan nan 6.126184583184381659e-03 1.793009128327954305e-04 4.639031837375493655e-03 1.424539612536288719e-02 nan nan nan nan nan nan nan nan nan nan nan nan nan nan nan nan nan nan nan nan nan
nan nan 1.170793705154973829e-02 1.195117930746963583e-02 8.658674175500919237e-04 1.729213897546837261e-03 1.576992760828105312e-03 3.991007342741232505e-02 nan nan nan nan nan nan nan nan nan nan nan nan nan nan nan nan nan nan nan nan
nan 3.689043996553317221e-03 1.256785599034422087e-02 4.008458971346338766e-03 2.940087354424352796e-03 5.339750105624308657e-03 1.212324011508143480e-03 4.837055465422621103e-02 1.103428406298001020e-02 nan nan nan nan nan nan nan nan nan nan nan nan nan nan nan nan nan nan nan
nan 1.022007301583770407e-02 2.620121782461579812e-02 3.869012196999007183e-03 1.649464165836099158e-02 6.067915826169610269e-03 4.122928480741940710e-04 1.859517591199580724e-02 2.432841625828276177e-02 1.878198769746425648e-02 nan nan nan nan nan nan nan nan nan nan nan nan nan nan nan nan nan nan
8.028295039045247466e-03 1.602199890671214088e-04 6.376941494364551585e-03 3.251670302006768242e-04 2.897927839678876029e-04 1.247693550798543083e-03 5.997453457070468091e-04 1.674974133973994306e-02 1.596680420606871181e-02 nan nan nan nan nan nan nan nan nan nan nan nan nan nan nan nan nan nan nan
3.372782617850174185e-03 1.132693354714707414e-03 2.688817615428434644e-05 1.867564513377209523e-02 3.496279800527518546e-03 2.492269007083903858e-03 1.614834287456375648e-03 3.879406910084869792e-02 1.291137101302222007e-02 nan nan nan nan nan nan nan nan nan nan nan nan nan nan nan nan nan nan nan
1.670501610647348676e-03 3.879188326184363801e-03 5.456550102724174768e-03 1.136656209706178242e-02 1.705048859978990604e-03 1.120046414907923879e-02 1.011563421880793887e-02 1.559717108940250618e-02 6.087125184305613827e-03 nan nan nan nan nan nan nan nan nan nan nan nan nan nan nan nan nan nan nan
nan 4.949344800023714429e-03 5.793915291489495478e-06 6.977087884055029575e-03 8.522656248659811473e-03 3.366270074200937261e-03 6.115044732697456561e-03 5.159353213401864785e-02 1.163697230133272677e-03 2.150624072012529558e-02 nan nan nan nan nan nan nan nan nan nan nan nan nan nan nan nan nan nan
nan 2.976399060591237121e-04 2.277850437263542749e-03 2.221809608709898612e-04 8.095219112842576281e-03 3.879284658079921056e-03 9.541998594875080938e-03 7.016858635356023818e-03 1.986219935609767270e-02 8.589161102236583453e-03 nan nan nan nan nan nan nan nan nan nan nan nan nan nan nan nan nan nan
nan 9.959429461595028371e-04 3.125747477130596868e-04 2.771159667020167000e-03 7.110262155427436118e-04 9.152891238823561426e-03 8.870497798133893802e-03 6.087474326526508793e-03 1.228278538266396568e-02 5.273898729965947885e-03 nan nan nan nan nan nan nan nan nan nan nan nan nan nan nan nan nan nan
nan nan 2.721924444762100002e-04 3.081359796423835395e-03 4.012628329540210946e-03 2.942150240620157627e-03 9.747668741199620041e-03 1.502911081917216590e-02 4.364004602445147908e-04 6.468307702847269497e-03 nan nan nan nan nan nan nan nan nan nan nan nan nan nan nan nan nan nan
nan nan 9.325382538963501331e-05 3.042394889024791632e-03 2.490976602679128606e-03 nan 1.188773927069675107e-03 1.482130615998676453e-03 2.238098907565958581e-03 2.215034463356161526e-02 nan nan nan nan nan nan nan nan nan nan nan nan nan nan nan nan nan nan
nan nan nan nan nan nan 1.184298893718452187e-03 4.942601237085628499e-03 4.686393708327328718e-03 2.359660427690966813e-03 nan nan 4.320133551832154931e-03 nan nan nan nan nan nan nan nan nan nan nan nan nan nan nan
nan nan nan nan nan 5.370563046644233687e-03 8.169789324237443319e-04 1.018759898812742707e-03 2.236861835196884453e-03 1.273583767050905655e-03 nan nan nan nan nan nan nan nan nan nan nan nan nan nan nan nan nan nan
nan nan nan nan nan 7.285018245126883077e-03 2.727366979599345708e-04 8.327938709012490056e-05 2.122378214723590756e-03 6.544478254267618519e-03 2.251818767703969888e-03 nan nan nan nan nan nan nan nan nan nan nan nan nan nan nan nan nan
nan nan nan nan nan 2.096410153200151290e-03 5.894307024980366839e-04 1.025302836677815859e-03 6.230288373525405760e-05 1.130455980275059218e-02 9.543708059943577747e-05 6.411369026556189201e-04 nan 7.549866989168833235e-05 nan nan nan nan nan nan nan nan nan nan nan nan nan nan
nan nan nan nan nan 4.415271434194475856e-04 1.002134682448449976e-03 1.608244704001565370e-03 1.649957743044565403e-03 1.883365203671508821e-03 1.653829741454879848e-02 3.598735584884728278e-02 6.461092369013565675e-04 5.294637433698865707e-04 3.189631783927763696e-04 nan nan nan nan nan nan nan nan nan nan nan nan nan
nan nan nan nan nan 1.722672134007412550e-02 4.630699621308828444e-03 1.136800737756432211e-03 5.025503338904005078e-04 1.921530653597821768e-04 5.023708809324804216e-04 2.022293617141239085e-04 2.062492981315791618e-02 7.920733220765727861e-03 4.636414009911281076e-05 3.540797060481252210e-04 6.004434211333114753e-04 nan nan nan nan nan nan nan nan nan nan nan
nan nan nan nan nan nan 7.022665188337212671e-05 2.395738724090658105e-04 3.699042589064383902e-04 4.824470908632585379e-04 5.119372307588927491e-04 6.524503151422338717e-04 2.681810938385585132e-03 1.427301524755901236e-03 2.640241948946051281e-03 2.438038256944280154e-04 8.926800126463270988e-04 nan nan nan nan nan nan nan nan nan nan nan
nan nan nan nan nan nan nan 1.205717181101683701e-04 1.823399644161875115e-04 8.468025774015440997e-05 2.711718581249916409e-05 5.513207497997730513e-04 1.882596900881035405e-03 7.983891728129222185e-04 2.698524061316975690e-03 5.595382183305842166e-03 2.326444046984901641e-05 5.711449512908321237e-04 nan nan nan nan nan nan nan nan nan nan
nan nan nan nan nan nan nan 7.047749135138225551e-04 1.950795970684454596e-04 4.589530361787983419e-05 6.446987372617540167e-06 7.614336247933450440e-04 7.587132936597954262e-04 1.326885493438386375e-03 6.111830236451556639e-03 6.893764410633319156e-03 9.112282580096836213e-03 1.089030581544770011e-02 8.832481952625917919e-04 4.370623441537606628e-04 nan nan nan nan nan nan nan nan
nan nan nan nan nan nan nan nan 3.660143998956803270e-04 7.880242636619004342e-05 6.489825728297243974e-04 7.575792404819718792e-04 2.986674485368549532e-03 2.831732736779621362e-04 3.599105924189749482e-04 1.446034257031871603e-03 1.106818969377807230e-02 1.360328157113258225e-03 7.335102796283285648e-04 2.953946399428118014e-03 7.333041532484472960e-04 nan nan nan nan nan nan nan
nan nan nan nan nan nan nan nan nan 7.134539611568389752e-04 2.500358281791235471e-04 9.671999008657902437e-04 1.811480001255058418e-04 1.333168765504922498e-03 2.964167519595223808e-03 2.683882013713287298e-04 7.884993843299031163e-03 7.369930419043367945e-03 1.463345426702435765e-03 2.762563150932791870e-03 2.328982593563614333e-03 1.962532546956977011e-03 nan nan nan nan nan nan
nan nan nan nan nan nan nan nan nan nan 2.407397702032468105e-03 3.533865661237263695e-04 1.231608932469534885e-04 9.627224977340879432e-04 8.750103505892176364e-05 1.771864063539753105e-04 2.201652741822822965e-04 8.810782679531132394e-03 5.062361388431258977e-03 1.246464795068440851e-02 3.701663250149551682e-03 1.422314465974999488e-05 1.824009742801003782e-03 1.188344940433694709e-03 nan nan nan nan
nan nan nan nan nan nan nan nan nan nan nan nan 1.019827516862354191e-03 3.101168695975931359e-04 2.699223820798357285e-04 1.626512744879652942e-05 1.441425095834845786e-03 1.179078723578174445e-03 9.068073498935812216e-03 3.455231652473333623e-03 6.584820450346369480e-03 2.978725582763106210e-03 1.131400136651795744e-04 6.599525555959843666e-04 1.523184361531280734e-04 4.384575785621144025e-04 nan nan
nan nan nan nan nan nan nan nan nan nan nan nan nan 6.123081539399465034e-04 2.006862180190544930e-04 1.430330325444201050e-04 4.424830419369401116e-04 1.438658277309555955e-03 2.929343756098858054e-03 1.426767741954553144e-03 1.176068746671408288e-02 2.787501737445437135e-03 1.051102767361933700e-03 7.943238674206814978e-04 6.335972909429468843e-04 2.260603914846780226e-04 nan nan
nan nan nan nan nan nan nan nan nan nan nan nan nan nan nan 3.449540834734762503e-04 3.607270567586935337e-04 2.018793528640352422e-04 3.249870677345620970e-04 4.521573684326121896e-03 5.517545707390053220e-04 4.770800461452984718e-03 2.686500612688249613e-03 4.624387920603769688e-05 1.541426410050361108e-03 1.230118291836371138e-03 nan nan
nan nan nan nan nan nan nan nan nan nan nan nan nan nan nan nan nan 2.002181632660654173e-02 2.144069776692171525e-02 3.254764847314385156e-03 2.042390271558559151e-02 8.661256218540291593e-06 6.368720607302551587e-03 1.902237991265038133e-03 8.781832796894549096e-04 5.508726761936251753e-04 9.453030675670602220e-04 nan
nan nan nan nan nan nan nan nan nan nan nan nan nan nan nan nan nan nan nan nan 1.086657249426892539e-03 nan nan 3.736762269410188520e-04 6.583650965315874680e-04 1.973432254272657800e-05 nan nan
