nan nan nan 3.137951525602424019e-02 7.758879219796845431e-03 nan nan nan nan nan nan nan nan nan nan nan nan nan nan nan nan nan nan nan nan nan nan nan
nan nan nan 3.683231765579854204e-03 1.109300981158791929e-03 2.301886609307155461e-03 9.027059528882053208e-03 nan nan nan nan nan nan nan nan nan nan nan nan nan nan nan nan nan nan nan nan nan
nan nan 5.721655665733476129e-03 2.826236492591979992e-03 5.211473750773049085e-03 2.139812580392846681e-03 5.309041579815466927e-04 2.510653177685118545e-02 nan nan nan nan nan nan nan nan nan nan nan nan nan nan nan nan nan nan nan nan
nan 1.376593384136345737e-03 1.408598379420255252e-02 3.039169314701819710e-03 7.367776214504823118e-04 1.243767454704198562e-03 4.783041272952644890e-03 3.171523769356394268e-02 5.482143970577156925e-03 nan nan nan nan nan nan nan nan nan nan nan nan nan nan nan nan nan nan nan
nan 1.174648676144163760e-02 9.614691366669259054e-03 1.799337612837590599e-03 2.244840238112614378e-02 1.675941282934184998e-03 1.860041147066237221e-03 1.562597882812261779e-02 1.875026649289701641e-02 2.527509268034328072e-02 nan nan nan nan nan nan nan nan nan nan nan nan nan nan nan nan nan nan
9.904889106400475290e-03 5.417789870024486594e-04 7.947650675213233963e-04 4.290603864350100646e-03 5.728634753498256654e-03 8.015751974267517135e-03 6.566031999104473150e-04 1.045905232449318746e-02 1.454077576077267807e-02 nan nan nan nan nan nan nan nan nan nan nan nan nan nan nan nan nan nan nan
5.413791297124943835e-03 2.459986396582204059e-05 7.505112180631767771e-03 6.182517487712373963e-04 6.926887678905320478e-03 2.719903952526327856e-03 6.582324364165732583e-04 1.196755039613442949e-02 1.717256176029007333e-02 nan nan nan nan nan nan nan nan nan nan nan nan nan nan nan nan nan nan nan
6.738544687716188425e-04 5.978763056889454738e-03 4.085834239304409615e-03 5.666068973129242785e-03 4.320969268446920100e-03 2.344875703533225338e-04 2.653408666125746471e-03 2.284095678531415999e-02 8.152316624107191004e-03 nan nan nan nan nan nan nan nan nan nan nan nan nan nan nan nan nan nan nan
nan 3.255357907648734339e-03 1.906517248504528412e-05 9.763393452419439136e-03 5.435725162723388341e-03 2.252246385654088807e-03 4.117306560874400140e-03 4.104426318412550401e-02 1.972798830544978711e-04 1.937527726079927431e-02 nan nan nan nan nan nan nan nan nan nan nan nan nan nan nan nan nan nan
nan 8.330018876034259688e-04 2.531671776432019034e-04 2.879489014710091702e-04 2.456325593561686435e-03 4.727831539617866063e-03 9.937911058088017696e-03 5.070050068239884654e-03 1.066619240349837676e-02 5.364229617485416837e-03 nan nan nan nan nan nan nan nan nan nan nan nan nan nan nan nan nan nan
nan 7.072387372187804956e-04 5.338003597415240777e-04 2.779260239487730405e-04 3.324559169060048447e-04 2.126203098224481187e-03 1.106744697742674706e-02 4.472124042000083163e-04 1.267350893284052184e-03 2.449255706407769094e-03 nan nan nan nan nan nan nan nan nan nan nan nan nan nan nan nan nan nan
nan nan 9.471252557576828775e-04 2.375776846894556236e-03 1.722899449373075601e-03 4.286666700513052037e-04 3.798004123384343331e-03 8.480387036521298827e-03 1.413108692276830638e-03 4.715456225114204002e-03 nan nan nan nan nan nan nan nan nan nan nan nan nan nan nan nan nan nan
nan nan 7.337024224016562178e-04 5.076128334274012614e-04 3.910907769894627142e-03 nan 3.140763736455088294e-03 5.848322404867261660e-03 4.932501669258359828e-04 2.238846640687599393e-02 nan nan nan nan nan nan nan nan nan nan nan nan nan nan nan nan nan nan
nan nan nan nan nan nan 1.771343615331160467e-03 5.729413658424985581e-03 7.602075844190802137e-03 1.455390485417096258e-03 nan nan 3.955047269128128366e-03 nan nan nan nan nan nan nan nan nan nan nan nan nan nan nan
nan nan nan nan nan 3.364666806476559243e-03 2.290296077295432466e-03 9.129747665488868562e-04 3.934053724563610355e-03 2.459729272783305835e-03 nan nan nan nan nan nan nan nan nan nan nan nan nan nan nan nan nan nan
nan nan nan nan nan 5.496849607852810453e-03 4.286823243652180615e-04 7.091746342429419356e-04 5.544261595588257947e-04 4.419995863859646490e-03 6.550629291571869383e-04 nan nan nan nan nan nan nan nan nan nan nan nan nan nan nan nan nan
nan nan nan nan nan 1.522165732216389537e-03 1.632508928448743522e-04 1.507124507333490633e-03 2.813275699083568333e-04 1.359339445797267190e-02 1.747114628642454143e-04 5.769156784348264400e-05 nan 2.367512675148869756e-04 nan nan nan nan nan nan nan nan nan nan nan nan nan nan
nan nan nan nan nan 1.479809772643425701e-03 8.715049245161348140e-05 1.515720548953773629e-03 3.182998025252318933e-04 7.247459751517858727e-04 1.177011825189946091e-02 3.440246716012763245e-02 7.633540128336730856e-04 5.694998536300719056e-04 3.933983046910848389e-05 nan nan nan nan nan nan nan nan nan nan nan nan nan
nan nan nan nan nan 1.528607959069277523e-02 1.939789868321127814e-03 3.358129484151640065e-04 3.721441254112903816e-04 3.983389710766114091e-04 2.486907377861565828e-04 4.549749834207611910e-04 1.563943267577218646e-02 7.207682386326706714e-03 8.630406334149848821e-05 1.895380961123385743e-04 nan nan nan nan nan nan nan nan nan nan nan nan
nan nan nan nan nan nan 1.373254309302663419e-04 7.233364863653115109e-05 4.025009929685037388e-05 1.508737901043267896e-04 4.158492364479561673e-05 2.541750026110795773e-04 7.295110926794274621e-04 2.856275478316610411e-03 3.112036422576510558e-03 2.670718509287900140e-04 5.371706141047841773e-04 nan nan nan nan nan nan nan nan nan nan nan
nan nan nan nan nan nan nan 9.665783753239596838e-05 1.136044687606656652e-04 1.569059541635666149e-05 2.418799221638866671e-04 1.260301895802154373e-03 1.106454241230933437e-04 6.493311642315969709e-05 2.982385159939996734e-03 6.987334672542564601e-03 1.673813187884149389e-05 5.691317142096852721e-04 nan nan nan nan nan nan nan nan nan nan
nan nan nan nan nan nan nan 1.861705005421070451e-04 1.550376506907087388e-04 7.900172320750764501e-05 3.402493501367693515e-05 2.916542526688530403e-04 1.873945310022946025e-03 1.161008782181829121e-03 6.169070498694626849e-03 7.687115072242964656e-03 9.802639797413366385e-03 1.139361632485344326e-02 1.073892531457811038e-03 nan nan nan nan nan nan nan nan nan
nan nan nan nan nan nan nan nan 1.069921934786079859e-03 2.208989580925710438e-04 4.454153666302363736e-04 2.960328403578536718e-04 2.385787504439492021e-04 1.991161040834936967e-03 1.873393925536955126e-03 7.958323255017003611e-04 1.179146800708159859e-02 9.576744811109173198e-04 7.622829724754785936e-04 2.936349763772181341e-03 nan nan nan nan nan nan nan nan
nan nan nan nan nan nan nan nan nan 1.555180590241953594e-03 6.232854563604993100e-04 3.497586829386973282e-04 1.577493388634945530e-04 1.587499979942973800e-03 1.473132285965037935e-03 1.735300020740257985e-03 6.243635041242034944e-03 7.653792126150501043e-03 4.587536932071600263e-04 3.489325507769266890e-03 2.392179331601080282e-03 1.316572786804411565e-03 nan nan nan nan nan nan
nan nan nan nan nan nan nan nan nan nan 1.541726490665314142e-03 6.496103455671192002e-04 5.350468185469540810e-05 5.379342036369861831e-04 8.443684813009270278e-04 9.450884214464793200e-05 3.290123907514625455e-04 3.936581361045342689e-03 3.522867924197513063e-03 8.535589760176822208e-03 4.049456852209427048e-03 1.298949199561424874e-04 2.651774923388488039e-03 nan nan nan nan nan
nan nan nan nan nan nan nan nan nan nan nan nan 2.111374068719776460e-03 2.014803907342580208e-04 1.211086567956707169e-05 1.619438509016925569e-03 9.135542212447736021e-04 2.631259947608491725e-04 1.344132512520286246e-03 2.020556632868355986e-03 2.996445365154522429e-03 2.464149706185376348e-03 2.138681450106179403e-04 5.594697660957145824e-04 1.972999962656650269e-04 nan nan nan
nan nan nan nan nan nan nan nan nan nan nan nan nan 7.905429236507767205e-04 1.000448344510234902e-04 1.807696439240461406e-03 3.145727322125189658e-04 3.293674063228900538e-04 5.562622146977511464e-03 6.476475311597199415e-04 3.502556412201091388e-03 1.255323271816186775e-03 1.041283960098663385e-03 8.380979887337726940e-04 7.363285722712914049e-04 4.213182174115742110e-04 nan nan
nan nan nan nan nan nan nan nan nan nan nan nan nan nan nan 1.528150541690494581e-03 1.634492492643861011e-03 1.722687516341456823e-04 1.776881283172041057e-03 4.614151472340685158e-03 2.020735792786690094e-03 7.458328591924986636e-03 3.583630643742494615e-03 1.908733164485416467e-04 1.577544743498574291e-03 1.430380921888501061e-03 nan nan
nan nan nan nan nan nan nan nan nan nan nan nan nan nan nan nan nan 3.767138684025479051e-02 7.800065854030026509e-03 6.464290343550572679e-03 6.656397157540498710e-02 2.151176100696287874e-04 8.581717056920123987e-03 1.446426567182357943e-03 8.125122815328578336e-04 6.647864977178683313e-04 5.330196130284075781e-04 nan
nan nan nan nan nan nan nan nan nan nan nan nan nan nan nan nan nan nan nan nan 9.296644005295761617e-04 nan nan 1.434069515182505056e-04 3.517033917928667893e-04 3.599173459925591101e-05 nan nan
