nan nan nan 6.194231406110679503e-04 9.214511521035438418e-04 nan nan nan nan nan nan nan nan nan nan nan nan nan nan nan nan nan nan nan nan nan nan nan
nan nan nan 8.827661433745448080e-03 8.455467881775211589e-04 2.143915199127022740e-03 7.727765413846149345e-03 nan nan nan nan nan nan nan nan nan nan nan nan nan nan nan nan nan nan nan nan nan
nan nan 1.053868535150847587e-03 4.028071957898895442e-04 3.508506405191257928e-04 1.059245604095958044e-03 3.601048128681039705e-03 2.216331268875892241e-02 nan nan nan nan nan nan nan nan nan nan nan nan nan nan nan nan nan nan nan nan
nan 5.393838957183589092e-03 2.447618997380785096e-03 1.633170751042529361e-03 1.084578864334999945e-03 7.004937289117880821e-04 6.780918745152301336e-03 6.056303781358966971e-03 1.763110063980307535e-02 nan nan nan nan nan nan nan nan nan nan nan nan nan nan nan nan nan nan nan
nan 8.644281510279764593e-04 3.848039639313648175e-04 4.372569826181110265e-03 2.068979217416707164e-02 1.175769435093449670e-03 4.366387345394167480e-03 2.130027579750523245e-03 1.221892401726674612e-02 3.408320088029220818e-02 nan nan nan nan nan nan nan nan nan nan nan nan nan nan nan nan nan nan
3.842494352794501196e-03 2.102458545154513737e-03 1.278329977641295696e-04 1.188755920076379168e-02 4.828048336355341731e-04 1.194995887183059567e-03 1.581606449558759517e-03 2.630231258357873525e-03 4.626992573277111109e-02 nan nan nan nan nan nan nan nan nan nan nan nan nan nan nan nan nan nan nan
6.686415237770726959e-03 9.723561694856509494e-03 3.156682059026320354e-03 1.673756377109839044e-02 2.383624639971737048e-03 3.015137690430517645e-03 5.406625653256499214e-04 1.106939785557700846e-02 5.288387260981247673e-02 nan nan nan nan nan nan nan nan nan nan nan nan nan nan nan nan nan nan nan
2.180529636719607221e-03 4.001640491322803507e-03 5.906311156792401137e-03 2.613508138603529499e-02 7.631669896856561452e-04 1.025996597620624313e-04 1.638107120250779794e-03 2.721986156313736110e-02 3.728656102722842369e-02 nan nan nan nan nan nan nan nan nan nan nan nan nan nan nan nan nan nan nan
nan 6.628130080131226613e-03 2.874269772743023692e-03 2.624192204696169581e-02 1.653804482881193055e-02 2.452266842379533136e-03 5.092727304059333285e-03 2.624916260916173444e-02 1.541534166070885822e-02 1.136955500514566508e-02 nan nan nan nan nan nan nan nan nan nan nan nan nan nan nan nan nan nan
nan 1.070684995358497579e-03 6.776974912736905650e-04 2.957642614407867809e-03 2.047469357024737924e-02 2.719310095141956769e-03 2.591117677348438175e-03 1.095214240189821588e-02 2.352791341965423597e-02 1.328597247465181444e-02 nan nan nan nan nan nan nan nan nan nan nan nan nan nan nan nan nan nan
nan 2.107835113530095658e-03 3.302881472243885839e-04 2.462201340674468795e-04 7.667359172617695205e-04 3.048388362074127048e-04 5.262476428151388781e-04 5.747966125309658669e-03 4.174213728242524846e-03 5.920261448208795178e-03 nan nan nan nan nan nan nan nan nan nan nan nan nan nan nan nan nan nan
nan nan 1.153896357284204567e-03 1.455302882690078913e-04 2.273314402754712197e-03 2.197130420779320938e-03 1.958881472849771915e-03 1.277163325267548048e-02 8.396690562569040020e-04 5.095004330565138830e-03 nan nan nan nan nan nan nan nan nan nan nan nan nan nan nan nan nan nan
nan nan 9.607190817523202065e-05 1.494997250430637678e-03 1.370788454721369887e-03 nan 4.452519852824974970e-03 1.332031821515725599e-02 1.811494990152324363e-03 1.679493312936632121e-02 nan nan nan nan nan nan nan nan nan nan nan nan nan nan nan nan nan nan
nan nan nan nan nan nan 6.380578664044195963e-03 1.926991587045355763e-03 6.999630291287720248e-03 3.348739398392503331e-04 nan nan 1.701712513624559523e-03 nan nan nan nan nan nan nan nan nan nan nan nan nan nan nan
nan nan nan nan nan 5.008425341863131930e-03 1.492962586306142330e-03 9.484668446473163046e-04 9.114126374488117771e-03 1.098456015071922051e-03 nan nan nan nan nan nan nan nan nan nan nan nan nan nan nan nan nan nan
nan nan nan nan nan 8.588726946115133806e-03 1.294831221076233685e-03 2.804599457993318339e-06 5.036649055639707282e-04 7.698191070353336933e-03 7.950815028301296385e-04 nan nan nan nan nan nan nan nan nan nan nan nan nan nan nan nan nan
nan nan nan nan nan 2.172296349015369766e-03 1.392521604388254584e-03 3.902030504491377401e-03 1.567011454897275545e-04 1.315498240983586919e-02 8.767752444103125119e-04 1.624983656381292834e-03 nan 5.108286794704478516e-04 nan nan nan nan nan nan nan nan nan nan nan nan nan nan
nan nan nan nan nan 3.875780373314570773e-03 2.862224649054410062e-04 2.538965169858209327e-03 1.897363357482184534e-04 8.645669792169924199e-04 1.196650459219967579e-02 3.679675476118500488e-02 3.153145870157311867e-04 3.420239830833000970e-04 2.117290757368755301e-04 nan nan nan nan nan nan nan nan nan nan nan nan nan
nan nan nan nan nan 2.181310640962631081e-02 1.167997531369818634e-03 6.024196774411426586e-04 2.977643528089327345e-04 1.894478323184314113e-04 9.596364406432554301e-05 4.706867066133344130e-04 2.393534419969741561e-02 3.661275055509036896e-03 1.466764772864319105e-04 4.983763157455954818e-05 3.830859203334631077e-04 nan nan nan nan nan nan nan nan nan nan nan
nan nan nan nan nan nan 7.484561763897870450e-05 5.863405390388470059e-05 2.279175584904729438e-05 2.100902880876057621e-04 2.673773061186247640e-04 3.567616767727024765e-04 8.014320504613561564e-04 4.707219058975514042e-03 1.553260232118737309e-03 5.269908448547155596e-04 3.612580029167367199e-04 5.943570389122099359e-04 nan nan nan nan nan nan nan nan nan nan
nan nan nan nan nan nan nan 2.864464181300897306e-04 1.980714083537097551e-04 1.747489205359152229e-04 2.599470413011888245e-04 1.781506959327782498e-04 2.687616852019610991e-04 1.647382870272792385e-03 9.495167590036384872e-03 5.901566213542411635e-03 4.634595143658411075e-05 7.447470383601261954e-04 4.600479160278152821e-04 nan nan nan nan nan nan nan nan nan
nan nan nan nan nan nan nan 4.335936496057241052e-04 4.410039567220646142e-04 1.184195196949274246e-04 3.504401540388721142e-06 4.948948398564054045e-04 1.437121448265627280e-03 5.048901989969656334e-04 4.298476324166567580e-03 1.130959978612081605e-02 8.319932103109746804e-03 1.047283646822611512e-02 1.211206324407642504e-03 1.015587150958821919e-03 3.592982731309559232e-04 nan nan nan nan nan nan nan
nan nan nan nan nan nan nan nan 3.081029198853819364e-04 5.342574776287239161e-05 2.238052759054051741e-04 4.426984304855910717e-04 2.676059589750261485e-04 9.296835305327301024e-04 8.648732800658676307e-05 9.551174290208053284e-04 1.024905760130947682e-02 1.039381279601216557e-03 7.731259116875029928e-04 3.656256469643784021e-03 9.098834384385855699e-04 4.232183772587079420e-04 6.854667310514453177e-04 nan nan nan nan nan
nan nan nan nan nan nan nan nan nan 6.890396630663356845e-04 1.265777802990614262e-04 4.821121462554558068e-04 2.103130781981218641e-04 1.832061430041306935e-04 1.649694355705040886e-03 3.751101260873268908e-05 5.392261181930988259e-03 7.982513037861628871e-03 5.085617711312542680e-04 3.039002787958209814e-03 1.913588367576136116e-03 2.162391279697288386e-03 8.305619770590744405e-04 9.492211587922536357e-04 nan nan nan nan
nan nan nan nan nan nan nan nan nan nan 3.678959124854389723e-03 1.909365039852895939e-04 4.512100016350418315e-05 1.396040976677044500e-04 1.669650612489191155e-04 3.339651575320054305e-04 7.558559028951883493e-04 4.170117691468287237e-03 8.041917649633203991e-03 1.273699129290695349e-02 5.668782600420181270e-03 1.721633886431518453e-05 2.742583185321316279e-03 1.510502293486565718e-03 3.690105411876386135e-04 1.557715015404424640e-06 nan nan
nan nan nan nan nan nan nan nan nan nan nan nan 7.028815351927842226e-04 1.671103141942472433e-04 9.715819835163011769e-05 1.319252599512217165e-05 1.386029299632143038e-04 2.747730947185392063e-03 3.104092424163892947e-03 5.826567016028686569e-04 1.020412730118892830e-02 3.756941534011955068e-03 2.309040228214401895e-05 4.520912433758888377e-04 2.275320516660740233e-04 2.708960491510027289e-04 nan nan
nan nan nan nan nan nan nan nan nan nan nan nan nan 2.150048953094268328e-04 2.465517206316953400e-04 2.457885036282565425e-03 3.094136274338634644e-04 3.351615182268915735e-03 1.269738779389964749e-03 4.688944493846764709e-04 4.087598595603011802e-03 4.651260845586707802e-04 6.331551902041215527e-03 2.474712909729812537e-04 8.268756175704678824e-04 4.844286358841728632e-04 nan nan
nan nan nan nan nan nan nan nan nan nan nan nan nan nan nan 4.493900228436395992e-03 3.366986102176850945e-03 1.482640157650133475e-04 1.378831761088824192e-03 2.098033238016785117e-03 7.730273765987436419e-04 2.106901620222619009e-02 1.260071643850381971e-02 3.898687391283887308e-04 2.775403408103951312e-03 1.891831061269938843e-03 nan nan
nan nan nan nan nan nan nan nan nan nan nan nan nan nan nan nan nan 6.074806978156106763e-03 2.312801995271575404e-03 1.054102773352490023e-02 4.479246467358397737e-02 1.072382536864102293e-05 6.007568298665898893e-03 6.602492293323825034e-03 7.510056016392970945e-04 1.040773845056597010e-03 6.115870516937393746e-04 nan
nan nan nan nan nan nan nan nan nan nan nan nan nan nan nan nan nan nan nan nan 1.222446897771568538e-03 nan nan 5.796989055123359658e-03 8.884892792552709362e-03 1.287601956811402657e-03 nan nan
