nan nan nan 2.373092526931080027e-04 1.212429101399629161e-05 nan nan nan nan nan nan nan nan nan nan nan nan nan nan nan nan nan nan nan nan nan nan nan
nan nan nan 3.290238129320953702e-03 1.311853699706491943e-03 2.598326138660267924e-03 8.775008461018873190e-03 nan nan nan nan nan nan nan nan nan nan nan nan nan nan nan nan nan nan nan nan nan
nan nan 2.930397025531714713e-03 1.122647654264377279e-02 2.946522562880958453e-04 1.944187866304816509e-03 1.262263255488811544e-03 1.346143123661215288e-02 nan nan nan nan nan nan nan nan nan nan nan nan nan nan nan nan nan nan nan nan
nan 8.027999218308494022e-05 8.091148698370359202e-03 5.257295338292521103e-03 1.042525252364144648e-04 7.720640622739396259e-04 4.603976630958636976e-03 1.059831215838461264e-03 2.561239777666492710e-03 nan nan nan nan nan nan nan nan nan nan nan nan nan nan nan nan nan nan nan
nan 2.242971513974151287e-02 8.566290309900840075e-03 5.449932898032944987e-05 3.309911233284089545e-03 1.638794276533999100e-03 5.559874392464236696e-03 1.235788557064329812e-03 3.273228876824787244e-03 1.853929681086122216e-02 nan nan nan nan nan nan nan nan nan nan nan nan nan nan nan nan nan nan
2.752096099593253839e-02 2.394150865687330251e-03 2.979999336682221268e-03 2.507923201966799197e-03 1.827102872897693299e-03 7.031217964356161528e-04 1.888450666844972972e-03 3.758016995529967798e-03 4.680872924278493136e-03 nan nan nan nan nan nan nan nan nan nan nan nan nan nan nan nan nan nan nan
4.651301203276341986e-03 1.524204119484444831e-03 1.579467663257056462e-03 4.459187253844037568e-04 2.432659932008549540e-03 4.096099895203629722e-03 2.633135708363006262e-03 2.688661848735493173e-02 3.072118591207198199e-03 nan nan nan nan nan nan nan nan nan nan nan nan nan nan nan nan nan nan nan
2.659671828880120093e-05 9.811059764753252491e-03 2.668434970655259204e-03 1.107465501327968040e-03 5.609821250411092114e-03 1.909279802469489567e-03 2.284612442369588978e-03 1.774264770111667541e-02 3.853469516253346921e-04 nan nan nan nan nan nan nan nan nan nan nan nan nan nan nan nan nan nan nan
nan 7.791312702765939300e-04 4.262221124894213960e-03 1.999912082014829780e-03 5.740520110778956145e-03 2.774522019921427107e-03 6.657419661146505956e-03 1.044336530495184635e-02 1.363777565868549112e-03 2.348620007868976872e-02 nan nan nan nan nan nan nan nan nan nan nan nan nan nan nan nan nan nan
nan 9.371504010030971398e-04 6.497051785997302615e-04 2.213893717934229191e-03 3.800485915414187309e-03 2.033383236718029011e-03 5.921278067784777228e-03 1.830597962854346381e-03 2.014353417415666245e-03 6.959777276134966779e-03 nan nan nan nan nan nan nan nan nan nan nan nan nan nan nan nan nan nan
nan 8.521739944611851809e-04 1.244755206333264931e-04 4.216327244573392428e-04 3.005923912832209098e-04 6.416615170175388834e-04 1.144897108864790635e-03 2.375180112069331798e-04 9.709915194433485378e-05 4.284988765865671220e-03 nan nan nan nan nan nan nan nan nan nan nan nan nan nan nan nan nan nan
nan nan 4.564004114330547611e-04 9.702177710216672996e-04 1.069004800489987798e-03 1.433378519853339321e-03 7.425156039180036199e-04 2.519399728428422039e-03 2.927211933179855747e-03 8.588689578454307069e-03 nan nan nan nan nan nan nan nan nan nan nan nan nan nan nan nan nan nan
nan nan 7.172357652420041901e-04 1.144413607287410838e-03 5.565896594962955937e-04 nan 2.042959997240995952e-03 1.646930064531439836e-02 2.458081326846922338e-03 1.505679218635579825e-02 nan nan nan nan nan nan nan nan nan nan nan nan nan nan nan nan nan nan
nan nan nan nan nan nan 3.396429677015046309e-03 5.450472882717080463e-04 2.808731107365471189e-03 2.366990000791872450e-04 nan nan 7.189510315796301086e-03 nan nan nan nan nan nan nan nan nan nan nan nan nan nan nan
nan nan nan nan nan 4.095252395281394169e-03 2.997404845511966384e-04 9.866773834755486645e-04 7.107941603728263127e-03 1.343940213141129811e-03 nan nan nan nan nan nan nan nan nan nan nan nan nan nan nan nan nan nan
nan nan nan nan nan 1.263371261712760082e-03 7.038266060939491787e-04 2.991607616979301276e-04 1.878748043811460662e-05 2.421374226175011454e-03 2.075016147375417699e-03 nan nan nan nan nan nan nan nan nan nan nan nan nan nan nan nan nan
nan nan nan nan nan 2.400121390736180784e-04 9.516185014862689560e-04 7.914735464472043291e-04 3.347098514231220523e-05 5.088601334430632381e-03 1.110550901165811540e-03 1.272833075141720932e-04 nan 3.071491618175188534e-04 nan nan nan nan nan nan nan nan nan nan nan nan nan nan
nan nan nan nan nan 9.317385479492425280e-05 2.077938606843572340e-05 9.252277909030688771e-04 4.656759519786473635e-04 8.807701768036263305e-04 4.795510135290969624e-03 1.997836464166740170e-02 4.840787489193894310e-04 7.801017176225152894e-04 3.774595618617474142e-04 nan nan nan nan nan nan nan nan nan nan nan nan nan
nan nan nan nan nan 5.324131163349938786e-03 6.827999572055592202e-05 1.540877868863396811e-05 3.057484174856188030e-05 2.536898850066640664e-04 4.941843079472669131e-04 1.255290632638339675e-05 1.317974185946385254e-02 6.309540482170463045e-03 3.313804046460147633e-04 5.923670667492430706e-05 3.226729169176468202e-04 nan nan nan nan nan nan nan nan nan nan nan
nan nan nan nan nan nan 6.427784131308933912e-05 9.431245334958786503e-05 1.410216453451677707e-06 1.563183096443957257e-04 2.554454541571840598e-04 3.468467522566734493e-04 1.030612061230237221e-03 2.885221626335269986e-03 3.997036954504318285e-03 2.148536444284164298e-04 7.833856047248249519e-04 3.866219382558205549e-04 nan nan nan nan nan nan nan nan nan nan
nan nan nan nan nan nan nan 1.473204574567819197e-04 7.849412338799736748e-05 2.743066888698320261e-05 4.954917289896642099e-05 2.100912006594080127e-04 9.319221001696802349e-04 2.490925815965089828e-04 3.304972653491792135e-03 7.138391013527775261e-03 1.311568261581548566e-04 6.698337038469291942e-04 7.552603121626389479e-04 nan nan nan nan nan nan nan nan nan
nan nan nan nan nan nan nan 1.812438411202852242e-04 2.124380447058126073e-04 3.608799438574942630e-04 5.633467473895429782e-05 4.884567706484645990e-04 9.312248289979837852e-04 1.013357295360793218e-03 1.718332166304604568e-03 7.732189835495426738e-03 9.907907225012049443e-03 9.691063601243939812e-03 8.580792179195286494e-04 3.705409433343507240e-04 3.902750384180411411e-04 2.187018849804103706e-04 6.807148277705809636e-05 nan nan nan nan nan
nan nan nan nan nan nan nan nan 7.875563299746877305e-05 6.589030414900492095e-06 1.632262835732675547e-04 1.586772914152957833e-04 1.105210181790661217e-03 2.163085333105853585e-03 1.536743707072088516e-03 8.840369336002183373e-04 1.025534511396211310e-02 1.633940442491190132e-03 8.746445762407981843e-04 3.436940548396545496e-03 6.986554902326963003e-04 1.712090388987287952e-04 6.453216651365977366e-06 9.224120743430878422e-05 nan nan nan nan
nan nan nan nan nan nan nan nan nan 7.470350541443403301e-04 5.119577164821900207e-03 4.094602508901139682e-04 1.210916119235359140e-04 1.434268133741966006e-04 1.832019739853649317e-03 2.285929577696165556e-03 9.494654191394018630e-03 1.076155525083217004e-02 1.811724410244190035e-04 2.290598632715483331e-03 1.459231801274427521e-03 5.481154025827649282e-04 1.974479685970323417e-04 2.977161076321194460e-03 nan 1.018658144408683339e-03 nan nan
nan nan nan nan nan nan nan nan nan nan 1.600121076789762925e-02 1.104082281123600464e-03 7.123067266572266393e-05 3.152347117699925657e-04 3.554908167199700010e-04 1.072463951741269841e-03 8.499628037447514231e-04 3.152134502745366617e-03 8.596989294424610753e-03 1.229205564343161319e-02 4.300305789081719163e-03 2.268951300868136240e-04 2.892180643538464976e-03 2.526933483254531314e-03 1.764257957729348280e-03 1.234053420748903746e-03 nan nan
nan nan nan nan nan nan nan nan nan nan nan nan 1.252018944656698492e-03 1.163529965196337114e-04 3.646474143355157334e-05 2.254409062590119906e-03 3.113717215615372023e-04 3.435716727077040835e-04 1.290362629143753997e-03 1.182956252974724565e-04 3.607248170789167062e-03 3.534454666161968277e-03 7.205138592435700578e-04 3.838830093791767428e-03 6.223410990523778417e-04 7.069873514400672459e-05 nan nan
nan nan nan nan nan nan nan nan nan nan nan nan nan 9.502746448735695315e-05 1.901033673658866861e-04 1.446975313168671784e-05 9.097889728571113008e-04 1.073018411732318614e-02 2.035492837945240829e-03 3.600462125672538124e-05 5.796769381258297729e-03 1.043303436921313998e-03 1.460510543581354937e-04 9.839110223194909473e-04 5.654837494345529153e-04 4.089023899533757384e-04 nan nan
nan nan nan nan nan nan nan nan nan nan nan nan nan nan nan 2.353414716195550201e-03 9.534451130698732646e-04 7.642206142032650961e-04 1.208238075287962430e-03 4.636482859264240419e-03 4.578413495082421140e-05 1.957556101944584500e-04 5.406458349863445777e-04 1.466439318466449438e-04 1.474941054002250167e-03 7.669819871069248661e-04 nan nan
nan nan nan nan nan nan nan nan nan nan nan nan nan nan nan nan nan 1.206123574840366197e-02 6.864511125342856110e-03 3.500591302329059303e-03 4.502235513308812387e-03 1.680078577294169496e-03 3.408235510958913979e-03 2.491139116633911584e-03 2.269660721001141499e-04 4.891698247266994953e-04 3.189829975830693631e-04 nan
nan nan nan nan nan nan nan nan nan nan nan nan nan nan nan nan nan nan nan nan 3.150144200017041245e-03 nan nan 3.513273791502012720e-03 6.565496541336931410e-07 2.953171688576881182e-05 nan nan
