nan nan nan 1.289748258741872308e-02 1.810122207237673366e-03 nan nan nan nan nan nan nan nan nan nan nan nan nan nan nan nan nan nan nan nan nan nan nan
nan nan nan 6.402486814995573400e-03 5.100714925375496832e-03 1.704602385287670848e-03 1.145233086216705318e-02 nan nan nan nan nan nan nan nan nan nan nan nan nan nan nan nan nan nan nan nan nan
nan nan 8.060110821121025228e-04 3.477413410237779456e-04 8.584689845373845961e-04 7.749851468749780620e-04 3.068968811922471790e-04 1.613848717628690171e-02 nan nan nan nan nan nan nan nan nan nan nan nan nan nan nan nan nan nan nan nan
nan 7.472420621463153091e-03 4.705048655576564258e-03 1.198333037317699315e-02 4.302558657605317152e-03 1.720249398810532533e-04 7.158252732876372150e-04 1.183937992542648948e-02 1.315178244566349471e-02 nan nan nan nan nan nan nan nan nan nan nan nan nan nan nan nan nan nan nan
nan 5.116765234414876080e-03 2.078581739195502036e-03 3.904527995813006358e-03 2.567730475814101066e-03 7.726718005875559195e-03 2.136915424916348283e-03 4.243663657603341521e-03 5.334703202979764608e-03 2.529644166973257433e-02 nan nan nan nan nan nan nan nan nan nan nan nan nan nan nan nan nan nan
1.384837492367364852e-03 9.164073966442673946e-04 1.420122502838697467e-02 1.575443833136890015e-02 1.742324668162509435e-03 1.473362056670378032e-05 1.726836710745593929e-03 3.865290328177280015e-03 1.627018920173378333e-02 nan nan nan nan nan nan nan nan nan nan nan nan nan nan nan nan nan nan nan
4.501572917254672949e-03 3.089390297495242001e-03 9.745997243422023591e-04 1.129233139541818004e-02 2.944577283139054608e-03 2.613953829959449280e-03 3.834417531985154833e-03 1.696109898958693407e-02 1.041938142629185438e-02 nan nan nan nan nan nan nan nan nan nan nan nan nan nan nan nan nan nan nan
6.016253871694250471e-04 3.175827207112108270e-04 7.196514960614620177e-03 6.698360553072426607e-04 7.816895590876434940e-04 9.796017125629788436e-03 2.151047921713431822e-03 1.079571394058026490e-02 7.123897451175945257e-03 nan nan nan nan nan nan nan nan nan nan nan nan nan nan nan nan nan nan nan
nan 1.091010874455252029e-02 3.236247904615022469e-03 7.153336392941577436e-03 5.927505067868862020e-03 4.462257584955192646e-03 1.333157958827026635e-03 1.042504764873835796e-02 1.487689447856757261e-03 2.583680634701692250e-02 nan nan nan nan nan nan nan nan nan nan nan nan nan nan nan nan nan nan
nan 1.197858349710248602e-03 1.046590852181784577e-03 3.439933631663133311e-03 7.779210729014970731e-03 1.359800696266963774e-03 6.497110127479907874e-04 1.044945011394923969e-02 1.506374401692279520e-02 7.673144336063109430e-03 nan nan nan nan nan nan nan nan nan nan nan nan nan nan nan nan nan nan
nan 5.049465151316494434e-03 2.817235597382101474e-05 3.113203960336445933e-04 4.508687263271625114e-05 5.173700820874234732e-03 8.541183752538336268e-03 1.505849175224115025e-04 1.638023342304052244e-03 3.537209521257907857e-03 nan nan nan nan nan nan nan nan nan nan nan nan nan nan nan nan nan nan
nan nan 4.485734236863472362e-06 5.137221334131213558e-04 9.080541525058195406e-04 4.454228775320430894e-05 1.120773961362926847e-02 3.845923073180495741e-03 1.746699692465066673e-04 9.704555837540040919e-03 nan nan nan nan nan nan nan nan nan nan nan nan nan nan nan nan nan nan
nan nan 5.164101826321403381e-04 6.460998200763611162e-04 6.031437378674484788e-05 nan 7.425987916739787593e-03 6.857371328460174550e-04 3.702415887721584309e-03 2.257694085413392698e-02 nan nan nan nan nan nan nan nan nan nan nan nan nan nan nan nan nan nan
nan nan nan nan nan nan 5.304812466476131923e-03 6.485382658260541167e-03 6.530686536796354719e-03 1.470239118400506551e-03 nan nan 9.720756839646455330e-03 nan nan nan nan nan nan nan nan nan nan nan nan nan nan nan
nan nan nan nan nan 3.099810532544514281e-03 5.207265283357477223e-03 3.126674560301771419e-03 6.760660548462525329e-03 1.299648189934902857e-04 nan nan nan nan nan nan nan nan nan nan nan nan nan nan nan nan nan nan
nan nan nan nan nan 3.717838020660993968e-03 1.250179645196485836e-04 4.427730284078536900e-04 1.437097267425097237e-05 5.650268941511295967e-03 1.150555402862550765e-03 nan nan nan nan nan nan nan nan nan nan nan nan nan nan nan nan nan
nan nan nan nan nan 1.858533294617803998e-03 1.238995397937950446e-04 1.381863996530286560e-03 2.209908508637129930e-04 5.468629915052283103e-03 4.648976455276930173e-04 1.033137900254071999e-04 nan 1.211674017868538287e-04 nan nan nan nan nan nan nan nan nan nan nan nan nan nan
nan nan nan nan nan 5.100505585416139579e-04 2.260173495126022313e-05 6.184538893009456370e-04 8.917625408365794374e-06 2.045228719750630873e-06 5.746254428214376403e-03 2.894154646528523597e-02 1.033321038416707771e-03 2.278717133068417758e-04 1.446399822108932756e-04 nan nan nan nan nan nan nan nan nan nan nan nan nan
nan nan nan nan nan 8.088341041032802783e-03 6.935867179417605629e-04 4.704613482721720411e-05 1.598779902561323302e-04 3.051552074254011704e-04 6.050716277156230729e-04 9.764144802106696159e-04 1.411373214402782302e-02 8.198549374514708596e-03 1.247180159540041845e-04 8.910080414869633240e-05 9.823469530617573518e-05 nan nan nan nan nan nan nan nan nan nan nan
nan nan nan nan nan nan 6.457361946009619439e-05 2.143893043553954836e-04 3.282051929213179785e-05 1.497236944385621992e-04 9.829533890847156512e-05 2.014969134267702397e-04 6.366470471457919954e-04 2.889253312538737559e-03 2.377684402618992533e-03 1.196357973878736956e-04 6.326366821166385691e-04 3.009506231860364358e-04 nan nan nan nan nan nan nan nan nan nan
nan nan nan nan nan nan nan 5.429786542995390869e-04 6.770314335161758956e-05 2.750248080390172039e-06 1.530657671309915960e-04 7.078355636998578167e-04 9.608708218846015621e-04 1.298169711575078433e-03 3.785294545046555877e-03 7.457573372590913310e-03 5.741746790061669887e-05 5.416061554450848957e-04 8.248493253360586605e-04 nan nan nan nan nan nan nan nan nan
nan nan nan nan nan nan nan 1.170680821913846505e-05 7.565802740789937366e-04 5.783522353497793462e-04 2.530772914400647791e-04 2.264341167180367596e-04 8.867429166480369227e-04 1.240275383662433522e-03 4.705665483208183904e-03 4.724597177878806821e-03 8.144485342734517769e-03 1.062849357914105904e-02 1.252773029869831429e-03 7.200342232483417267e-04 nan nan nan nan nan nan nan nan
nan nan nan nan nan nan nan nan 7.099743485449735254e-04 1.842253813699245375e-04 6.795237480303659670e-04 3.441035148435194965e-04 3.462959279916439140e-04 1.238138090691187805e-03 2.400397491614184118e-03 3.719223593007264621e-03 9.170172054366720199e-03 1.096718559630592083e-03 6.728683643221779719e-04 2.991078515590367588e-03 5.952088898404654833e-04 nan nan nan nan nan nan nan
nan nan nan nan nan nan nan nan nan 2.472083991992993853e-04 1.185977606900809019e-04 1.476586109050829999e-03 1.280923721230042378e-04 8.827900950217964712e-04 6.844178099075816368e-04 3.064775640189229289e-05 5.322922521270786848e-03 1.008168479995077797e-02 5.712305808706917608e-04 3.217681268182762903e-03 2.095115301695489596e-03 1.473913709252446793e-03 nan nan nan nan nan nan
nan nan nan nan nan nan nan nan nan nan 1.315285270087360268e-03 5.179199708359807659e-04 2.348494998772835828e-04 1.135410698062970600e-03 2.933672941683419734e-04 8.802089784021543788e-05 3.661891575465070904e-04 1.198299050053360307e-02 4.630222601915327287e-03 6.020585733227465028e-03 3.629534639614699111e-03 7.462866587641222758e-05 1.585311234811617471e-03 1.934708515238268978e-03 nan nan nan nan
nan nan nan nan nan nan nan nan nan nan nan nan 1.223735606135371379e-03 6.304888521839434798e-06 2.684646908241038101e-04 1.225957060506692713e-03 1.150711294384007197e-03 1.862554835913290345e-04 6.570981731820762888e-03 1.358253395213879222e-03 2.731402008637063682e-03 2.860996338612399603e-03 1.399137801976990355e-04 1.417329451588766106e-03 1.875349240700265496e-04 3.326949151973935875e-04 nan nan
nan nan nan nan nan nan nan nan nan nan nan nan nan 3.018190325209063694e-04 3.804588154022770256e-05 1.011280883116117812e-03 1.335270213501409586e-04 9.254067984574841296e-03 2.392774978140725227e-04 5.314265547938038783e-04 3.656161823292842540e-03 4.186408757041440356e-04 2.506741185488452119e-03 1.240461902229155421e-04 6.425658945914650318e-04 2.314872932965405118e-04 nan nan
nan nan nan nan nan nan nan nan nan nan nan nan nan nan nan 4.684433804354079869e-03 1.104986319650621152e-03 2.785172591457106203e-03 2.435386899845706841e-04 3.405161275064618083e-03 6.042357534738264672e-04 4.035785960804800371e-03 1.416616296151858995e-03 5.590544298740748581e-05 1.447249127190678841e-03 1.518586273544413837e-03 nan nan
nan nan nan nan nan nan nan nan nan nan nan nan nan nan nan nan nan 2.221866633164748528e-02 1.233152204990180419e-02 1.145753332677768152e-03 1.241023717488812586e-02 4.946819061668211205e-04 4.122612754032727207e-03 4.990358561774873442e-03 1.453675691754792963e-03 7.900511509942537234e-04 5.457044951942824351e-04 nan
nan nan nan nan nan nan nan nan nan nan nan nan nan nan nan nan nan nan nan nan 3.762523152741881899e-03 nan nan 2.711366974983891575e-03 9.683868487125008126e-05 4.677561909708126756e-04 nan nan
