nan nan nan 2.194620169550012476e-03 2.420120126884690685e-03 nan nan nan nan nan nan nan nan nan nan nan nan nan nan nan nan nan nan nan nan nan nan nan
nan nan nan 2.943505964921129450e-03 2.268996178151402605e-03 3.196525108176581382e-03 1.012933276574288534e-02 nan nan nan nan nan nan nan nan nan nan nan nan nan nan nan nan nan nan nan nan nan
nan nan 5.503339767841456103e-04 2.702051181780627462e-03 1.563823423605647297e-03 3.171958426828628760e-03 7.388471664898040893e-04 2.531092039076298511e-02 nan nan nan nan nan nan nan nan nan nan nan nan nan nan nan nan nan nan nan nan
nan 3.587855303728513731e-03 3.659620588049158994e-03 8.082682341919915012e-03 2.510191944028359549e-04 3.524416615821326058e-04 3.844151538356925090e-03 1.224733639162589767e-02 7.057062742429804497e-03 nan nan nan nan nan nan nan nan nan nan nan nan nan nan nan nan nan nan nan
nan 1.674570892714058717e-03 3.222463085291399007e-03 1.533777949598731302e-02 8.073905969998559917e-03 4.305440199754398574e-03 6.563837875982405853e-03 6.516740659971379662e-03 3.925323123377193538e-03 2.064166059205642043e-02 nan nan nan nan nan nan nan nan nan nan nan nan nan nan nan nan nan nan
1.673249041520438046e-02 5.085649094553413088e-03 1.206322951717516898e-02 4.353614928963567103e-03 5.850977249831909761e-03 1.842608627866591103e-03 3.675371466948773244e-03 3.324321433576330961e-03 1.613627921498959200e-02 nan nan nan nan nan nan nan nan nan nan nan nan nan nan nan nan nan nan nan
3.540921522469102529e-03 5.072979771251903518e-03 1.280258071576169843e-04 1.856201801192228478e-03 1.020831853888360882e-02 7.877055296354268377e-03 7.524686178290704297e-03 2.567666040512993353e-02 1.321022367640830100e-02 nan nan nan nan nan nan nan nan nan nan nan nan nan nan nan nan nan nan nan
1.413592014160644636e-03 1.041392891637803533e-02 5.281692978566766838e-03 8.081595612740818599e-03 7.266533987837846612e-03 1.710487269808212566e-03 1.202536083732933490e-03 2.516757827936553366e-02 8.853385712277708677e-04 nan nan nan nan nan nan nan nan nan nan nan nan nan nan nan nan nan nan nan
nan 5.375294377314315288e-04 1.601590229486137299e-03 5.093337149260530015e-03 2.004282604611723820e-02 1.046884436755418819e-03 4.285535598665130529e-03 1.572445286778940965e-02 3.801763518234123687e-03 2.397492729464519717e-02 nan nan nan nan nan nan nan nan nan nan nan nan nan nan nan nan nan nan
nan 2.482813153177404410e-04 3.579446862570102601e-03 3.478308513224278448e-03 1.765541874726490271e-03 3.446410645884603191e-03 8.028879841974090326e-03 5.947651243705063054e-03 1.630303550313116565e-02 1.047186016491947688e-02 nan nan nan nan nan nan nan nan nan nan nan nan nan nan nan nan nan nan
nan 7.386293313335056407e-04 1.282534552574452228e-03 4.379986136868362556e-04 4.099770036546388288e-04 7.318438478094261256e-03 8.879884224566168827e-03 8.392407209294345041e-03 5.349146430112750907e-03 6.679675150345600922e-03 nan nan nan nan nan nan nan nan nan nan nan nan nan nan nan nan nan nan
nan nan 8.030845960637129520e-04 3.521178912802976676e-03 3.332141321542485615e-03 1.568596647483668253e-03 6.772402266686650477e-03 1.554892496321190736e-03 2.277832970098915728e-03 8.514121522904739836e-03 nan nan nan nan nan nan nan nan nan nan nan nan nan nan nan nan nan nan
nan nan 2.184059662864598845e-04 3.493632842403638261e-04 3.464287221403880394e-04 nan 8.152612367154383338e-03 3.658877342746324861e-03 1.767997091388760593e-03 1.618332699248974799e-02 nan nan nan nan nan nan nan nan nan nan nan nan nan nan nan nan nan nan
nan nan nan nan nan nan 3.919452278052096484e-05 2.393351616733368093e-03 3.095119028298291570e-03 3.260949666279580952e-03 nan nan 4.287717475252229740e-04 nan nan nan nan nan nan nan nan nan nan nan nan nan nan nan
nan nan nan nan nan 4.498689828906324815e-03 1.619448555063556210e-03 2.764999943212874314e-03 4.551866333124972817e-03 2.720664610707408497e-03 nan nan nan nan nan nan nan nan nan nan nan nan nan nan nan nan nan nan
nan nan nan nan nan 3.388739809083879742e-03 6.051783697746816303e-04 8.707553818220800573e-06 9.691564755871771050e-05 7.626325483453734282e-03 1.172835339433243640e-04 nan nan nan nan nan nan nan nan nan nan nan nan nan nan nan nan nan
nan nan nan nan nan 1.072720582873888358e-03 2.758927000408281692e-04 6.770924911923266280e-04 1.663676085728905691e-04 1.588491686430562599e-02 1.122940767759643627e-03 5.906590548871937458e-04 nan 1.096174127146823396e-04 nan nan nan nan nan nan nan nan nan nan nan nan nan nan
nan nan nan nan nan 9.812517005693007464e-04 1.342312592140480494e-04 5.942239612742090558e-04 1.143889793338656743e-04 6.172499398319421411e-03 1.274347215227444700e-02 1.867600554139878244e-02 3.667281573744916152e-04 5.500306304479756891e-04 9.550545359732348096e-05 nan nan nan nan nan nan nan nan nan nan nan nan nan
nan nan nan nan nan 7.933422469819963185e-03 2.096412601452834286e-04 2.072519950398947911e-05 7.857455850682506756e-05 7.973797433949746712e-04 8.691976049009501231e-04 9.588963641360763763e-06 1.246434048305201589e-02 7.691064218919818965e-03 9.015691302646539496e-05 1.289068489988878503e-04 nan nan nan nan nan nan nan nan nan nan nan nan
nan nan nan nan nan nan 1.072208712422934046e-04 3.486987417839805818e-04 2.316846271435721132e-04 4.452570196333486944e-05 1.052942367583435832e-06 1.339610921213750441e-03 5.364886532339677898e-04 1.802867892034579547e-03 3.168123943819043872e-03 3.429536833073231123e-04 8.432214111568445830e-04 nan nan nan nan nan nan nan nan nan nan nan
nan nan nan nan nan nan nan 2.242026962410762457e-04 1.348174085933874435e-04 1.324299638371539576e-05 4.566722640262406300e-04 2.228239972285632670e-04 1.017608338263426742e-03 1.744938842810439626e-04 3.870382342667719189e-03 8.823196405800960707e-03 1.651595070582045964e-04 nan nan nan nan nan nan nan nan nan nan nan
nan nan nan nan nan nan nan 3.004489702596373441e-05 9.830310602178313326e-05 3.509819059191485549e-04 5.340012118664355135e-04 7.383856515449396763e-04 2.493886290441579487e-03 9.261437441285306170e-05 4.436640683561954594e-04 8.212343675883242156e-03 1.120303317306642170e-02 1.004522345291778730e-02 8.590210504829529558e-04 nan nan nan nan nan nan nan nan nan
nan nan nan nan nan nan nan nan 6.226717301676925730e-04 5.905978394985216939e-05 7.071415519983059489e-05 1.349324332261409574e-04 1.830257072143878718e-04 2.180599291044640724e-03 6.695831875760672710e-04 1.100942497779650280e-04 1.297965689033097475e-02 7.131715883077810372e-04 8.483348475992435718e-04 3.178940133194067211e-03 nan nan nan nan nan nan nan nan
nan nan nan nan nan nan nan nan nan 8.844498874379051864e-05 4.293469256012599636e-04 4.070205101106460143e-04 1.660324917592192681e-04 8.478406595333626977e-04 1.107904264322740612e-03 3.848997706717689846e-04 4.950981223658707138e-04 1.057265259420317981e-02 3.902574444353650029e-04 3.622144082919242537e-03 1.516993109060030872e-03 nan nan nan nan nan nan nan
nan nan nan nan nan nan nan nan nan nan 5.196029718397389766e-03 3.088155202526438525e-04 1.253540614940424356e-04 1.483357695335644024e-04 7.756512721609049553e-04 2.751220909655310463e-05 5.834310930493507002e-04 3.401107666015355281e-03 5.316804602820274228e-03 1.211245835737375515e-02 3.590734307307909962e-03 5.137039211446576254e-06 nan nan nan nan nan nan
nan nan nan nan nan nan nan nan nan nan nan nan 6.717385645570736821e-04 2.934983632833286388e-05 1.606677215486705288e-04 1.967250274394375092e-03 3.935605057825123168e-03 3.284694746793646782e-04 7.687103306759816151e-03 4.822063672147965455e-05 3.430324690964051387e-03 3.291894315446802430e-03 1.688433985914782141e-03 3.064124424005258522e-03 nan nan nan nan
nan nan nan nan nan nan nan nan nan nan nan nan nan 2.929431783119981324e-04 4.877112007581778158e-04 1.271056910516089183e-03 2.383283415133789226e-05 6.871250301822002041e-03 4.217694221208583699e-03 2.504599601519197014e-03 1.605202742064420996e-03 1.092812125736283444e-03 2.210661350589905626e-04 4.657653473539136819e-04 9.795213616909594252e-04 nan nan nan
nan nan nan nan nan nan nan nan nan nan nan nan nan nan nan 5.826755901469955626e-04 7.325891347745355688e-04 6.319921618997848684e-04 1.453405688207983631e-02 2.279809326421345077e-03 4.438809934781989168e-04 3.252565981166932220e-03 6.012049658132877835e-04 7.533244531758513771e-05 1.957291884937110028e-03 nan nan nan
nan nan nan nan nan nan nan nan nan nan nan nan nan nan nan nan nan 1.939125239463911077e-02 4.346269141633647345e-03 2.318520798076245410e-03 1.679305942845219640e-02 3.666144113697454750e-03 4.174552333965188614e-03 2.798449602043459952e-03 1.231470270375860723e-03 nan nan nan
nan nan nan nan nan nan nan nan nan nan nan nan nan nan nan nan nan nan nan nan 1.552447833073850123e-03 nan nan 4.713889905377225851e-04 nan nan nan nan
