nan nan nan 1.266011067939001259e-03 1.703476342397409245e-03 nan nan nan nan nan nan nan nan nan nan nan nan nan nan nan nan nan nan nan nan nan nan nan
nan nan nan 1.404276369949857949e-03 6.365307890471449026e-05 2.064762169807216399e-03 5.179010766966186258e-03 nan nan nan nan nan nan nan nan nan nan nan nan nan nan nan nan nan nan nan nan nan
nan nan 4.616650707082015255e-03 1.947792541464566816e-03 2.958847693566101812e-03 6.458005292583124998e-04 1.260841677685907078e-04 2.427161354414671818e-02 nan nan nan nan nan nan nan nan nan nan nan nan nan nan nan nan nan nan nan nan
nan 9.961888826766586089e-03 1.373566257868199386e-02 4.598685534403021543e-04 8.956259590761621748e-04 5.618595907147894229e-04 2.313767498441496404e-03 6.082903976274968601e-03 7.561131070048267983e-03 nan nan nan nan nan nan nan nan nan nan nan nan nan nan nan nan nan nan nan
nan 5.079506936189658907e-03 6.105845951361996496e-03 7.341168199574235956e-03 6.168920034349818608e-03 8.373637786091690403e-04 3.325812893919707393e-03 2.663203088761854041e-03 2.067724421359466366e-03 2.459314730802704407e-02 nan nan nan nan nan nan nan nan nan nan nan nan nan nan nan nan nan nan
3.670080050307375497e-02 3.803271635609231909e-03 1.795674415313958713e-03 1.353921048439621529e-02 1.159904441373287758e-03 1.909572807978126901e-03 4.484984518383434071e-05 3.487767622829554548e-03 3.392638166830203028e-02 nan nan nan nan nan nan nan nan nan nan nan nan nan nan nan nan nan nan nan
3.988277410473519899e-04 6.130269189284713593e-03 6.289694282987489532e-03 4.238301365224225845e-04 6.173283114165024552e-03 1.975885789533848164e-03 1.545918046180839826e-03 1.668248252088441047e-02 1.609756666684516654e-02 nan nan nan nan nan nan nan nan nan nan nan nan nan nan nan nan nan nan nan
5.683187782779740467e-03 1.278233832491161397e-02 4.049157239872066411e-02 5.346756147378006752e-03 3.357954657236806011e-04 5.192197237685037409e-03 5.193321738803390085e-04 1.436856581629201643e-02 4.551498644641511354e-03 nan nan nan nan nan nan nan nan nan nan nan nan nan nan nan nan nan nan nan
nan 1.370744531979157903e-03 4.871801869814395246e-03 7.886271293720038128e-03 1.808231057412487729e-03 1.621381420395804187e-03 8.121366355722983710e-03 1.979301481985315525e-02 3.730920219712552822e-03 2.622592140317206444e-02 nan nan nan nan nan nan nan nan nan nan nan nan nan nan nan nan nan nan
nan 7.359634541506849007e-04 1.483922018727902191e-03 5.926360274888845502e-03 2.610816054300507845e-03 7.700261665319527681e-03 2.723716463759002712e-03 4.898932963337652643e-03 1.938979276197650911e-02 8.579385959487866031e-03 nan nan nan nan nan nan nan nan nan nan nan nan nan nan nan nan nan nan
nan 2.515518674376657389e-03 8.971767983713090219e-04 2.994457769323738677e-04 5.774369517876137489e-04 1.199115825262997643e-03 1.592265860139083916e-03 5.811412754405650971e-03 6.108086407430496009e-03 6.350189652693247547e-03 nan nan nan nan nan nan nan nan nan nan nan nan nan nan nan nan nan nan
nan nan 2.894893026657114101e-06 2.722146058982742676e-03 2.093462802230407465e-03 2.792001031968992242e-03 9.444228440808926511e-03 4.834359770792179961e-03 1.734252903777753086e-03 7.950950728986761612e-03 nan nan nan nan nan nan nan nan nan nan nan nan nan nan nan nan nan nan
nan nan 1.199086899792047706e-04 2.111455384641656833e-04 4.737909116412199542e-05 nan 7.362892182210363989e-04 7.196117371196466715e-04 3.796828988351105306e-03 1.816631282636419278e-02 nan nan nan nan nan nan nan nan nan nan nan nan nan nan nan nan nan nan
nan nan nan nan nan nan 2.464581518623680870e-03 5.854764320959436261e-03 8.716674739927536553e-03 2.156475921115791426e-03 nan nan 2.148514548860396432e-05 nan nan nan nan nan nan nan nan nan nan nan nan nan nan nan
nan nan nan nan nan 2.963734585659081114e-03 6.591320998032028020e-03 2.298679120316774425e-03 1.597678128299789358e-03 3.039242047762277799e-03 nan nan nan nan nan nan nan nan nan nan nan nan nan nan nan nan nan nan
nan nan nan nan nan 5.335439603209582091e-03 4.925817091326974810e-06 7.206426743496495424e-05 4.610626404738092806e-04 8.260174238723798010e-03 3.503945325218111185e-04 nan nan nan nan nan nan nan nan nan nan nan nan nan nan nan nan nan
nan nan nan nan nan 2.075022135069049412e-03 3.097098730758081819e-04 1.870956336018404081e-03 1.769812267284556089e-04 1.148104299862733220e-02 7.425114124572684869e-04 7.768675175920634890e-04 nan 3.791079742744954450e-04 nan nan nan nan nan nan nan nan nan nan nan nan nan nan
nan nan nan nan nan 2.878496959766471946e-03 2.175607183212031892e-04 4.749146008009863269e-04 1.856333391526389322e-04 2.579586201270955229e-03 1.371480583929898106e-02 2.178721782285067410e-02 1.612939316962779782e-04 4.002791547791153810e-04 2.017395216213653108e-04 nan nan nan nan nan nan nan nan nan nan nan nan nan
nan nan nan nan nan 1.761150927826853063e-02 7.178072493678939493e-04 3.348765487198389996e-04 1.589887085191494612e-05 3.981315442972917814e-04 2.634857634929586769e-04 9.407587074567605261e-05 1.704984016427167626e-02 6.624464371682332528e-03 2.130532784350303976e-04 6.261805309068118653e-05 nan nan nan nan nan nan nan nan nan nan nan nan
nan nan nan nan nan nan 1.066958732846314795e-06 1.265990553201399877e-04 1.560072887179674744e-04 5.521765224880754628e-05 1.444841631004834578e-05 2.460425680310880138e-04 1.368434023110995726e-03 2.832257976861751562e-03 3.127210432863763989e-03 3.655573509946100281e-04 4.957086300633545490e-04 nan nan nan nan nan nan nan nan nan nan nan
nan nan nan nan nan nan nan 3.504559256215474049e-05 2.267077226807628443e-04 1.682881458876050144e-05 4.553821175705534971e-04 7.074702550697226956e-04 4.209451310365567027e-04 1.502178540250986751e-04 3.969217101840240812e-03 7.732651543529366588e-03 1.812099879958935320e-04 5.882773608866529239e-04 nan nan nan nan nan nan nan nan nan nan
nan nan nan nan nan nan nan 3.268305896244530083e-04 6.335208362191999899e-06 7.111158694125739544e-04 4.532426825753241382e-04 5.035864260598047322e-05 1.016916234370124524e-03 2.806030409511542346e-04 6.710143194144260574e-04 7.904770707988825751e-03 1.014563745003306365e-02 9.081363502831318532e-03 nan nan nan nan nan nan nan nan nan nan
nan nan nan nan nan nan nan nan 1.078968716523507655e-03 2.959865944624386199e-04 1.895200223031905053e-04 1.497136335328113298e-04 2.789442112517875384e-04 4.850187845773133656e-04 6.561898313874269494e-04 3.599848012175219493e-04 1.278682940828075251e-02 9.894864948904124290e-04 5.237649575237597393e-04 1.151246158010981553e-03 nan nan nan nan nan nan nan nan
nan nan nan nan nan nan nan nan nan 6.201672857126817309e-04 4.573652451321464025e-04 5.205070733583923000e-04 4.458771834399026724e-06 3.221518458359201435e-04 3.765896413203866436e-04 5.361847139169449852e-06 2.345032324339927678e-03 1.568817165067958042e-02 2.986661382884223830e-04 2.956456377437011434e-03 2.481466801287056118e-03 nan nan nan nan nan nan nan
nan nan nan nan nan nan nan nan nan nan 7.643747878729420823e-05 8.962592354085397741e-05 2.455876376151929765e-04 1.753844911385611899e-04 2.300947708314069091e-03 5.711491896478684436e-04 5.375155646184096633e-04 3.702590770392704452e-03 7.822738849176360393e-03 1.520872338804796914e-02 5.018699237465648437e-03 1.849020731379523723e-04 9.588929385077601475e-04 nan nan nan nan nan
nan nan nan nan nan nan nan nan nan nan nan nan 3.059671312248698712e-04 2.013393392867246696e-04 7.513825363785377328e-05 6.167581678731903034e-04 5.514153575524083405e-04 4.828927423341061427e-04 3.526046416120223693e-04 2.815004241229735697e-04 5.270290828549881873e-03 2.252782892782231872e-03 2.678993147968185945e-04 2.842435677560460790e-03 nan nan nan nan
nan nan nan nan nan nan nan nan nan nan nan nan nan 5.053875457770712467e-05 5.762394554141221172e-06 6.431368914344314696e-04 3.815464688768384740e-04 2.606117635421163412e-03 8.321227550251580896e-03 8.594228221366347433e-05 7.875217963596234383e-03 1.261487837479464622e-03 1.833361307089708900e-04 4.798110445912345855e-04 1.011929800807181154e-03 nan nan nan
nan nan nan nan nan nan nan nan nan nan nan nan nan nan nan 3.608588527366935524e-03 1.681024483637751684e-04 7.649797369837896916e-04 2.729749234989510228e-04 4.488707474356258900e-03 9.975382888965608243e-04 1.116819020440860261e-02 9.385026843318690793e-04 9.944729435968227094e-05 2.010290343211548238e-03 nan nan nan
nan nan nan nan nan nan nan nan nan nan nan nan nan nan nan nan nan 5.933894087997332832e-03 4.437780689333165746e-03 1.809272555021551945e-02 5.902962907675724825e-03 2.002329378054891929e-04 2.675702990865855800e-03 3.000099246653071226e-03 1.091519037051246182e-03 nan nan nan
nan nan nan nan nan nan nan nan nan nan nan nan nan nan nan nan nan nan nan nan 2.467083305015424933e-03 nan nan 4.834368800256520792e-04 3.768875819477788235e-04 nan nan nan
