nan nan nan 5.662753305422004715e-04 1.644449698198601666e-03 nan nan nan nan nan nan nan nan nan nan nan nan nan nan nan nan nan nan nan nan nan nan nan
nan nan nan 1.136888249068276815e-03 2.603344541530077131e-04 7.531727157285419277e-03 1.223160282590476065e-02 nan nan nan nan nan nan nan nan nan nan nan nan nan nan nan nan nan nan nan nan nan
nan nan 1.561553491410005382e-03 7.938539608827935648e-03 5.039806938363777279e-03 1.168392928206200354e-03 1.554785556296624151e-03 2.171041141372316574e-02 nan nan nan nan nan nan nan nan nan nan nan nan nan nan nan nan nan nan nan nan
nan 8.208914956326454106e-04 5.361340508646869878e-04 2.791603420355874381e-03 2.132285430098374707e-03 5.108836430881858468e-04 2.107650127466567658e-03 1.506798787905139041e-02 6.427108339773016966e-03 nan nan nan nan nan nan nan nan nan nan nan nan nan nan nan nan nan nan nan
nan 6.002725707344294670e-03 8.592922489237250772e-03 2.996064638904603374e-03 1.264719204155745564e-03 2.251624148933418362e-03 3.994888430122192462e-03 7.577963425222147484e-03 3.917269075717131482e-03 2.684642588845917444e-02 nan nan nan nan nan nan nan nan nan nan nan nan nan nan nan nan nan nan
8.256648056894192594e-03 1.894018281332955763e-03 1.090334975606028134e-03 1.367909489834526204e-02 6.463681586859207698e-03 4.448681167737354399e-04 5.814746804090929018e-04 1.144913682613358380e-02 2.179876321164768774e-02 nan nan nan nan nan nan nan nan nan nan nan nan nan nan nan nan nan nan nan
1.910804941208003567e-03 6.158741705852262618e-03 2.998980850041826907e-02 6.745681423334616393e-03 1.128745879932911873e-02 1.200715290551357048e-02 4.368873314575165076e-03 4.059260774140750760e-02 1.143701302495586485e-02 nan nan nan nan nan nan nan nan nan nan nan nan nan nan nan nan nan nan nan
1.079103782025795993e-03 1.893482816859944420e-02 4.118803661059577612e-03 1.160620943583844534e-03 7.392220082774068543e-04 2.048480175361589274e-04 6.018823273966748127e-03 3.323698093378073953e-02 5.541507486440470573e-03 nan nan nan nan nan nan nan nan nan nan nan nan nan nan nan nan nan nan nan
nan 3.554924833948381810e-03 2.834385063261752203e-03 1.400750165285109903e-03 9.303727296216418932e-03 8.414787493605995015e-04 8.733348380467749472e-03 2.136490894842033722e-02 6.194815275228819987e-04 2.910662139667904991e-02 nan nan nan nan nan nan nan nan nan nan nan nan nan nan nan nan nan nan
nan 7.157755998292168785e-04 2.231920471236898545e-03 1.762158741904337658e-03 4.451804626889569079e-03 9.888746619790080711e-03 1.166655516458185412e-03 4.358647523280348955e-03 1.081872751292631100e-02 7.200467246297402937e-03 nan nan nan nan nan nan nan nan nan nan nan nan nan nan nan nan nan nan
nan 6.453959230782945703e-04 4.261944845073930470e-04 6.431782995151182200e-04 2.479041613054403220e-04 2.299710751307052165e-04 1.167220350533349285e-02 8.797287657780792497e-03 2.723729601487564003e-03 3.936411049606354517e-03 nan nan nan nan nan nan nan nan nan nan nan nan nan nan nan nan nan nan
nan nan 2.153038448231847928e-04 2.678265433417619922e-03 2.631266042890025459e-03 3.911658394479776250e-03 3.416313677807081110e-03 8.390487652277905375e-04 2.920052982448096204e-03 7.129008868063195156e-03 nan nan nan nan nan nan nan nan nan nan nan nan nan nan nan nan nan nan
nan nan 1.988109698370600013e-04 1.876503285743779184e-04 1.106640039071584607e-03 nan 1.965740337702735242e-03 1.385488288807258748e-03 6.103821658505563172e-03 1.222706537699744939e-02 nan nan nan nan nan nan nan nan nan nan nan nan nan nan nan nan nan nan
nan nan nan nan nan nan 1.117651453236226649e-03 2.719849153333022372e-03 1.775192316894578376e-02 5.123059354741370947e-03 nan nan 1.183457496324777543e-02 nan nan nan nan nan nan nan nan nan nan nan nan nan nan nan
nan nan nan nan nan 7.537347857837118845e-03 1.690397432305568680e-03 6.829530896784984919e-04 2.829637971053068548e-03 1.634592330064506575e-03 nan nan nan nan nan nan nan nan nan nan nan nan nan nan nan nan nan nan
nan nan nan nan nan 3.688378218095260570e-03 5.041992701704810275e-04 1.287639399217633054e-03 3.071718718787640277e-05 5.658109301950875469e-03 5.857121146307917893e-04 nan nan nan nan nan nan nan nan nan nan nan nan nan nan nan nan nan
nan nan nan nan nan 6.742964029979058894e-04 4.130605606273017767e-04 5.341664457471498925e-04 2.552922036060054360e-04 6.076941262447491457e-03 7.043855977634965512e-04 8.824251945846506610e-05 nan 2.072531228040416372e-04 nan nan nan nan nan nan nan nan nan nan nan nan nan nan
nan nan nan nan nan 2.649034819673426445e-04 1.628975517018820234e-04 7.828118581613004948e-04 2.791031024441517953e-04 2.693899495526061623e-03 5.075740858853258070e-03 1.660984082183151328e-02 1.027759730264128245e-04 4.483714291124923186e-04 1.210057037693876400e-04 nan nan nan nan nan nan nan nan nan nan nan nan nan
nan nan nan nan nan 4.482579277136655195e-03 8.629963605395879738e-04 7.496037072676752248e-05 5.024544453068076339e-05 3.887944436733200117e-04 9.682870516545402043e-04 4.128451140478507620e-04 1.531473309274834771e-02 7.132118868903155814e-03 5.576302374678883156e-05 1.856135002089963817e-05 1.466072631077618832e-04 nan nan nan nan nan nan nan nan nan nan nan
nan nan nan nan nan nan 2.269042499802079624e-05 1.604849781460352418e-04 3.539939681501614639e-05 1.066967430011150092e-05 8.068740311051136968e-05 5.329833610364647246e-04 2.264485470896004157e-03 1.365597966693909895e-03 3.520389652287765105e-03 1.728364375908160097e-04 9.828729121946512808e-04 6.789953184019836526e-04 nan nan nan nan nan nan nan nan nan nan
nan nan nan nan nan nan nan 1.061282309873474110e-04 8.564974946234768429e-05 6.533490222135991329e-05 3.220020476377264979e-04 1.090053541203392547e-03 1.814314804686799213e-03 3.143627132370828756e-05 2.447430121343836893e-03 7.933189255612642377e-03 3.272921068193353558e-04 6.021802463965084595e-04 7.212363692388483634e-04 nan nan nan nan nan nan nan nan nan
nan nan nan nan nan nan nan 1.063292037281987851e-04 2.694704860979821857e-04 2.402505572654029973e-04 3.794785505872962832e-04 5.667038518741668003e-04 3.630060741398516422e-03 9.402517480605259792e-04 1.162382490797486418e-03 6.735034388014910119e-03 1.107235000814357426e-02 1.119962582395290368e-02 8.733056106325427954e-04 1.011269425153636144e-04 2.051783700476753427e-04 1.857571651889281406e-03 nan nan nan nan nan nan
nan nan nan nan nan nan nan nan 9.257023951444255704e-04 3.072667367547105492e-06 1.186852585918350580e-04 1.044990664229803601e-04 1.398247031725117356e-04 4.873364289920969431e-04 1.583893863245636278e-03 3.459863750295906113e-04 9.305049173000040641e-03 8.751177713545815707e-04 7.846500300212789917e-04 3.596176200110676700e-03 8.515722633071582878e-04 6.724068286270405313e-04 6.037288380080117013e-05 1.787045140573208582e-03 nan nan nan nan
nan nan nan nan nan nan nan nan nan 2.376181488314834962e-03 6.564529301004775295e-03 3.382271002071653458e-04 2.113763763963126270e-04 8.588420936207523870e-04 7.840539266024950868e-04 1.515200264840640704e-03 2.382713657438668454e-03 1.369535875771104791e-02 3.043608455937306628e-04 3.358395408111915920e-03 2.333487446444376234e-03 9.829632887751451817e-04 1.110702159030745474e-03 2.054016649662657526e-03 nan 4.082891167664147816e-04 nan nan
nan nan nan nan nan nan nan nan nan nan 1.236924414896578821e-03 3.462480400180353358e-04 4.856023556328807256e-06 1.352568677399857626e-04 1.186995950814635293e-03 3.506883743222137615e-03 3.447176774498895068e-04 2.654080823832127151e-03 6.904989963501420407e-03 1.284682521554985843e-02 2.877352694388378516e-03 5.541917744717607234e-05 7.129188184761923053e-04 1.304284388570800708e-03 3.552925038695902999e-03 4.554899762169297567e-03 nan nan
nan nan nan nan nan nan nan nan nan nan nan nan 5.086481974280216301e-04 2.959267421112862128e-05 1.527311021190273237e-05 6.827545306285086237e-04 2.519387057329653280e-03 5.401877378113108773e-04 4.459010666240376250e-04 4.760832745397738756e-03 4.444690410918435836e-03 4.208548899986605529e-03 1.426096457715573087e-03 1.554096920304939063e-03 4.892516489711359537e-04 2.616438923550197808e-04 nan nan
nan nan nan nan nan nan nan nan nan nan nan nan nan 3.429614904154383462e-05 3.609914587104181877e-04 3.073694421848825048e-04 3.022152583208243589e-04 4.218671327840531858e-03 7.013775690976282139e-03 3.414246924351442732e-04 7.652530259426283676e-03 4.833330631745560968e-04 3.665519329548444093e-04 4.909454215418463611e-04 1.051165452239403216e-03 6.741050276124102266e-04 nan nan
nan nan nan nan nan nan nan nan nan nan nan nan nan nan nan 1.872273594177609711e-03 1.113751203894711075e-03 7.110698157341382476e-03 5.618779601285675942e-04 1.398503173993747954e-03 1.895749721391036492e-03 8.258728452316737786e-04 5.227146226383886252e-04 4.351555412006006412e-05 2.056383017095026952e-03 nan nan nan
nan nan nan nan nan nan nan nan nan nan nan nan nan nan nan nan nan 1.999458083865252728e-02 1.085059941213922623e-02 7.590208181529684711e-03 3.058615640201150544e-03 5.848837484636973741e-03 1.357770281846385754e-03 3.862511031055685263e-03 1.162178117049780931e-03 nan nan nan
nan nan nan nan nan nan nan nan nan nan nan nan nan nan nan nan nan nan nan nan 2.382988022597521023e-03 nan nan 1.428029016801565278e-03 7.906478683161562355e-05 nan nan nan
