nan nan nan 4.042033326525713149e-03 3.538522066843173899e-03 nan nan nan nan nan nan nan nan nan nan nan nan nan nan nan nan nan nan nan nan nan nan nan
nan nan nan 3.058058667846454137e-03 3.675277105909511319e-04 2.685464888229028343e-03 1.260228470918360252e-02 nan nan nan nan nan nan nan nan nan nan nan nan nan nan nan nan nan nan nan nan nan
nan nan 2.596847891027766978e-03 2.750862587451663888e-03 7.226724935122112899e-04 3.393148993646541260e-03 1.592116490645192417e-03 2.037724351450798110e-02 nan nan nan nan nan nan nan nan nan nan nan nan nan nan nan nan nan nan nan nan
nan 1.076983194931612972e-02 1.585017509865335912e-03 4.691729035261056613e-03 7.279600098730954405e-04 1.510384848452327742e-03 1.451746284797986479e-03 1.032437718751976798e-02 1.241771220020047167e-02 nan nan nan nan nan nan nan nan nan nan nan nan nan nan nan nan nan nan nan
nan 3.249608869328063712e-03 4.913350509230491681e-04 8.179662359161215396e-04 2.040921635658912714e-02 2.682575993661296884e-03 1.362184266574988870e-03 5.157184798953033493e-03 3.502861376889431031e-03 3.406302016347528827e-02 nan nan nan nan nan nan nan nan nan nan nan nan nan nan nan nan nan nan
1.152513248294703783e-03 4.163378050529368581e-03 9.630334350989366637e-04 7.858787432746091456e-03 5.797391641706070922e-03 2.258239827305587744e-03 6.765140965309645584e-04 8.099427908389382133e-03 1.828362793547133949e-02 nan nan nan nan nan nan nan nan nan nan nan nan nan nan nan nan nan nan nan
6.217544620055482849e-03 8.707719802711473512e-04 8.410847146040919750e-03 5.765051193666185722e-03 4.137709723501304705e-03 7.160304098456966686e-03 8.555415243929702634e-04 1.709650127320376869e-02 1.405255808347753189e-02 nan nan nan nan nan nan nan nan nan nan nan nan nan nan nan nan nan nan nan
1.462838546312014015e-03 6.980057241048766466e-03 6.160329679761700032e-03 1.075349093794489112e-02 9.687839840969427949e-03 3.338392816978888109e-03 3.557704827597318441e-03 2.605533814673306400e-02 2.220218901995083590e-03 nan nan nan nan nan nan nan nan nan nan nan nan nan nan nan nan nan nan nan
nan 5.614409084749347190e-03 2.706077370733304607e-03 1.130140034785886288e-02 1.246895043037185569e-02 2.720440717435868277e-03 6.772202125934858631e-04 1.920403319553503838e-02 2.180247229503612903e-03 2.416620003164954983e-02 nan nan nan nan nan nan nan nan nan nan nan nan nan nan nan nan nan nan
nan 5.400669184687546809e-04 6.487287877528111158e-04 1.211112025420670859e-03 3.609504726279235028e-03 3.751318319553047340e-04 1.852358509398204737e-03 9.256559845462008704e-03 3.390049083522749061e-03 5.626886700144681161e-03 nan nan nan nan nan nan nan nan nan nan nan nan nan nan nan nan nan nan
nan 2.558242662899976733e-03 2.259983658676065969e-04 3.417360947775181725e-04 9.923800863578743654e-04 1.300230437505918793e-04 2.065267946639433045e-03 8.600361209165849081e-04 1.015577508529960909e-03 7.461717438495797487e-03 nan nan nan nan nan nan nan nan nan nan nan nan nan nan nan nan nan nan
nan nan 2.838550719216048060e-04 4.704045392103353490e-04 8.253720497308625467e-04 2.576222673059986625e-03 4.481810692871857245e-03 4.536215813718594801e-03 1.491129324279601327e-03 6.321897455298172361e-03 nan nan nan nan nan nan nan nan nan nan nan nan nan nan nan nan nan nan
nan nan 5.141209003970231796e-04 2.537270050878288885e-03 8.131654195959902480e-04 nan 2.029690178386307688e-03 2.977111407078406307e-03 5.470350596766115382e-03 2.014655133836490419e-02 nan nan nan nan nan nan nan nan nan nan nan nan nan nan nan nan nan nan
nan nan nan nan nan nan 4.896534416007440431e-03 3.175575688520028243e-03 3.131420098306050143e-03 3.840370833194088444e-03 nan nan 8.381972063464906628e-03 nan nan nan nan nan nan nan nan nan nan nan nan nan nan nan
nan nan nan nan nan 7.277428114120497622e-03 4.219119977946050870e-03 9.542530597476030912e-04 2.868874570950071066e-03 3.463221826786050481e-03 nan nan nan nan nan nan nan nan nan nan nan nan nan nan nan nan nan nan
nan nan nan nan nan 2.953244370872155303e-03 1.529271235972533630e-03 3.809830396052094601e-04 2.250378680049348358e-04 9.743138925773140585e-03 9.363786648793108675e-04 nan nan nan nan nan nan nan nan nan nan nan nan nan nan nan nan nan
nan nan nan nan nan 2.330026261368409787e-03 3.200986985999609499e-03 5.892287918243463429e-04 1.798006961875410264e-04 1.489589976424724078e-02 1.510356818752402923e-04 8.137836319342757387e-04 nan 2.499737911761007220e-04 nan nan nan nan nan nan nan nan nan nan nan nan nan nan
nan nan nan nan nan 4.050707905457790955e-03 4.548137335239176970e-04 1.711949366121478990e-03 5.202535734511489060e-04 8.198215043294766009e-04 1.532570190968663912e-02 2.949096893432964772e-02 4.139181083537048911e-05 2.031522853589645488e-04 6.008692742616401688e-04 nan nan nan nan nan nan nan nan nan nan nan nan nan
nan nan nan nan nan 2.695337724311516747e-02 2.850985395714022638e-03 4.948867601836577125e-04 8.188236969678131243e-05 1.105885965167773043e-04 1.255435658107942548e-04 8.798237422457102163e-05 2.242603076272402934e-02 3.759186917185562173e-03 1.009495099345042890e-04 1.459858703241412119e-04 1.068932555200081551e-04 nan nan nan nan nan nan nan nan nan nan nan
nan nan nan nan nan nan 4.299736096041440581e-05 1.385735365028211623e-04 3.804657030128215378e-04 9.792388843381921986e-04 2.901395379315609710e-04 4.176666739343708429e-04 1.237203860786672280e-03 4.955723489639678181e-03 1.724903020159325668e-03 2.330476434860602334e-04 3.949001437190164006e-04 2.534113380027188485e-04 nan nan nan nan nan nan nan nan nan nan
nan nan nan nan nan nan nan 1.336719013392839728e-04 3.502518946922098496e-04 5.235843055522080539e-05 2.671220001726313945e-04 4.196699967286945444e-04 2.759688720571613712e-04 6.384019739412626288e-04 6.065183048326963991e-03 2.602448502410708350e-03 5.339862304693060945e-05 7.942488401929766097e-04 1.003480064904020480e-03 nan nan nan nan nan nan nan nan nan
nan nan nan nan nan nan nan 3.595828520000603473e-04 7.446113163938722053e-04 2.244090070643671160e-04 5.139982730144097931e-04 1.088579488188751035e-03 2.018096113445670865e-03 6.291530098563229232e-04 9.828410956958409314e-03 1.144306138785416288e-02 6.819581981405217416e-03 1.030628706962447017e-02 7.234396538506262945e-04 7.568384266851491474e-04 5.172521521210657986e-04 nan nan nan nan nan nan nan
nan nan nan nan nan nan nan nan 3.156652615751261853e-03 1.692943774056480943e-03 5.309005204959689733e-04 9.773696949609037791e-04 5.167735913700875500e-04 1.215924841797257723e-03 5.309696558908080875e-04 3.236650417868563740e-03 7.354629881176355521e-03 9.408512251499918932e-04 1.193449644022334449e-03 3.436369713979481322e-03 1.061403900819696006e-03 5.172146787595267728e-04 nan nan nan nan nan nan
nan nan nan nan nan nan nan nan nan 1.860901039433610277e-04 5.552134822029812511e-04 7.395689679999019328e-04 9.589985873040713380e-05 4.316178048232020316e-04 1.127946505306649284e-03 2.367665616720155276e-04 7.580458043480116197e-03 7.154268444094063692e-03 6.459188107086917931e-04 3.312838150761163343e-03 3.123533171195382041e-03 2.018291472220483385e-03 1.123672854592948746e-03 1.274520296560149825e-03 nan nan nan nan
nan nan nan nan nan nan nan nan nan nan 1.463942150596949277e-04 4.124117291570734848e-04 1.936882466354938946e-04 4.535417006751728437e-04 1.782578303571352892e-04 6.081544466375010368e-04 1.956829903275842894e-04 9.523129168925004162e-03 4.868127959091268948e-03 9.231962048747731353e-03 2.183471452045012296e-03 1.716281519124011602e-05 1.921301017208972570e-03 1.283987115343776303e-03 2.123860886556775351e-04 1.257250232532836911e-04 nan nan
nan nan nan nan nan nan nan nan nan nan nan nan 1.849223267480502256e-03 1.129193745039885107e-04 2.444239592029043276e-05 3.887114632318484681e-04 6.906673407524184212e-05 2.898034472150189336e-05 7.749645916620962610e-03 1.069135786302408088e-03 9.057137745749028329e-03 7.700720478835417805e-03 1.614664700636517149e-04 3.743849507009217536e-04 2.869933066084965484e-04 2.785196963160948115e-04 nan nan
nan nan nan nan nan nan nan nan nan nan nan nan nan 2.162324263282017851e-04 7.915266227944831642e-04 1.346599891617959125e-03 8.097841455435572384e-05 1.963138660902265763e-03 1.648823026718398760e-03 1.598161521608915689e-04 2.118216370054316205e-02 3.478234861919254472e-03 2.705139531433079468e-03 1.481749335403343424e-03 8.559589223217798021e-04 3.568004616822098769e-04 nan nan
nan nan nan nan nan nan nan nan nan nan nan nan nan nan nan 3.066184555394924505e-04 2.654179474688104362e-03 4.558569772080410835e-04 2.855772567002529475e-03 1.684995568132098770e-03 2.713917815594833142e-03 1.587218705968225160e-02 1.553271446623599727e-02 8.912215587128223884e-03 2.791624857062067946e-03 1.787604918541174258e-03 nan nan
nan nan nan nan nan nan nan nan nan nan nan nan nan nan nan nan nan 1.286322791545839103e-02 4.899558607915016975e-03 1.171261029799271214e-02 1.506913046658516810e-02 1.814225647907990319e-03 3.946812667083130985e-03 1.439851436940063796e-02 7.252423633008881453e-04 2.289881864377236141e-03 6.192805134114413379e-04 nan
nan nan nan nan nan nan nan nan nan nan nan nan nan nan nan nan nan nan nan nan 5.744405036616696174e-04 nan nan 2.184126764199108284e-03 8.360741805298157678e-03 1.526332201291309395e-03 nan nan
