nan nan nan 7.315126417267692974e-04 3.440142440065178616e-04 nan nan nan nan nan nan nan nan nan nan nan nan nan nan nan nan nan nan nan nan nan nan nan
nan nan nan 1.463886709560692934e-03 1.216748105186644686e-03 6.903947732697451878e-03 1.566345456234925076e-02 nan nan nan nan nan nan nan nan nan nan nan nan nan nan nan nan nan nan nan nan nan
nan nan 1.152647642378339457e-02 2.248978004469348341e-04 6.775047969780780390e-04 1.772854577722273806e-03 4.532600954642828674e-03 3.514248093605877588e-02 nan nan nan nan nan nan nan nan nan nan nan nan nan nan nan nan nan nan nan nan
nan 1.855040824354219423e-02 5.633090860999628901e-04 1.026345242328728646e-02 3.805016869594830538e-04 9.064154557761590434e-04 8.883020165336893634e-03 9.843589399011698493e-03 3.343346211533367029e-02 nan nan nan nan nan nan nan nan nan nan nan nan nan nan nan nan nan nan nan
nan 2.756567617156986325e-02 5.769914243654219316e-03 3.352119492314032615e-03 1.770164692114100909e-03 2.603922820457770133e-03 5.801794198994442327e-03 7.992979571909799782e-03 1.092803083962337433e-02 2.942129249764393467e-02 nan nan nan nan nan nan nan nan nan nan nan nan nan nan nan nan nan nan
2.815455864973510046e-03 1.080543797627110496e-02 8.902535708985983903e-04 2.968249396113651142e-02 7.175697329086831548e-03 9.958769272718325915e-04 2.908897984010573243e-03 6.557726638474244661e-03 2.926389797485566893e-02 nan nan nan nan nan nan nan nan nan nan nan nan nan nan nan nan nan nan nan
7.333620272474886516e-04 8.205546101037635917e-03 3.035002916271520648e-03 4.811631009450283679e-03 1.027645968241096795e-02 9.092826940425242921e-03 4.952314693525225291e-03 3.525569166893761930e-02 1.925279796235250876e-02 nan nan nan nan nan nan nan nan nan nan nan nan nan nan nan nan nan nan nan
3.241865640312195326e-04 6.014716041452862656e-03 9.266451182603269512e-03 1.417000198920568459e-03 5.474553287062452860e-03 2.140179210649639958e-03 2.987388953128397931e-03 3.914624053685492044e-02 3.721328589929968466e-03 nan nan nan nan nan nan nan nan nan nan nan nan nan nan nan nan nan nan nan
nan 8.124846254765492794e-04 7.385893567701428330e-04 1.958404383752498923e-02 2.847239365494401344e-03 7.651855036258491810e-03 1.475536935927197930e-02 1.522343028784468172e-02 2.144416832411651444e-03 1.340749323979789458e-02 nan nan nan nan nan nan nan nan nan nan nan nan nan nan nan nan nan nan
nan 4.184252761516138843e-04 9.585201158814767551e-04 2.210420153405777931e-03 9.946774373341496847e-03 4.849576563419599577e-03 2.150988308865730246e-03 8.445516604053926804e-03 1.886595952860393305e-02 6.324688419194887321e-03 nan nan nan nan nan nan nan nan nan nan nan nan nan nan nan nan nan nan
nan 6.414658249558688333e-04 8.703725511289442471e-04 1.395020295358542382e-03 4.348126595246415752e-04 9.230677093126004804e-03 5.206327392529442287e-03 1.107316988526908016e-03 4.576247372652170707e-03 1.645019049163903803e-03 nan nan nan nan nan nan nan nan nan nan nan nan nan nan nan nan nan nan
nan nan 9.074310564920442168e-04 4.192662764565381270e-03 5.445719572107556548e-03 1.096756248945093652e-03 3.890239445351184513e-03 1.554747346430230409e-02 1.128556294347500761e-03 5.537880808979783569e-03 nan nan nan nan nan nan nan nan nan nan nan nan nan nan nan nan nan nan
nan nan 6.910232452027494088e-04 5.114497213220006938e-04 8.699758394634570175e-04 nan 1.542789712103890751e-03 1.618550140302173917e-04 1.539747866340089241e-02 1.977518967287789087e-02 nan nan nan nan nan nan nan nan nan nan nan nan nan nan nan nan nan nan
nan nan nan nan nan nan 9.914374961760216709e-04 9.485482090181195786e-03 3.340531042310463609e-03 4.328956519054807071e-03 nan nan 1.489749158878171491e-02 nan nan nan nan nan nan nan nan nan nan nan nan nan nan nan
nan nan nan nan nan 2.222652555187297485e-03 4.191147513349398682e-03 3.724493825541009412e-03 1.439713817592048334e-02 4.199697718411671689e-04 nan nan nan nan nan nan nan nan nan nan nan nan nan nan nan nan nan nan
nan nan nan nan nan 4.735148194937661287e-03 4.652554787753076246e-04 3.252875290006203854e-04 1.974908849119301786e-05 1.178394123173011517e-02 5.249768495579056234e-03 nan nan nan nan nan nan nan nan nan nan nan nan nan nan nan nan nan
nan nan nan nan nan 2.785016738431489100e-03 6.448424340017561542e-04 2.732116758819173007e-03 1.453137002201273197e-03 1.425308053412722466e-02 5.582291624802287458e-04 1.869024645021501163e-04 nan 2.674974997702241780e-04 nan nan nan nan nan nan nan nan nan nan nan nan nan nan
nan nan nan nan nan 2.105534627706804555e-03 1.005051584141555056e-04 1.213078488824154795e-03 2.419858167753070920e-04 5.236010138090856601e-04 1.217658131185353487e-02 2.501045374745283767e-02 4.114395267349874844e-04 7.103466938275678193e-04 1.291006655040653425e-04 nan nan nan nan nan nan nan nan nan nan nan nan nan
nan nan nan nan nan 1.924506446485928918e-02 1.787227393619669150e-03 1.217305072793705865e-03 2.574490190790991754e-04 6.705484149423992114e-04 1.600405393316044612e-04 1.882492178088143123e-04 2.102966622314081380e-02 6.287821869877298527e-03 2.624457002592187060e-04 3.909634263769344549e-05 4.958290235362543518e-06 nan nan nan nan nan nan nan nan nan nan nan
nan nan nan nan nan nan 2.365757677186902869e-04 1.859642051966722050e-04 1.986939363272360718e-04 1.103167898346791518e-04 3.497206319411435985e-05 2.319109479107022093e-04 4.459312704494710288e-04 7.100765866563701206e-03 3.848097871683902986e-03 5.356023723576920290e-04 2.341344117466807146e-04 2.743265304630138762e-04 nan nan nan nan nan nan nan nan nan nan
nan nan nan nan nan nan nan 2.789677125835268267e-04 3.182562572679144882e-04 1.520160184396625465e-04 1.328107281713061816e-04 4.493733603908590100e-04 3.088764837824649638e-04 3.335175538289396032e-04 7.048396859870189116e-03 6.468987125299014915e-03 8.215292775291563820e-05 1.048982368769166198e-03 5.882521545730373582e-04 nan nan nan nan nan nan nan nan nan
nan nan nan nan nan nan nan 2.134216240840543883e-04 6.217691149132818958e-04 5.208729669553930307e-05 1.401725465308084693e-05 9.068972944210979491e-05 1.203649284027911862e-03 1.808234973155375600e-04 2.472293121763547135e-03 7.758984555125867169e-03 8.391184909548179277e-03 1.166540887123925299e-02 1.372578319761303539e-03 1.009587940907587678e-03 5.269687852927695598e-04 7.143602192850955455e-04 nan nan nan nan nan nan
nan nan nan nan nan nan nan nan 1.715677496497777928e-04 1.111878812492458034e-03 8.416545232182225480e-05 9.496603060638794929e-04 5.021656550308908028e-04 8.508569600455208239e-04 1.230710488885703282e-03 2.201697287884239306e-03 7.315342072507094798e-03 2.276981968796852607e-03 6.842309356074660403e-04 3.416705458442670894e-03 1.100052273821733534e-03 2.233346040235852179e-04 4.058652923354840987e-04 9.475014160349090045e-04 nan nan nan nan
nan nan nan nan nan nan nan nan nan 4.897023243344027568e-03 1.143668007104188577e-03 4.790192013527192361e-04 5.572601890165355921e-05 1.061870690594894553e-04 1.045887943288220006e-03 5.746506188685200243e-04 5.257142321817835640e-03 1.133711299185982506e-02 9.424854856982153297e-04 3.258422105435191361e-03 1.610076339131615367e-03 1.173526232739340426e-03 5.777394081302353020e-04 2.142859107784397289e-03 nan 8.996521443054331883e-05 nan nan
nan nan nan nan nan nan nan nan nan nan 2.762807397646901454e-03 4.823581221338757181e-04 1.548583311520669364e-04 1.283618943740701785e-04 4.564915096810560446e-04 2.277145920555064568e-05 1.777228881038459907e-03 1.274564018705239997e-03 5.779003980811484552e-03 1.237038572737890127e-02 3.534816778765723436e-03 8.894638673505327503e-06 1.942033712704280702e-03 1.105454072052527645e-03 4.222457786086095187e-04 3.856492672633705671e-04 nan nan
nan nan nan nan nan nan nan nan nan nan nan nan 1.366237086541311624e-03 1.150416518471378431e-04 3.639289113421817998e-06 1.147728901580276134e-03 1.341675650383484446e-04 1.038945086738303925e-03 1.709264150857668424e-03 8.462587534677744067e-04 1.845782571390701052e-03 1.131349412780236971e-02 1.260275875567144332e-03 1.080585091752125004e-03 2.604765342414488137e-04 1.488850381441777799e-04 nan nan
nan nan nan nan nan nan nan nan nan nan nan nan nan 3.183740803393428831e-04 1.014345177930982929e-03 1.040169910381626958e-04 1.171866087232161955e-03 2.778780149963752145e-03 3.140740657047594656e-03 6.737414608667473791e-04 3.767114701994519598e-03 2.527022406730610425e-03 2.708703174603671604e-03 6.149057010456009196e-04 9.703821395160664451e-04 2.369951287182259551e-04 nan nan
nan nan nan nan nan nan nan nan nan nan nan nan nan nan nan 3.250544664862517648e-03 5.796132580800421276e-04 2.776450234451665732e-03 1.852764533732047074e-04 5.715085791488400818e-04 5.108578139373705108e-06 9.194791389967019515e-03 5.173093723992962072e-03 3.916638348974424942e-03 4.089205622704879250e-03 1.195800573184661745e-03 nan nan
nan nan nan nan nan nan nan nan nan nan nan nan nan nan nan nan nan 3.218927697459599696e-02 2.573623025202073644e-03 1.124745426504872997e-02 1.153073244776182602e-02 8.777008229285495526e-04 6.690627244226004643e-04 1.210698100942016880e-02 2.634715353815163513e-03 1.077091002187283630e-03 7.461164639200808550e-04 nan
nan nan nan nan nan nan nan nan nan nan nan nan nan nan nan nan nan nan nan nan 3.684112474047283978e-04 nan nan 2.234873651935111866e-03 2.689450583301281972e-04 5.714501949555339608e-04 nan nan
