nan nan nan 2.919871114075888157e-03 1.799705912045768846e-04 nan nan nan nan nan nan nan nan nan nan nan nan nan nan nan nan nan nan nan nan nan nan nan
nan nan nan 5.605396995381530792e-04 2.145010445038061223e-05 7.041221993562946611e-03 9.347165935019873320e-03 nan nan nan nan nan nan nan nan nan nan nan nan nan nan nan nan nan nan nan nan nan
nan nan 2.013195255289316338e-03 3.667937392784201452e-03 1.482375040144111962e-03 5.994033509821620424e-04 1.317407970548483851e-03 1.670976794804106269e-02 nan nan nan nan nan nan nan nan nan nan nan nan nan nan nan nan nan nan nan nan
nan 1.955673099352008351e-02 4.616018980507452518e-03 2.025423669534012761e-02 2.169960202366559999e-03 9.460496643358179327e-05 3.738594608303284078e-03 2.884274220731748890e-03 2.116833379490455809e-03 nan nan nan nan nan nan nan nan nan nan nan nan nan nan nan nan nan nan nan
nan 1.879950588906796182e-03 3.145503560589578244e-03 1.174445442782801052e-02 3.889776749294928358e-03 1.438187837252553804e-03 1.829342397520793053e-03 3.202262524229723857e-03 2.570094455697561914e-03 2.279763184706740109e-02 nan nan nan nan nan nan nan nan nan nan nan nan nan nan nan nan nan nan
3.660325904644892020e-02 1.639221494104906680e-03 2.348198105531379334e-03 1.743261768386198708e-03 8.659436532541203366e-03 1.178438766266324883e-03 1.575237617460195551e-03 5.951624031594632269e-03 1.013760312967798907e-02 nan nan nan nan nan nan nan nan nan nan nan nan nan nan nan nan nan nan nan
1.204197969039090717e-02 3.626135401847252037e-04 4.750336866259825992e-03 6.703327033617536082e-03 6.223455587064608864e-03 1.207369614342654893e-03 2.400134433957724737e-03 2.628692524714363113e-02 5.634232809869625658e-03 nan nan nan nan nan nan nan nan nan nan nan nan nan nan nan nan nan nan nan
9.904046322984935789e-04 4.835847911937299001e-03 9.159683526975510165e-03 4.822492961635306379e-03 9.895975940570492582e-04 5.268086686740372851e-03 8.989882573295185668e-04 2.239026387106171981e-02 6.014230073222825556e-04 nan nan nan nan nan nan nan nan nan nan nan nan nan nan nan nan nan nan nan
nan 4.758126997435085589e-03 2.844615274839746438e-04 1.457466767259856313e-02 7.621027207912114444e-03 1.843201926501556072e-03 1.141291406139783096e-02 1.926856366124841610e-02 3.782362716529860669e-03 2.923235089749716756e-02 nan nan nan nan nan nan nan nan nan nan nan nan nan nan nan nan nan nan
nan 5.872248938433439732e-04 3.924750516293253229e-03 3.972362797561223777e-03 2.890743441848641314e-03 4.366203599788812291e-03 1.013149890824340807e-03 3.108416354716915259e-03 2.210713152398663048e-02 4.793667664178033472e-03 nan nan nan nan nan nan nan nan nan nan nan nan nan nan nan nan nan nan
nan 4.296889329024223582e-03 2.740383469352907116e-04 8.927800384431188059e-06 4.715622400478509772e-04 1.219951734154537878e-03 8.074748218003174188e-03 1.856549371752718759e-03 3.333941632296792169e-03 1.167844922129425596e-02 nan nan nan nan nan nan nan nan nan nan nan nan nan nan nan nan nan nan
nan nan 5.786933885507849953e-04 6.430711237015240096e-05 1.885237888161172323e-03 2.404394282475138134e-03 6.002903943509317955e-03 5.181623506444133810e-03 2.208770608696526867e-03 8.462102283504226163e-03 nan nan nan nan nan nan nan nan nan nan nan nan nan nan nan nan nan nan
nan nan 2.093524812746046796e-05 1.872053101051863533e-03 1.933321052406762088e-03 nan 8.237772075415446705e-05 1.665379022972048734e-02 1.710364032589899554e-04 1.509472206164939705e-02 nan nan nan nan nan nan nan nan nan nan nan nan nan nan nan nan nan nan
nan nan nan nan nan nan 4.367050172280682700e-03 1.621764150795397584e-03 1.076973664630563252e-02 1.099950433688759747e-03 nan nan 1.347106204437647408e-03 nan nan nan nan nan nan nan nan nan nan nan nan nan nan nan
nan nan nan nan nan 6.377328988296547714e-03 3.163025187326723442e-03 8.198416268219467506e-04 7.716368159244509431e-03 8.017488413399705876e-04 nan nan nan nan nan nan nan nan nan nan nan nan nan nan nan nan nan nan
nan nan nan nan nan 3.524098345131755454e-03 1.750151199484947144e-03 1.198768251762818505e-03 1.030813334660902287e-04 8.138898785914779749e-03 4.560274004424538438e-04 nan nan nan nan nan nan nan nan nan nan nan nan nan nan nan nan nan
nan nan nan nan nan 2.170046865767232772e-03 9.709437690539550036e-04 2.163110063810928102e-03 2.029877785340161581e-04 6.214942478553539019e-03 1.710343379938739994e-03 3.302806713491579765e-04 nan 4.350886113944035620e-04 nan nan nan nan nan nan nan nan nan nan nan nan nan nan
nan nan nan nan nan 1.234917111476347773e-03 3.012081832783039699e-06 1.332716237540246870e-03 3.229463014402587755e-04 6.093491268248026364e-04 7.682818109028079212e-03 2.982950797714332622e-02 4.473123670279679706e-04 1.109945644558981478e-03 7.054902713999487349e-05 nan nan nan nan nan nan nan nan nan nan nan nan nan
nan nan nan nan nan 1.021853470724782414e-02 8.714916719488133854e-04 3.497799585029472461e-04 7.308021097211066990e-05 5.096080757353576999e-04 7.343481086247657138e-05 3.395134230105605126e-05 2.919569225739093374e-02 7.348192788239059012e-03 3.683325860510334635e-04 3.013904930449064017e-04 4.531741360566040613e-04 nan nan nan nan nan nan nan nan nan nan nan
nan nan nan nan nan nan 7.927631712497095482e-05 9.494817766067000214e-05 4.661613856224990592e-05 5.540282569655829558e-05 1.461880572522969283e-04 6.805222849587766010e-05 5.097948165039786241e-04 5.877631766415686472e-03 2.788178921071104467e-03 4.500808104785878347e-04 5.789441810409725426e-04 7.889843310694651980e-04 nan nan nan nan nan nan nan nan nan nan
nan nan nan nan nan nan nan 2.282475460993024959e-04 3.168666942961548142e-05 3.092701260573027240e-05 5.919266481124032473e-05 3.862209296335007659e-04 2.899737865088287920e-06 4.473105640061509985e-04 1.139951768752682851e-02 6.119851965192072904e-03 1.073925734953713545e-04 6.805543202506807816e-04 6.701037960212171676e-04 nan nan nan nan nan nan nan nan nan
nan nan nan nan nan nan nan 4.429973228101377793e-05 2.319697038239469601e-04 4.081162719597123800e-04 7.614204379109595672e-05 1.909315277200885534e-04 1.222946026485714158e-03 3.905251875287661894e-04 2.472056919386110031e-03 1.442368171243503180e-02 6.730210416637624933e-03 9.473497984794666815e-03 7.781367373198139464e-04 9.175525545779882140e-04 5.908610661550918550e-04 5.142269328950383519e-04 nan nan nan nan nan nan
nan nan nan nan nan nan nan nan 6.203931440355394712e-04 7.097966057262538285e-04 3.968977322684206420e-05 1.817822894189796831e-04 3.005042385590626897e-04 6.491023135069588171e-04 6.170418789898736477e-04 6.906166417538019174e-04 1.237575559186603058e-02 7.297897030397887137e-04 9.480979883010683291e-04 2.364552243990973926e-03 4.018952666301662830e-04 4.424796793741273384e-04 4.285282483583143431e-04 nan nan nan nan nan
nan nan nan nan nan nan nan nan nan 1.707003085075348419e-04 1.035833172459719927e-04 7.901992646157586953e-05 1.991374679828601744e-04 5.482358315581565330e-04 2.743320201912555299e-04 5.888967883310693629e-04 3.165558325806856928e-03 6.144554093079393139e-03 4.052539582714244012e-04 4.362050467702488846e-03 1.682481849260206424e-03 1.197563570841772085e-03 1.175424274526919860e-03 9.009128025143317044e-04 nan nan nan nan
nan nan nan nan nan nan nan nan nan nan 9.099108487937308462e-03 4.486491038729541496e-04 5.548050525469143887e-06 1.425476045058440388e-04 1.648150560873053649e-03 3.198029541425785843e-04 1.883136699748608981e-03 6.171538782754089694e-03 4.981699423271408180e-04 3.869417040580863752e-03 7.129615500220403031e-03 1.712187998902050699e-04 2.873705520083603623e-03 2.186093784794391863e-03 1.428577282138519680e-03 8.665648185056703656e-04 nan nan
nan nan nan nan nan nan nan nan nan nan nan nan 1.353005550281751216e-04 2.832700845682402857e-04 1.422384431669964375e-03 2.923934788735114867e-04 4.965367138167462759e-03 8.458485754772662735e-04 1.252506647194788448e-03 1.643001219463223472e-03 1.689804315414569251e-05 3.848751616150967569e-03 1.421974722838083283e-04 2.057885532607989579e-03 3.322444533795237422e-04 1.920038245864100560e-04 nan nan
nan nan nan nan nan nan nan nan nan nan nan nan nan 8.198796723829858250e-05 8.580224218128236892e-05 3.336142118569170273e-04 4.325992537345814512e-05 8.380382098596098756e-03 1.674413523510786747e-02 4.461034688594983123e-03 1.066413549698988321e-02 5.987742520150917888e-03 1.392413053770905594e-03 8.162520678776113590e-04 8.445247765507394363e-04 1.658338097582357754e-04 nan nan
nan nan nan nan nan nan nan nan nan nan nan nan nan nan nan 2.053629350783177582e-05 8.037749616351036247e-04 1.060300366756894734e-03 5.409183303918945482e-04 1.230941824886472215e-03 1.231101550704281292e-03 8.968862060840768376e-04 1.068021242290777446e-03 8.979382928030956064e-04 2.130955280526544184e-03 7.775290943070574997e-04 nan nan
nan nan nan nan nan nan nan nan nan nan nan nan nan nan nan nan nan 7.289439390192680238e-03 4.450242852855213621e-03 1.097771077037184781e-02 1.838137491222214051e-02 2.776149711066090014e-04 1.457393241923957833e-03 1.408254722485022172e-03 3.335322737183035041e-03 5.120397499971106889e-04 5.059713362026473440e-04 nan
nan nan nan nan nan nan nan nan nan nan nan nan nan nan nan nan nan nan nan nan 2.841312501595796500e-03 nan nan 4.502744568799045555e-03 1.101628691325325440e-03 2.454304633081655276e-04 nan nan
