nan nan nan 5.916040497445387847e-03 7.386085124552280732e-04 nan nan nan nan nan nan nan nan nan nan nan nan nan nan nan nan nan nan nan nan nan nan nan
nan nan nan 3.359494317368031790e-03 2.483510362894212047e-03 6.771358475444419836e-03 9.096549925394461361e-03 nan nan nan nan nan nan nan nan nan nan nan nan nan nan nan nan nan nan nan nan nan
nan nan 5.199334323480010907e-03 4.269387725893850592e-03 2.715278964211124469e-04 7.521104716836837095e-03 1.994980350216883636e-03 1.127562611081246897e-02 nan nan nan nan nan nan nan nan nan nan nan nan nan nan nan nan nan nan nan nan
nan 2.914313086934217719e-04 1.545651464243845939e-03 9.032835198511215621e-03 2.007904241146787894e-03 8.706249488090572189e-04 7.350784458676859479e-03 9.413484683517282228e-04 2.999516781839676582e-03 nan nan nan nan nan nan nan nan nan nan nan nan nan nan nan nan nan nan nan
nan 3.021613697262446122e-02 6.591495150592670878e-04 7.824177359497631185e-03 2.241802796673587547e-03 1.311989941927676866e-03 3.849121780693741911e-03 1.607263281010367370e-03 7.767527292449548718e-03 2.494964379736970550e-02 nan nan nan nan nan nan nan nan nan nan nan nan nan nan nan nan nan nan
1.044545537486582867e-02 1.813919161698310245e-02 6.057234923354728497e-03 1.040723068027038433e-06 8.105641286285845959e-03 1.440063584035262533e-03 8.994282898223068552e-04 6.641986231895824488e-03 6.855581979108757960e-03 nan nan nan nan nan nan nan nan nan nan nan nan nan nan nan nan nan nan nan
6.966946475389510646e-03 2.900441986993099793e-04 4.072964650170644309e-04 6.967825958374115718e-03 1.197485993373104650e-02 3.460337248960935162e-03 4.728823907949047597e-03 2.362243816520899486e-02 5.826871216201885348e-03 nan nan nan nan nan nan nan nan nan nan nan nan nan nan nan nan nan nan nan
3.396937665816841595e-04 1.632900641027675362e-02 1.798154885077339268e-02 7.167281476703445987e-03 7.947890404943699656e-04 6.432554236304292156e-03 2.153508445704846778e-05 2.382516434863145294e-02 1.351394408594288948e-03 nan nan nan nan nan nan nan nan nan nan nan nan nan nan nan nan nan nan nan
nan 5.279816661612761648e-04 1.087166466996676876e-03 5.652685993057097666e-03 1.250981016677059007e-02 5.053485878603902227e-04 1.935910161482760645e-03 1.921785975072972177e-02 2.062835168248788008e-03 2.418300244983452238e-02 nan nan nan nan nan nan nan nan nan nan nan nan nan nan nan nan nan nan
nan 2.169652959441547690e-04 9.435429566007676877e-04 2.669987524165055512e-03 1.650579527695490278e-03 1.712404595466099876e-03 6.866727432364702621e-03 5.683196440359851616e-03 6.237041743772460747e-03 4.520582889213383034e-03 nan nan nan nan nan nan nan nan nan nan nan nan nan nan nan nan nan nan
nan 2.542492823878427215e-03 1.130092486585396400e-03 2.419082079996596666e-04 3.013288627529235451e-05 3.974709261329145270e-04 2.492506327650875417e-03 3.835021030727434033e-04 6.130664047253619499e-04 1.722592662254694446e-03 nan nan nan nan nan nan nan nan nan nan nan nan nan nan nan nan nan nan
nan nan 1.024540863397311260e-05 4.137105775810696363e-03 1.902174388605765588e-03 4.400879306176801696e-03 9.442476395171045837e-04 2.403793077205118589e-03 4.435771975824648328e-03 3.891079083765491484e-03 nan nan nan nan nan nan nan nan nan nan nan nan nan nan nan nan nan nan
nan nan 9.640658612062443997e-04 3.130525959207101547e-04 1.458083119696538480e-03 nan 4.399795730505572122e-04 3.917685693142319327e-03 2.990993874117819570e-02 3.312084380650532657e-03 nan nan nan nan nan nan nan nan nan nan nan nan nan nan nan nan nan nan
nan nan nan nan nan nan 4.227418557823509320e-04 5.135358636285002575e-03 2.752247910122159261e-03 2.594312130709861431e-03 nan nan 8.354916925498160523e-04 nan nan nan nan nan nan nan nan nan nan nan nan nan nan nan
nan nan nan nan nan 4.374723106590159075e-03 2.776356575770871308e-03 6.472589941914625019e-04 3.233894439139175722e-03 2.302126102630384571e-02 nan nan nan nan nan nan nan nan nan nan nan nan nan nan nan nan nan nan
nan nan nan nan nan 2.319921623900713607e-03 2.257446518822926653e-03 1.193910520527472944e-04 2.025766331402649814e-04 1.499014080444471993e-02 1.492318360853620712e-03 nan nan nan nan nan nan nan nan nan nan nan nan nan nan nan nan nan
nan nan nan nan nan 2.874873047302258910e-03 2.517498479437160937e-03 1.692675819508963767e-03 6.577358799857016070e-04 6.578924736656501307e-03 3.300719410984979257e-03 5.200863309866939413e-03 nan 1.292539126434539100e-04 nan nan nan nan nan nan nan nan nan nan nan nan nan nan
nan nan nan nan nan 2.307964009211413772e-03 2.564798014801493266e-05 9.153569622214995094e-04 8.239239179368984273e-04 1.429792641628974603e-03 6.258289051057918523e-03 1.121057922850068889e-02 1.230159218272668976e-02 9.875907083379703057e-04 6.904524448432811708e-04 nan nan nan nan nan nan nan nan nan nan nan nan nan
nan nan nan nan nan 2.018814982970721511e-02 1.396959883078181894e-03 1.286077751137065794e-03 9.754333157022804495e-05 3.359281524473101870e-04 6.359798199417906832e-05 2.518302487472562248e-04 1.135851800370148851e-02 1.445310151362034362e-02 4.312663369463831491e-03 3.941560264549221274e-03 2.729595036809064719e-04 nan nan nan nan nan nan nan nan nan nan nan
nan nan nan nan nan nan 1.799767352287999468e-04 1.118369411418265584e-04 9.154124232101070650e-05 3.918020593294665923e-04 5.449368168883121904e-05 3.953690126229147191e-04 3.709843827672882266e-04 5.836438747928954229e-03 1.188919336550450095e-02 3.127721757900387822e-04 3.651849654811417634e-04 1.429504005329425655e-04 nan nan nan nan nan nan nan nan nan nan
nan nan nan nan nan nan nan 2.257500237983602401e-04 4.428138338728332412e-05 2.376136255720207629e-05 2.001045817215219529e-05 3.442807610538760376e-04 7.502367798806290882e-04 3.308766554723595847e-05 6.952910969047134716e-03 1.618883010433577047e-02 2.075861930659243597e-04 2.832146064081128545e-04 6.855544173634076175e-04 nan nan 9.285058163547117369e-04 nan nan nan nan nan nan
nan nan nan nan nan nan nan 1.654606428369104979e-04 4.220956959652435417e-04 1.860368021812196628e-04 1.178457957737441217e-04 4.278761777462362892e-04 1.453509684488849246e-03 1.781139831365749515e-04 4.762517980620924489e-04 4.377045406297733719e-03 2.348724189990998579e-02 1.642862895200334142e-02 5.262165202462813079e-04 8.981319491691998726e-04 7.635657799357176926e-04 1.642313425793487933e-04 1.174381629018458444e-04 nan nan nan nan nan
nan nan nan nan nan nan nan nan 7.061671632401794068e-05 1.153163464251431153e-03 1.242507846382316129e-03 1.640789386945948835e-04 6.984528033365219922e-05 6.387315413393247331e-04 5.582829076801992373e-04 3.464469584014757313e-04 1.035791833549966345e-02 3.459787106294069658e-03 1.943266747709769776e-04 2.223118341333484536e-03 1.711561386423966508e-03 1.127474287433163696e-03 3.052494170762490300e-04 1.383948621229322512e-04 nan nan nan nan
nan nan nan nan nan nan nan nan nan 1.686406178922948609e-03 9.278012592097730198e-04 5.222488519938891811e-04 3.328879829913583143e-05 3.061954346757204850e-04 5.834534489874983838e-04 1.023216429900375250e-03 2.849859939304699068e-04 1.092270053538420618e-02 1.955618141953883657e-03 1.382346863872595862e-03 3.406662405528291474e-03 1.019668975419352761e-03 1.377545444438263737e-03 2.107454424107599658e-03 nan 4.087587911683271467e-04 nan nan
nan nan nan nan nan nan nan nan nan nan 7.696318600215571425e-03 2.189479717819424215e-04 1.203788705036178976e-04 1.850499599751719964e-05 4.828698238650638722e-04 3.556865562469456628e-04 1.213983160418875525e-03 1.508392804377590036e-03 7.650437536807440028e-03 9.287491095895527779e-03 6.485687810650039679e-03 2.964415510480249220e-05 1.237281200991146484e-03 2.339637347847362773e-03 1.070814409390652899e-03 6.416676122290914872e-04 nan nan
nan nan nan nan nan nan nan nan nan nan nan nan 5.415575020990168967e-04 3.394068923841317008e-04 6.669572196388813871e-05 8.749866273350405919e-04 3.806279281733778103e-04 6.415011243258595536e-04 9.263312439008309198e-04 3.196667545174389832e-03 3.655656409359693462e-03 4.402237977848517253e-03 1.981751813975213858e-04 1.628288245858666196e-03 8.551969750900029795e-05 7.214086740361498270e-05 nan nan
nan nan nan nan nan nan nan nan nan nan nan nan nan 5.830477022032583867e-06 7.755574122206747673e-07 2.584503701175575215e-03 6.863187905754889416e-05 1.705637870905584927e-03 4.274330023169872934e-03 1.731382247887916200e-03 5.157215753436963576e-03 3.891321200688415208e-03 6.671264793757882873e-04 5.167925895578685293e-04 1.619051613251928663e-03 3.636690189278561939e-04 nan nan
nan nan nan nan nan nan nan nan nan nan nan nan nan nan nan 6.377366435089985505e-03 1.609524093179241322e-04 5.844453514402643199e-04 2.697208852388009769e-04 1.278823151182905717e-03 8.031722403190198929e-04 8.701443216619446017e-03 3.932548340309664249e-03 1.131284924646646202e-04 2.876111861940742510e-03 1.271039630467468012e-03 nan nan
nan nan nan nan nan nan nan nan nan nan nan nan nan nan nan nan nan 5.532616182890718812e-03 5.063894837955176375e-04 1.872819357122284048e-02 9.258988885734852764e-03 5.752674212551578924e-05 2.552570924626032089e-03 6.332644906227261755e-03 1.603532432978023404e-03 8.749605040043501210e-04 6.893050020243252345e-04 nan
nan nan nan nan nan nan nan nan nan nan nan nan nan nan nan nan nan nan nan nan 5.744676430460449179e-03 nan nan 2.124939760096501967e-03 1.058040023157645398e-03 3.496006877915022325e-04 nan nan
