nan nan nan 2.873573262605742199e-03 9.093623016768544350e-04 nan nan nan nan nan nan nan nan nan nan nan nan nan nan nan nan nan nan nan nan nan nan nan
nan nan nan 3.892815524192501462e-03 2.411527218860776188e-04 8.168019185605277996e-03 9.708961683249354990e-03 nan nan nan nan nan nan nan nan nan nan nan nan nan nan nan nan nan nan nan nan nan
nan nan 1.111598748583729306e-02 4.155142849927144846e-03 2.020102028608271750e-04 9.302483440376378004e-03 6.838823519287768335e-04 3.369583937857768136e-02 nan nan nan nan nan nan nan nan nan nan nan nan nan nan nan nan nan nan nan nan
nan 4.576717882063439935e-02 8.600701870368368182e-03 1.011446433247493309e-02 4.296444348731260840e-03 3.604040632553086494e-03 9.397343562499903269e-03 1.392352022816094499e-02 1.442732911907536417e-03 nan nan nan nan nan nan nan nan nan nan nan nan nan nan nan nan nan nan nan
nan 7.330110566303631517e-03 8.191110195585129834e-04 1.147324152846402115e-03 1.342493041849265531e-03 5.768064084345319838e-04 6.206124293329791375e-03 6.326961261323020384e-03 3.012803138596230508e-03 1.678371591605281807e-02 nan nan nan nan nan nan nan nan nan nan nan nan nan nan nan nan nan nan
6.988879972501316380e-03 2.624137617788212858e-03 1.192197079350543892e-02 1.003629472829261488e-02 3.271061182402622974e-03 1.008705468181224623e-03 3.242223012937283429e-03 8.785676271661302036e-03 2.242883118923133176e-02 nan nan nan nan nan nan nan nan nan nan nan nan nan nan nan nan nan nan nan
6.041557760428267797e-04 1.382672838561094589e-02 3.911814191236642410e-03 8.628908468100163903e-03 5.878246792159101067e-04 1.458860114324141491e-02 1.048304284669412424e-02 3.188528148082746261e-02 1.811339697357607775e-02 nan nan nan nan nan nan nan nan nan nan nan nan nan nan nan nan nan nan nan
2.488487792458511302e-03 8.508490300234018699e-03 1.302044111639162789e-02 7.599976223793107350e-04 6.715255520235681626e-03 1.114474298266880659e-03 4.844597691104770600e-03 3.851814722753560405e-02 8.232349442078233312e-03 nan nan nan nan nan nan nan nan nan nan nan nan nan nan nan nan nan nan nan
nan 1.040199652681907550e-03 3.416869649153025500e-03 3.624051928796175742e-02 3.446320451383556860e-02 1.576535073191052960e-02 9.312860609637572257e-03 4.485832417114513082e-02 2.447007656362376626e-04 2.336412962384397732e-02 nan nan nan nan nan nan nan nan nan nan nan nan nan nan nan nan nan nan
nan 8.186513213642625589e-04 1.477610969350062102e-03 9.356477097886301691e-04 2.806596718241761382e-03 2.808608066660710570e-03 1.530419805421423442e-03 5.685470001302862959e-03 1.183939329222151275e-02 7.668842566821983814e-03 nan nan nan nan nan nan nan nan nan nan nan nan nan nan nan nan nan nan
nan 6.909901797809425705e-03 1.716786121906254282e-04 2.571709649260501738e-04 6.325931358321420627e-04 7.894544057995212449e-04 7.145608480143608374e-03 1.447490943223344977e-02 6.886271639831059894e-03 5.223836067699875151e-03 nan nan nan nan nan nan nan nan nan nan nan nan nan nan nan nan nan nan
nan nan 6.701866024970948819e-04 1.237376011827704281e-03 1.508545121202913182e-03 8.613547956357351862e-05 1.859473284889685786e-03 2.652179337370171724e-02 5.410894709635997828e-03 7.830722188899179315e-03 nan nan nan nan nan nan nan nan nan nan nan nan nan nan nan nan nan nan
nan nan 3.544520268132286670e-05 8.308048009028245050e-06 1.282523450027786560e-04 nan 1.451542002119768663e-03 3.162478314586459130e-03 7.046587129628436447e-03 1.643643122774563273e-02 nan nan nan nan nan nan nan nan nan nan nan nan nan nan nan nan nan nan
nan nan nan nan nan nan 1.520714703583889984e-03 3.277970807582851562e-03 1.042924035618203633e-02 1.388228149109265765e-03 nan nan 1.484776680354161181e-02 nan nan nan nan nan nan nan nan nan nan nan nan nan nan nan
nan nan nan nan nan 3.901018118816549501e-03 3.888474519358655745e-04 9.693067127079821148e-04 6.722024289870908581e-03 1.055042773686099521e-03 nan nan nan nan nan nan nan nan nan nan nan nan nan nan nan nan nan nan
nan nan nan nan nan 1.664237806933413586e-03 5.383381772400080111e-04 4.989103535390981489e-04 7.500653522076089258e-05 1.014315961031561977e-02 1.967239993814586148e-03 nan nan nan nan nan nan nan nan nan nan nan nan nan nan nan nan nan
nan nan nan nan nan 7.457766847422614507e-04 6.663548383135234950e-04 1.255839061436979983e-03 3.564048639515440386e-04 1.112632730994834312e-02 1.482695275758408153e-04 2.943224664398832102e-04 nan 1.963051683838761496e-04 nan nan nan nan nan nan nan nan nan nan nan nan nan nan
nan nan nan nan nan 7.556791244828738648e-04 2.500379273996169451e-04 2.515117997211409676e-03 1.219842036853069486e-03 1.773674444043597505e-03 1.117315248804258941e-02 2.094980670207348405e-02 2.401257234882501264e-04 4.763401583220258011e-04 1.241405182315705993e-04 nan nan nan nan nan nan nan nan nan nan nan nan nan
nan nan nan nan nan 6.811348461481605589e-03 8.556481400393963974e-04 2.478838220702437580e-04 1.239157341790587940e-05 2.775542049572816213e-04 2.301575893881745356e-04 2.811034422338287079e-04 1.226726158257025572e-02 5.829736851907638476e-03 5.929918912891484308e-05 4.909411046749126190e-05 2.340323466970513962e-04 nan nan nan nan nan nan nan nan nan nan nan
nan nan nan nan nan nan 2.468446555181503643e-04 6.930421110462564149e-05 6.540251453360363917e-05 5.314001125908739489e-05 1.644404377096711251e-04 6.095569907641052278e-04 6.194747217842069321e-05 5.044209160720406621e-03 3.172307933456710444e-03 1.769446327234971907e-04 4.563766598786079555e-04 8.302473218270815802e-04 nan nan nan nan nan nan nan nan nan nan
nan nan nan nan nan nan nan 3.686596669583965197e-04 9.842676480370609980e-06 1.545854475107931501e-04 1.850525974062007918e-04 4.085397881684208008e-04 6.722041772622305324e-04 8.818552833945062321e-05 5.980300485239826644e-03 8.282371096134987301e-03 1.023045016290260794e-04 8.865699248868879169e-04 5.691247362454377248e-04 nan nan nan nan nan nan nan nan nan
nan nan nan nan nan nan nan 5.623370201403920599e-04 4.373303015338476978e-05 2.694277983712244713e-04 1.699165663145375322e-05 6.220778150138082463e-04 1.730025100012651208e-03 9.413838445037560516e-04 1.554334201953650732e-03 8.182609723912893582e-03 7.406742958282808154e-03 1.075861835917345591e-02 9.460455396790378542e-04 9.362302625891472845e-04 nan nan nan nan nan nan nan nan
nan nan nan nan nan nan nan nan 2.122155169526833245e-03 8.072247873393327772e-04 8.368702672178137151e-04 5.320929617028311541e-04 4.471767697702801539e-04 2.830651589955677843e-04 1.872216132108067655e-03 2.208233467367762964e-03 1.186586838895735407e-02 1.049757183354613514e-03 8.138777047578831967e-04 3.063229186172747136e-03 7.586254649146503652e-04 nan nan nan nan nan nan nan
nan nan nan nan nan nan nan nan nan 4.605947441694026832e-03 4.185125015199806300e-03 4.791961671566008821e-04 1.092857465580661483e-04 1.317166031305887230e-04 1.612690990530882317e-03 1.230340127627766334e-03 2.048076154812658589e-03 7.830194281945734511e-03 5.647648220832928671e-04 3.691990891540816895e-03 2.563944844132567524e-03 1.553116541563419762e-03 9.893950851184076661e-04 nan nan nan nan nan
nan nan nan nan nan nan nan nan nan nan 8.988547205786508220e-04 1.132267483647902523e-04 7.463687653168903666e-06 2.482094622008612921e-04 7.742114537811289020e-04 5.573915401446837719e-05 2.170971259601869353e-03 3.422722288608889395e-03 9.177844419783719176e-03 1.220842931156911927e-02 4.188484804720708603e-03 5.407682640008147905e-05 3.563231099556741360e-03 1.807325030601775271e-03 nan nan nan nan
nan nan nan nan nan nan nan nan nan nan nan nan 3.388844838786792208e-04 5.637745072389449926e-05 2.413230432663645241e-04 6.662494971474190947e-04 1.901611842297798449e-03 3.712594746566343952e-04 2.538333444643693215e-04 1.369507936514643021e-03 2.681469355342813027e-03 3.679845822666723103e-03 1.098498996759383201e-03 1.376210768872049035e-03 1.569621282568239905e-04 2.440632111880573687e-04 nan nan
nan nan nan nan nan nan nan nan nan nan nan nan nan 8.691170751210122822e-05 6.630648810874218736e-04 2.455795094218999990e-03 8.114610015698241067e-04 1.001243726891831547e-02 2.374998197010479237e-03 1.966686590616625093e-03 5.113752573248589277e-03 9.671890484061607248e-04 5.881497636289652331e-04 7.393683492139774098e-04 8.325573431063225871e-04 3.840464392487092662e-04 nan nan
nan nan nan nan nan nan nan nan nan nan nan nan nan nan nan 1.560503347351688622e-04 2.331812261678416296e-03 2.057394344188928376e-03 5.309249390572851664e-04 2.575199785724713395e-03 2.814101786106941103e-03 5.075866230878849734e-04 8.710653037865170693e-04 9.868103361896694934e-04 1.818549634791650702e-03 1.610780813178994001e-03 nan nan
nan nan nan nan nan nan nan nan nan nan nan nan nan nan nan nan nan 6.814970968257640788e-03 2.565966561217995941e-03 1.258084817350456179e-02 4.132787980101153280e-02 6.338512314976475596e-03 1.089410941205097225e-02 3.076336547451144141e-03 2.218738355547199802e-03 6.521114054712854853e-04 3.877256687855402994e-04 nan
nan nan nan nan nan nan nan nan nan nan nan nan nan nan nan nan nan nan nan nan 2.721337886653264152e-03 nan nan 2.646873546941502613e-03 1.803200374011985040e-03 4.517193133581462645e-05 nan nan
