nan nan nan 9.699349415624589554e-04 5.807124828623619578e-05 nan nan nan nan nan nan nan nan nan nan nan nan nan nan nan nan nan nan nan nan nan nan nan
nan nan nan 4.148737433564375805e-03 1.630852888458071345e-03 5.792969037117987746e-03 1.188183311857237898e-02 nan nan nan nan nan nan nan nan nan nan nan nan nan nan nan nan nan nan nan nan nan
nan nan 7.765517946092937926e-03 1.278028400555508096e-03 6.059420349223905477e-04 2.165702221608482685e-03 6.852655041339974660e-04 2.458448832683516466e-02 nan nan nan nan nan nan nan nan nan nan nan nan nan nan nan nan nan nan nan nan
nan 1.386871761829170865e-02 3.392151867521905374e-03 1.257153682395055830e-03 4.332749803492033864e-04 1.486412677176321634e-03 3.749163563242737841e-03 8.472413240265382062e-03 1.342406883474238886e-02 nan nan nan nan nan nan nan nan nan nan nan nan nan nan nan nan nan nan nan
nan 2.156719496296244636e-03 8.250558462168991729e-04 8.789224047917302066e-03 4.438767216744271549e-03 5.449675775371631012e-04 7.786386633989002097e-03 2.757892719427012824e-03 2.165034365472109749e-03 2.760024612802529365e-02 nan nan nan nan nan nan nan nan nan nan nan nan nan nan nan nan nan nan
2.761286809809675169e-02 4.183550193950100410e-04 1.715704583608507888e-02 8.540853436899854129e-03 1.536972315600387785e-04 1.445894102718004110e-03 1.953914455185287204e-03 4.388286458403131349e-03 2.692361880817971051e-02 nan nan nan nan nan nan nan nan nan nan nan nan nan nan nan nan nan nan nan
1.272812724626803233e-04 5.373635944985279828e-02 6.622435054568809841e-03 7.731898231068774427e-03 7.719940434138458478e-03 7.668927419610306216e-04 2.305076715279790345e-03 2.043816949868486332e-02 1.329481658923060972e-02 nan nan nan nan nan nan nan nan nan nan nan nan nan nan nan nan nan nan nan
3.278981328860194324e-04 6.021904014897235804e-04 3.831938913408596166e-03 1.205343667185496473e-02 3.907769032028145066e-03 1.470990806672432935e-04 1.691842579748768782e-03 1.477524833277431802e-02 2.581958259254720639e-03 nan nan nan nan nan nan nan nan nan nan nan nan nan nan nan nan nan nan nan
nan 4.444042025311210745e-04 1.229319209151910619e-03 2.126064432900262938e-02 7.644944018701942644e-03 4.105563539240730635e-03 1.440595610939805066e-02 1.971259922404409309e-02 2.006782423241967872e-03 2.888921704583921612e-02 nan nan nan nan nan nan nan nan nan nan nan nan nan nan nan nan nan nan
nan 3.080882402270486843e-05 1.496765562588023746e-04 3.535638787039808995e-03 3.264773185389468861e-03 8.612201741187229531e-03 7.680120273068112742e-03 2.795185093043235820e-03 7.538098203629052009e-03 9.205138334130202535e-03 nan nan nan nan nan nan nan nan nan nan nan nan nan nan nan nan nan nan
nan 1.991684315136819493e-03 1.000415614541353538e-04 5.396435305316238645e-04 6.598297914861279544e-04 3.185937479203575923e-03 1.944754103758973129e-03 1.983674220921570041e-03 4.634768424500413167e-03 7.118373913849066620e-03 nan nan nan nan nan nan nan nan nan nan nan nan nan nan nan nan nan nan
nan nan 1.987794757020376049e-04 1.029763156771239721e-05 1.688783781420760905e-03 1.015411025212772760e-03 1.075437403228399202e-02 4.974050081754279387e-03 2.253108720273865918e-03 8.859645432188454489e-03 nan nan nan nan nan nan nan nan nan nan nan nan nan nan nan nan nan nan
nan nan 4.199425156839717873e-04 1.666282918630171764e-03 3.749690010805841974e-04 nan 5.721605212239141243e-04 2.875437229993457373e-05 9.901785078921823691e-03 1.635207145497131684e-02 nan nan nan nan nan nan nan nan nan nan nan nan nan nan nan nan nan nan
nan nan nan nan nan nan 2.700277514159417358e-03 2.198569407410780070e-03 6.531265373206184346e-03 1.661112041888717283e-03 nan nan 1.163642999167796392e-02 nan nan nan nan nan nan nan nan nan nan nan nan nan nan nan
nan nan nan nan nan 6.013173893280384687e-03 2.557231323284904143e-03 8.251250319687489492e-04 5.802000251677842495e-03 2.139870234700756973e-03 nan nan nan nan nan nan nan nan nan nan nan nan nan nan nan nan nan nan
nan nan nan nan nan 5.193224292384336117e-03 1.087748474250097887e-03 9.557747492320245669e-04 2.546189915010607999e-04 7.728633951629299177e-03 1.082115903499683519e-03 nan nan nan nan nan nan nan nan nan nan nan nan nan nan nan nan nan
nan nan nan nan nan 3.621013746196210473e-03 1.388844278634989403e-03 7.231125018069589801e-04 4.426057883476784195e-04 9.681559896409421689e-03 3.563434137917567864e-04 1.679462928662635562e-04 nan 2.128886652017789667e-04 nan nan nan nan nan nan nan nan nan nan nan nan nan nan
nan nan nan nan nan 3.790717556020388023e-03 1.624330484048889514e-04 9.782944867141245109e-04 5.880013784536261816e-04 6.899380662176169679e-04 9.956468595519806647e-03 2.374888982560401790e-02 4.331476991896366811e-04 9.979107092010691194e-05 3.415860136164594737e-04 nan nan nan nan nan nan nan nan nan nan nan nan nan
nan nan nan nan nan 2.098201027842738417e-02 1.222680800298632563e-03 1.348276911652478800e-04 4.227952997373486633e-05 6.488821966275672680e-05 1.486428474495142809e-04 7.256433438337694984e-04 1.202686676519684576e-02 6.735345598109665315e-03 9.156408898037143071e-05 1.996033808330737011e-04 5.227365318093438401e-04 nan nan nan nan nan nan nan nan nan nan nan
nan nan nan nan nan nan 1.713848486580040712e-04 1.128554617925969897e-04 1.314071260860974521e-04 4.484348706328710642e-05 1.295005504118501886e-04 3.929897070861405623e-04 1.847476405829192540e-04 1.995432215218043148e-03 2.269402128611542214e-03 2.608694031042313086e-04 6.407958149180926349e-04 7.351052997088339258e-04 nan nan nan nan nan nan nan nan nan nan
nan nan nan nan nan nan nan 2.326419149908800577e-04 2.886765547252911863e-05 1.588914992770172792e-04 1.658347217579354122e-04 1.325937901651579476e-03 5.701755646185617792e-04 1.509865324706502129e-03 2.931564591780289053e-03 6.143435862992369448e-03 4.796550128370023091e-05 8.210577875586026796e-04 4.423525965559361832e-04 nan nan nan nan nan nan nan nan nan
nan nan nan nan nan nan nan 2.415006844052166517e-04 1.403648013034201284e-04 3.585534363015671481e-04 5.065153394637313198e-05 5.277037771234311704e-04 1.602700010964222673e-03 7.491563732985334232e-04 3.097930365444464228e-03 8.267384030935093914e-03 5.665969944983586040e-03 1.130139185392414411e-02 1.172386570621544244e-03 1.115130244397493763e-03 nan nan nan nan nan nan nan nan
nan nan nan nan nan nan nan nan 3.785949503218419992e-04 1.716827250664520966e-04 3.248354383238103967e-04 6.552084115403470537e-04 2.562772704506575960e-04 1.980013414202182621e-03 1.230201475527373982e-03 2.932211067348063430e-03 9.406542981538090764e-03 1.680329947940460873e-03 7.067986145727193394e-04 3.178354785773338312e-03 9.629267843798970964e-04 4.269892132351887437e-04 nan nan nan nan nan nan
nan nan nan nan nan nan nan nan nan 4.426720416628148955e-03 9.636203154856132669e-05 6.065195035072519763e-04 3.319519547623274469e-04 1.030529022601140461e-05 5.391928584852423911e-04 4.419093638789003053e-04 3.878647192252073460e-03 1.079854437796399710e-02 2.931934450124337732e-03 3.242853342430601204e-03 2.117459183136829841e-03 9.317333548332390903e-04 8.945000702911584233e-04 1.822266017780494970e-04 nan nan nan nan
nan nan nan nan nan nan nan nan nan nan 1.546227595345339386e-04 6.559942229574162228e-04 3.497545144155165034e-04 5.134717778048670569e-06 2.645298454915602829e-04 5.982673983948520301e-04 3.364414755121652198e-04 6.084155740747360964e-03 7.840625914536660315e-03 1.160539340372172476e-02 2.797915425562296551e-03 3.827577665324993174e-06 2.239956169995607847e-03 1.356887229762621886e-03 6.245871659953216703e-04 2.753104276601337787e-04 nan nan
nan nan nan nan nan nan nan nan nan nan nan nan 4.765705100070978051e-04 1.395007651817291522e-04 4.006562322790136442e-05 2.757965778983024812e-04 1.543649871367520476e-04 7.791253634155353817e-04 9.948029705705220983e-04 4.420429756320463097e-04 3.952789859765866963e-03 1.631219236092418994e-03 1.794076345657010906e-04 9.525291737759178368e-04 2.464475203222258508e-04 2.751037734934522433e-04 nan nan
nan nan nan nan nan nan nan nan nan nan nan nan nan 3.636503289159548867e-04 3.125643048711019265e-04 5.265484990500024411e-04 2.839609098453627729e-04 1.750462229493910792e-03 2.413862244501419670e-03 2.078546399441290934e-04 5.061600453349148453e-03 2.249271141601848282e-05 1.149245282610450621e-02 7.700746631931052095e-05 1.019693124130582234e-03 4.694144084914252850e-04 nan nan
nan nan nan nan nan nan nan nan nan nan nan nan nan nan nan 1.228835148484481716e-04 1.130128178711694523e-03 1.178841814544351973e-06 3.169327764939189893e-04 1.022317661678636379e-03 1.725185464470394394e-03 5.319892366287140052e-03 2.889546897903463277e-04 1.696105780726712715e-05 1.539999069858593748e-03 1.700507003584125591e-03 nan nan
nan nan nan nan nan nan nan nan nan nan nan nan nan nan nan nan nan 2.912410408390739562e-04 2.677742506662370015e-02 2.376959220247971006e-03 2.409439798691935530e-02 1.077762969723050678e-03 7.524102189079905773e-03 3.066480714726592914e-03 2.446867913406325541e-03 4.796587753814342378e-04 5.837565639181283928e-04 nan
nan nan nan nan nan nan nan nan nan nan nan nan nan nan nan nan nan nan nan nan 4.220227558481951555e-04 nan nan 3.485082700533403011e-03 4.056292991385857167e-04 2.023179136646127658e-05 nan nan
