nan nan nan 1.094604498713992215e-02 1.278227332581149359e-04 nan nan nan nan nan nan nan nan nan nan nan nan nan nan nan nan nan nan nan nan nan nan nan
nan nan nan 1.211616161103142887e-02 4.769197822471102729e-05 3.431672134688726946e-03 1.505646683887698796e-02 nan nan nan nan nan nan nan nan nan nan nan nan nan nan nan nan nan nan nan nan nan
nan nan 4.592679960863104045e-04 6.954972570271212434e-03 2.005792824329775774e-04 8.623696147065496422e-04 2.288757237662336196e-03 1.506927981461756404e-02 nan nan nan nan nan nan nan nan nan nan nan nan nan nan nan nan nan nan nan nan
nan 9.376924071755141782e-03 3.261581788444884843e-03 6.815799609141477700e-03 6.189947680642412554e-03 3.556326756025861985e-03 5.345308487737296735e-03 6.390596199790123805e-03 1.375136510777526244e-02 nan nan nan nan nan nan nan nan nan nan nan nan nan nan nan nan nan nan nan
nan 7.240453440673864580e-03 3.369788091664229022e-03 2.663536142206297721e-03 8.345045164132527601e-03 9.275283857633930722e-04 3.645027902089646374e-03 4.054704788161607280e-03 3.991560532377758097e-03 2.474078098711660414e-02 nan nan nan nan nan nan nan nan nan nan nan nan nan nan nan nan nan nan
7.606086410375844167e-03 1.476580364569514761e-02 7.116990881090463732e-03 3.664340469366230649e-03 4.254300312595592562e-04 1.338457886798714250e-03 4.215410108044917795e-03 5.584395237426277234e-03 7.849897834290471554e-03 nan nan nan nan nan nan nan nan nan nan nan nan nan nan nan nan nan nan nan
2.082013925434720442e-02 9.960269836972702410e-05 1.669831638361419807e-03 1.835976172579344493e-02 5.794225538336523866e-03 6.559752615095203307e-05 1.141805498172679748e-02 1.041432887142460309e-02 8.531674290927810864e-03 nan nan nan nan nan nan nan nan nan nan nan nan nan nan nan nan nan nan nan
1.339126277475969230e-03 1.541055497299791306e-02 2.511050613588843017e-02 1.192792487307288082e-02 3.575616668528504901e-03 6.462674652857280239e-03 4.003597639840373625e-04 1.129050039001630937e-02 1.959862505700421358e-03 nan nan nan nan nan nan nan nan nan nan nan nan nan nan nan nan nan nan nan
nan 8.041410014312192628e-04 5.912963828061951720e-03 2.699114618650436288e-03 1.204786151307243695e-02 1.350885261688827962e-03 2.296411285989531474e-03 4.693287842780665547e-03 9.400837026602063646e-04 3.090211962262857590e-02 nan nan nan nan nan nan nan nan nan nan nan nan nan nan nan nan nan nan
nan 1.111911979291962341e-03 5.173068247554995017e-04 2.710933544013163082e-03 7.698509124825167645e-03 1.711396435182905348e-03 9.909580170427461504e-03 3.637254872816083218e-03 6.315758126595356903e-03 7.665629400285366678e-03 nan nan nan nan nan nan nan nan nan nan nan nan nan nan nan nan nan nan
nan 3.665301391543053229e-04 3.868500489329260140e-04 1.867358416543184988e-04 3.778113308846532594e-04 3.802496422000974791e-03 1.159984896775837285e-02 2.090476910985700904e-03 2.234202606758956683e-03 1.168987499196150540e-02 nan nan nan nan nan nan nan nan nan nan nan nan nan nan nan nan nan nan
nan nan 2.016785567115501529e-04 1.713015755516426354e-03 1.898802813243907978e-03 1.451609822459447741e-03 1.081064635195444663e-02 1.481632651289900571e-03 9.955966914105788147e-04 1.626328855599405709e-02 nan nan nan nan nan nan nan nan nan nan nan nan nan nan nan nan nan nan
nan nan 6.887088069378920555e-04 6.353820535390835764e-05 1.091832665102479539e-04 nan 2.258071848492926911e-03 1.574076560094500501e-03 6.319287976893595352e-03 1.980689823872313488e-02 nan nan nan nan nan nan nan nan nan nan nan nan nan nan nan nan nan nan
nan nan nan nan nan nan 2.081058630330492876e-03 2.553320120789118707e-03 1.169325702078023374e-02 3.764315484398195882e-04 nan nan 1.059290785060723258e-02 nan nan nan nan nan nan nan nan nan nan nan nan nan nan nan
nan nan nan nan nan 5.551335824217477379e-03 3.124437687588041933e-03 2.469132226792019810e-03 1.050839098158071888e-02 8.580463249951399618e-04 nan nan nan nan nan nan nan nan nan nan nan nan nan nan nan nan nan nan
nan nan nan nan nan 4.410661830197156429e-03 1.304455756126738633e-03 6.487760537294381047e-04 2.020477952491313430e-04 1.127874350687449630e-02 2.994462714817134989e-04 nan nan nan nan nan nan nan nan nan nan nan nan nan nan nan nan nan
nan nan nan nan nan 1.860014946528405896e-03 9.845134993953824805e-04 9.521916002461871913e-04 3.064910625597528867e-04 5.713437003884646107e-03 1.106453331349322843e-03 4.290662984100783195e-05 nan 1.550827009369576631e-04 nan nan nan nan nan nan nan nan nan nan nan nan nan nan
nan nan nan nan nan 4.704803363038871449e-04 2.487280227457214113e-04 9.490169786071655806e-04 3.350858732185725856e-04 2.498629123194834149e-04 3.229674225355963144e-03 2.418798163387836722e-02 1.826968945209374794e-04 5.109343161232671009e-04 8.736512659036038784e-05 nan nan nan nan nan nan nan nan nan nan nan nan nan
nan nan nan nan nan 1.076137255351543483e-02 9.450936472276901023e-04 2.646672891129824207e-04 2.105972215410998536e-06 8.064038431748659979e-04 2.924137254569394691e-04 2.272680336533558520e-05 1.644014770040869849e-02 6.719183215214230218e-03 9.513576818607894620e-05 1.011115738426367401e-04 8.103543618565679308e-05 nan nan nan nan nan nan nan nan nan nan nan
nan nan nan nan nan nan 3.054591809423485243e-05 1.130636276924231967e-04 1.812811982375861174e-05 9.284613067213085620e-05 1.190530295897900773e-04 4.255384248522005026e-04 7.788936514243645489e-04 2.568104808485172780e-03 3.847290132848048272e-03 1.373910863866102401e-04 5.638251476883242470e-04 3.881799962056676524e-04 nan nan nan nan nan nan nan nan nan nan
nan nan nan nan nan nan nan 3.655879957168646000e-04 5.146902278210557964e-05 7.400975218465323955e-06 5.968843350154592756e-05 6.889300500614044904e-04 2.855250743426187188e-04 2.952444372943775032e-06 3.834335843387692930e-03 9.740319827089897325e-03 1.367246341933685706e-04 4.347779156890441360e-04 8.108070401656485623e-04 nan nan nan nan nan nan nan nan nan
nan nan nan nan nan nan nan 3.023825538922764655e-04 1.722857964971879965e-04 3.588531688990571357e-04 7.869038379834654526e-05 6.749692836111613383e-04 2.725633929437865522e-03 4.460678671397586221e-04 6.237073335613268175e-04 7.626271961261113681e-03 1.066788109471698831e-02 1.095371111065714283e-02 1.561320581187375508e-03 1.259591634315524161e-03 4.689952927282981898e-04 3.775444288723339161e-04 nan nan nan nan nan nan
nan nan nan nan nan nan nan nan 2.676472270492898315e-04 5.894127808267234699e-04 2.334676999982026105e-04 7.631215369545633261e-06 7.370473761388408917e-04 2.554348027523834028e-03 6.498577077511251063e-03 1.157319076628321062e-03 8.625196471535622952e-03 9.499149248391157169e-04 7.268192540755931061e-04 2.916662766696862669e-03 5.841580372064858169e-04 2.695042736147697303e-04 1.579129580927689821e-04 4.875947408024794666e-04 nan nan nan nan
nan nan nan nan nan nan nan nan nan 1.540342436442616522e-03 1.453635505821339888e-03 2.106652345111188469e-04 1.009061728044860517e-05 5.041918067787947832e-04 2.872009620741153811e-03 8.623473068193114556e-04 3.990884901036384491e-03 1.173374055051673234e-02 2.045547879026287947e-04 2.677701833706058396e-03 2.253540570683065097e-03 9.699334098848306921e-04 1.689882134070418585e-03 4.230826514105707689e-03 nan nan nan nan
nan nan nan nan nan nan nan nan nan nan 1.235866331037296754e-02 7.756344566664564750e-04 3.636681162236061211e-06 4.313876186951018593e-04 1.943052228028443150e-03 8.922528990720113469e-04 1.873199750967655119e-03 1.798054174831038854e-03 5.409265467859526201e-03 1.017442412211791436e-02 2.253289344872121645e-03 2.904019578313118578e-05 2.861111014948638630e-03 1.760997235303442352e-03 9.168741069543476447e-05 nan nan nan
nan nan nan nan nan nan nan nan nan nan nan nan 3.708911974152814795e-04 8.928035702380445382e-05 2.518606903917386893e-05 9.418088128965798351e-04 7.431379078681017106e-04 9.259350772230198528e-05 4.460358513409103196e-04 2.791972078265665420e-03 5.449520657721786121e-03 4.221912721748353331e-03 1.814253415644456182e-03 3.200988191252166545e-03 7.329287649732144799e-05 nan nan nan
nan nan nan nan nan nan nan nan nan nan nan nan nan 2.028969933663911146e-04 5.963692308182027895e-04 2.546080894404867271e-04 6.218974865019891922e-05 5.554701651875318044e-03 2.563514669347750647e-04 1.899206725744958992e-03 2.666738076770080405e-03 6.688253131207058037e-05 1.510762286195018172e-04 5.923054303822532750e-04 9.813172750867808249e-04 nan nan nan
nan nan nan nan nan nan nan nan nan nan nan nan nan nan nan 3.293003388154721982e-03 2.774156996698268901e-04 1.963177673515530651e-03 1.005439244137763940e-03 5.756684114886996377e-03 9.636034508876897570e-04 7.847272072558845839e-04 4.089097503022402573e-04 1.061428916676705682e-04 1.829815620371306453e-03 nan nan nan
nan nan nan nan nan nan nan nan nan nan nan nan nan nan nan nan nan 1.225370841112601895e-02 1.665492494223410431e-03 6.749204617567165776e-03 1.133861543985718520e-02 1.387843110991839350e-03 2.131403598225287046e-03 2.500606836103242900e-03 8.627817388098369495e-04 nan nan nan
nan nan nan nan nan nan nan nan nan nan nan nan nan nan nan nan nan nan nan nan 2.477843928129447402e-03 nan nan 9.287146512102862966e-04 4.167456922993009977e-04 nan nan nan
