nan nan nan 8.086412229008496048e-04 4.643385029236239957e-05 nan nan nan nan nan nan nan nan nan nan nan nan nan nan nan nan nan nan nan nan nan nan nan
nan nan nan 4.625528372351315641e-04 1.245686853003388057e-04 2.832322040656168067e-03 7.136570716556225880e-03 nan nan nan nan nan nan nan nan nan nan nan nan nan nan nan nan nan nan nan nan nan
nan nan 2.350809125646426134e-03 4.569660419204702438e-04 3.864569668041746152e-04 3.423237584304241691e-03 1.472505827854758307e-03 1.964921011618143976e-02 nan nan nan nan nan nan nan nan nan nan nan nan nan nan nan nan nan nan nan nan
nan 5.495607662211566408e-03 9.726458428782947842e-04 1.003046398793116210e-03 6.870829540317028054e-04 3.079480914999673576e-03 3.810995081471967375e-03 7.332520300607447278e-03 6.648788826473189459e-03 nan nan nan nan nan nan nan nan nan nan nan nan nan nan nan nan nan nan nan
nan 2.047883446906874003e-02 3.783381541367710800e-03 5.174734627771223304e-03 2.476152050167687232e-02 3.938957103207502315e-03 4.640852207933114301e-03 3.679572415047313236e-03 8.318657872786282617e-03 2.586954015724723943e-02 nan nan nan nan nan nan nan nan nan nan nan nan nan nan nan nan nan nan
1.486973239853133476e-02 1.117117685601339006e-02 9.402449694913873196e-03 1.869085705509486266e-03 6.145785439550697452e-04 6.337814773311536976e-04 2.065505585162095460e-03 2.892066706315143954e-03 1.683024075357174298e-02 nan nan nan nan nan nan nan nan nan nan nan nan nan nan nan nan nan nan nan
5.886349188192680978e-03 1.767308137987109312e-02 4.924687370718451021e-04 4.344805731500592065e-03 3.641488463581920237e-05 4.599720882562893277e-03 5.053600703246228718e-03 1.536872904147661839e-02 1.118061769161151665e-02 nan nan nan nan nan nan nan nan nan nan nan nan nan nan nan nan nan nan nan
5.361923983186917290e-04 3.830583050332838409e-03 7.827768265195985536e-03 4.804170637605753428e-04 7.986310845852880730e-03 2.833004499641859648e-03 4.621955221020662349e-03 2.383549507750558349e-02 1.476631210183561044e-03 nan nan nan nan nan nan nan nan nan nan nan nan nan nan nan nan nan nan nan
nan 1.029373041783298920e-03 8.375386743597940022e-04 3.677385453609582650e-03 1.198637528938317938e-02 6.645115898623193268e-03 1.132676299221905712e-03 1.665463340731072536e-02 9.394959829935336203e-04 2.387854551995510083e-02 nan nan nan nan nan nan nan nan nan nan nan nan nan nan nan nan nan nan
nan 2.058450917853101112e-03 3.791159808093279467e-03 1.829546077086835866e-03 2.633719391640843965e-03 1.092908848043287008e-04 2.186798818180539592e-03 8.700334436696438231e-03 1.602534863989353575e-02 4.784822672381744239e-03 nan nan nan nan nan nan nan nan nan nan nan nan nan nan nan nan nan nan
nan 5.391000268959859551e-03 1.522743408309887975e-04 4.288457611417143445e-04 6.501453431410917977e-04 6.582382236229384481e-03 3.779923098188032494e-03 4.360416169356460918e-03 1.422199510546809603e-04 9.928463092193811831e-03 nan nan nan nan nan nan nan nan nan nan nan nan nan nan nan nan nan nan
nan nan 1.339655941185150792e-03 3.058211242943039733e-03 1.836642758114300595e-03 1.008418576071906832e-03 1.280052408391545507e-02 1.202700318852954406e-02 3.429654560878204420e-03 1.176195121245388747e-02 nan nan nan nan nan nan nan nan nan nan nan nan nan nan nan nan nan nan
nan nan 9.226879454664599486e-04 4.181981663282543019e-03 2.627382431397886318e-03 nan 2.982579398823439944e-03 3.860763718952233380e-04 3.290967043965847133e-03 2.087024929554380862e-02 nan nan nan nan nan nan nan nan nan nan nan nan nan nan nan nan nan nan
nan nan nan nan nan nan 2.010859092195856242e-03 3.580742005953297356e-03 8.789937255231349347e-03 6.647072909061297556e-04 nan nan 3.881139408634440551e-03 nan nan nan nan nan nan nan nan nan nan nan nan nan nan nan
nan nan nan nan nan 6.049425518180689965e-03 5.182747275764679890e-03 4.650021022953866297e-04 1.073646685412834451e-02 7.082333053129355783e-06 nan nan nan nan nan nan nan nan nan nan nan nan nan nan nan nan nan nan
nan nan nan nan nan 3.676819518935596325e-03 9.485392872757077588e-04 1.019127876298103839e-03 1.161880106159153200e-03 8.387372587976265476e-03 7.354159378298765609e-05 nan nan nan nan nan nan nan nan nan nan nan nan nan nan nan nan nan
nan nan nan nan nan 2.262245942126840485e-03 5.264245688707664111e-04 1.306681906075423749e-03 5.803953204885350589e-05 8.114452752290991083e-03 4.153647311592490203e-04 6.938308234218388952e-05 nan 1.436295315853816331e-04 nan nan nan nan nan nan nan nan nan nan nan nan nan nan
nan nan nan nan nan 1.280554205558301004e-03 1.325335522314110984e-04 8.010696732937594607e-04 2.285082237812075825e-04 1.308912976718949392e-03 7.877343139473283809e-03 1.570775699749563797e-02 1.900464931735111466e-04 2.295203652002959598e-04 2.034117826021627834e-04 nan nan nan nan nan nan nan nan nan nan nan nan nan
nan nan nan nan nan 1.216171461367493087e-02 8.999982317710342747e-04 3.360493046772984127e-04 2.038528271835872234e-04 6.161692706164980304e-04 7.001394817876854977e-04 8.142046601217630645e-05 1.416224657637493722e-02 7.607543990563550053e-03 1.114679485207659002e-04 6.913292116002332875e-05 nan nan nan nan nan nan nan nan nan nan nan nan
nan nan nan nan nan nan 8.672759106735181286e-05 1.062480585171725866e-05 8.176809707498115470e-06 2.603521702736009275e-04 1.658709506181551459e-05 1.053327531192563195e-03 2.344793031093074043e-04 2.165147429291095372e-03 4.004485189565412315e-03 1.626941785136068485e-04 6.655519682345415996e-04 nan nan nan nan nan nan nan nan nan nan nan
nan nan nan nan nan nan nan 4.612709580587103615e-05 3.490087977542523498e-05 1.164430959999708085e-06 1.584861482855988066e-04 1.596176049856288734e-03 1.418749934585653407e-03 2.021754107600187667e-04 3.743937264565944806e-03 8.444745864984970832e-03 1.884223775178240352e-05 4.796182738958463935e-04 nan nan nan nan nan nan nan nan nan nan
nan nan nan nan nan nan nan 4.477249292068514216e-05 2.260044349683364682e-04 3.649819014384177336e-04 2.743881766825252482e-04 1.765507660343607359e-04 5.375809037647179701e-04 7.549372425011712830e-04 7.384487930555690789e-04 6.992009128622547059e-03 9.661907890140130836e-03 9.589333327805848670e-03 1.123594819218332388e-03 nan nan nan nan nan nan nan nan nan
nan nan nan nan nan nan nan nan 1.177293173766444639e-03 2.326257003409477539e-04 6.331466890584883946e-05 9.241984328558990091e-05 1.002195192722591570e-03 1.642452039328777622e-03 1.637002761203541204e-03 3.592437029906697752e-04 9.839757177712753558e-03 9.182924558250686858e-04 8.373996255050077716e-04 3.510219173705863248e-03 7.873844394562556958e-04 nan nan nan nan nan nan nan
nan nan nan nan nan nan nan nan nan 1.914630586326692774e-03 9.440979943127169845e-04 9.455586543514320772e-04 2.725177157476227981e-04 3.880157040189017334e-04 2.336265180034487448e-03 1.208569530497225516e-04 2.484181308192361624e-03 9.521835770865638010e-03 4.858106797541287842e-04 2.527973958646346098e-03 1.566079619329134370e-03 1.207061324582499925e-03 nan nan nan nan nan nan
nan nan nan nan nan nan nan nan nan nan 2.233949774174774899e-03 1.038568031452441909e-03 1.397880262550197890e-04 7.442691367139154558e-04 5.471472774147264967e-04 1.889459372711681196e-03 4.398142733931140972e-04 1.573735956049047372e-03 8.761142719903873902e-03 1.114286507958800986e-02 2.107697052328995260e-03 2.140541060177950143e-05 1.932518847414725670e-03 1.414917354919220226e-03 nan nan nan nan
nan nan nan nan nan nan nan nan nan nan nan nan 1.875348886744006554e-03 1.119750059404791447e-04 8.223315949720130477e-05 6.240939737543631021e-04 1.456432636077894475e-03 4.135572529305306302e-04 2.670384410458034787e-03 7.852243132576202040e-04 6.784539538827884242e-03 1.642821337354865435e-03 3.435702358226559641e-04 1.785750042646230308e-03 4.255728830721556394e-04 nan nan nan
nan nan nan nan nan nan nan nan nan nan nan nan nan 4.322412372842258889e-04 4.634631564448373950e-04 3.188782427368688430e-03 6.176684477683216977e-04 4.029875941132187410e-03 2.155457961177689903e-03 1.676237555147785073e-03 7.755934305926409991e-03 1.936715221227767862e-04 4.394460567990321866e-04 3.776452231755123793e-04 8.238818486657166354e-04 3.734837678606774689e-04 nan nan
nan nan nan nan nan nan nan nan nan nan nan nan nan nan nan 1.288126329025561035e-03 2.595165465593767505e-03 2.935570343601882817e-03 5.739353176772602838e-04 1.598496452085043694e-03 4.277296379986247205e-03 1.209084404493463577e-02 1.918132849203273637e-04 4.036051180999114378e-05 1.637703449771028483e-03 1.555287410982392898e-03 nan nan
nan nan nan nan nan nan nan nan nan nan nan nan nan nan nan nan nan 2.019783657973429902e-02 4.158866786372637575e-04 1.563083382891047868e-02 5.662972945598486289e-03 1.003977254379900255e-03 1.824057547657386910e-04 2.377144726077956745e-03 8.268129648061936076e-04 7.337963484188703535e-04 5.658225321973079291e-04 nan
nan nan nan nan nan nan nan nan nan nan nan nan nan nan nan nan nan nan nan nan 4.902906050822629369e-03 nan nan 3.039265929699329653e-04 1.834511374392554272e-04 3.382304831737194511e-05 nan nan
