nan nan nan 1.245631645900494369e-02 1.176802478009534528e-03 nan nan nan nan nan nan nan nan nan nan nan nan nan nan nan nan nan nan nan nan nan nan nan
nan nan nan 8.960985701259333025e-03 4.463384314734452512e-04 2.990711766192677510e-03 1.306618212056906772e-02 nan nan nan nan nan nan nan nan nan nan nan nan nan nan nan nan nan nan nan nan nan
nan nan 1.857533520460235427e-03 6.018197508499045691e-04 1.070581503657420648e-04 4.877452256107270810e-03 9.681830522309379551e-04 3.030221840467180877e-02 nan nan nan nan nan nan nan nan nan nan nan nan nan nan nan nan nan nan nan nan
nan 7.454333846203238176e-03 6.050147321855373593e-03 8.733898283617601982e-03 5.849595633752736890e-03 6.060567316412399097e-03 2.763869939239276593e-03 1.657958110564716064e-02 4.936680681697966887e-03 nan nan nan nan nan nan nan nan nan nan nan nan nan nan nan nan nan nan nan
nan 7.982730741060012347e-03 1.322640826476784506e-02 1.691113367934819062e-02 6.350291524747175495e-03 1.527235535345416919e-03 2.862291872162280645e-03 8.445094426230136467e-03 5.557844830403166521e-03 1.894566319216474393e-02 nan nan nan nan nan nan nan nan nan nan nan nan nan nan nan nan nan nan
2.569495778062971456e-02 2.874737499742148960e-04 6.413479989247329593e-03 2.089609484203247894e-02 2.669252720682320241e-03 1.847395415178941297e-03 4.208849654056212261e-04 1.193781326757635368e-02 2.303610282598219164e-02 nan nan nan nan nan nan nan nan nan nan nan nan nan nan nan nan nan nan nan
1.747308388916390346e-03 2.466283636532763668e-02 3.892192454083579379e-03 5.562639458827948157e-04 1.659910561360053666e-04 4.073848733961995920e-03 2.595210646444648275e-04 3.487565663311339298e-02 9.083420247323026678e-03 nan nan nan nan nan nan nan nan nan nan nan nan nan nan nan nan nan nan nan
8.016764037252488428e-04 3.336127533610319489e-03 3.075118292118339536e-02 2.834864702872294962e-03 9.097398359915549650e-04 1.270827618349962621e-02 1.697573618000936414e-03 4.489484697030041160e-02 3.237836897152156831e-03 nan nan nan nan nan nan nan nan nan nan nan nan nan nan nan nan nan nan nan
nan 2.597904997374680947e-03 2.553417310979099342e-03 2.981200251106289230e-03 8.392183045486946132e-04 1.589442686531918406e-02 6.383635370386239391e-03 2.709397576032323077e-02 2.893377916048290102e-03 2.418923412161372299e-02 nan nan nan nan nan nan nan nan nan nan nan nan nan nan nan nan nan nan
nan 4.221875039011844253e-04 1.931386619722950905e-03 5.179288456409126412e-03 2.925534787031455666e-03 4.472732948742797095e-03 8.782448116538653718e-03 3.504583804008170721e-03 1.075219039296588554e-02 6.668794753350553405e-03 nan nan nan nan nan nan nan nan nan nan nan nan nan nan nan nan nan nan
nan 9.083246467679101290e-04 1.348730498465849567e-04 1.481030204026291021e-03 2.560641107392653583e-03 7.047017384191739224e-03 7.122323743495613665e-04 1.053155728653840887e-03 9.434018922708136204e-04 5.693113169604309409e-03 nan nan nan nan nan nan nan nan nan nan nan nan nan nan nan nan nan nan
nan nan 5.717681932434335755e-04 1.930215672197514547e-03 1.873733833481213990e-03 1.063392867505182950e-03 5.094312092716831754e-03 3.404885966465438351e-03 3.492831365357694897e-04 9.306504836565874031e-03 nan nan nan nan nan nan nan nan nan nan nan nan nan nan nan nan nan nan
nan nan 8.439137158522398534e-04 5.543677189271937642e-04 1.248894100318504222e-04 nan 1.412701996213870442e-03 4.269014653201019869e-04 3.218034892615716409e-03 1.918540483675579278e-02 nan nan nan nan nan nan nan nan nan nan nan nan nan nan nan nan nan nan
nan nan nan nan nan nan 2.638262719894218615e-04 8.559813083649794874e-03 1.005560633113374361e-02 3.107818844732723913e-03 nan nan 9.508420826244243229e-03 nan nan nan nan nan nan nan nan nan nan nan nan nan nan nan
nan nan nan nan nan 3.233813316730076940e-03 2.322210197110952893e-03 2.035727780052292053e-03 4.425589383382667365e-03 1.110144421085763672e-03 nan nan nan nan nan nan nan nan nan nan nan nan nan nan nan nan nan nan
nan nan nan nan nan 2.979057660971978772e-03 3.907112139356811484e-04 2.160248151262707792e-04 1.816168958895121024e-04 1.176027280781184389e-02 4.265484604722349395e-03 nan nan nan nan nan nan nan nan nan nan nan nan nan nan nan nan nan
nan nan nan nan nan 7.878151889581257086e-04 1.382601774829245482e-03 5.236293252694119472e-04 9.486862396068586768e-04 1.165497051155597007e-02 3.448125129688072474e-04 4.833273157081134359e-04 nan 1.936115484107939363e-04 nan nan nan nan nan nan nan nan nan nan nan nan nan nan
nan nan nan nan nan 1.160567279022063853e-03 5.969089271225369977e-04 1.877977955291308589e-03 1.072533475605866185e-03 2.056788137624411799e-03 1.368108393803455815e-02 2.420968350698417260e-02 2.540820917979523075e-04 1.770761877146533611e-04 1.521180185111192557e-04 nan nan nan nan nan nan nan nan nan nan nan nan nan
nan nan nan nan nan 2.303069269462324625e-02 3.682651926591489627e-03 5.273039775511841141e-04 1.604821944362219916e-04 4.899403031382109459e-04 2.675359805009923072e-04 1.290723902476614024e-04 1.448136980123661266e-02 4.479353126762413220e-03 7.983313964706312521e-05 1.539119682859434613e-04 2.261921330229688120e-04 nan nan nan nan nan nan nan nan nan nan nan
nan nan nan nan nan nan 3.258677334999684214e-04 1.168801603816076314e-04 4.387497028833273302e-04 2.789748175424131916e-04 2.514947035138888898e-05 1.287291998118666309e-04 2.089088247997322560e-03 4.179663400552125450e-03 2.181889447872127630e-03 4.484035201643656781e-04 4.715409327892380507e-04 6.326790730541541211e-04 nan nan nan nan nan nan nan nan nan nan
nan nan nan nan nan nan nan 1.914114454081477941e-06 3.249148937081619998e-05 1.371793728402264615e-04 7.982904916198958094e-05 1.160723539048545173e-03 1.032574490746615082e-03 1.294369399135286963e-03 1.100791695592950696e-02 4.630465230146005827e-03 1.026118251416537183e-04 6.717901383393613595e-04 1.142054877447994457e-03 nan nan nan nan nan nan nan nan nan
nan nan nan nan nan nan nan 8.057883287206231947e-04 6.258589029715919995e-04 3.655967511940632665e-04 2.041548533413071597e-04 5.694569676772142687e-04 1.771756302423208203e-03 9.492787956213558130e-04 1.309360738357566141e-03 2.180109817251241200e-02 4.225002163116434693e-03 1.061438981972924120e-02 1.459825845477223270e-03 9.852669680730961280e-04 8.644469280703917470e-04 7.566191042409536925e-04 nan nan nan nan nan nan
nan nan nan nan nan nan nan nan 2.210939919370148894e-03 7.369495421659975161e-04 1.059142100130505319e-04 1.060222064464392796e-03 1.933891664807113793e-04 1.327509901136790776e-03 7.709193206786351315e-04 1.427259507474166154e-03 2.230718941547091966e-02 1.029759872266077609e-03 1.005355334354726942e-03 3.487677138365324198e-03 8.190798541822261539e-04 5.069965136805203295e-04 4.517962241600195620e-04 nan nan nan nan nan
nan nan nan nan nan nan nan nan nan 4.457693990647489807e-03 3.504753898230098040e-04 6.611525025376215709e-04 7.411471985864400954e-04 7.658891184208632425e-04 1.651768146123479275e-03 1.932390357687670149e-04 9.638535994708027910e-03 9.246247817379652650e-03 2.668343947337150669e-03 3.180254322989298048e-03 1.978573571940036094e-03 1.714111770080116144e-03 1.079758206826503079e-03 1.828356672128796795e-03 nan nan nan nan
nan nan nan nan nan nan nan nan nan nan 8.855701846832398152e-03 2.517941620463584910e-04 4.654743445388731895e-04 3.349675235717195420e-04 2.877049558193599211e-04 1.204776627680294743e-03 3.933639048235070213e-05 7.746216418775814586e-03 1.602598126317118093e-02 1.316575636554087776e-02 2.531341948307583821e-03 5.959830247790458019e-04 2.119395299899958212e-03 1.517064388879969935e-03 6.963197459719614336e-04 2.606677019604365176e-04 nan nan
nan nan nan nan nan nan nan nan nan nan nan nan 8.048117485454595607e-04 1.073652605771713992e-07 1.789613917918895364e-04 1.387940202424178815e-03 1.832549625629868815e-04 3.249562153058000175e-06 1.719416577357222664e-03 3.171095120205322579e-05 7.750799851819775363e-03 7.137205392135732504e-03 3.845748128995414572e-04 1.088713539871293554e-03 2.120074581635216665e-04 2.285563493969003943e-04 nan nan
nan nan nan nan nan nan nan nan nan nan nan nan nan 3.465192080183624032e-04 5.506763635944593205e-06 6.866396671128128636e-04 2.986619324659971902e-04 3.397296563879000520e-03 1.495432149172101202e-03 1.583076122840591533e-03 1.678803351357339643e-02 4.429864807807177424e-03 5.292752198495841685e-03 1.289016676199024975e-03 6.279779411523896864e-04 3.127830760046876953e-04 nan nan
nan nan nan nan nan nan nan nan nan nan nan nan nan nan nan 1.946372473758479745e-03 3.197617517561791747e-04 1.657642512069949347e-03 2.158095550107196406e-03 4.066595518189210397e-03 2.602600513368681385e-03 8.935298493227701241e-03 1.594248650425867612e-03 1.066328438718831297e-03 1.375077703447273895e-03 1.419219209214098295e-03 nan nan
nan nan nan nan nan nan nan nan nan nan nan nan nan nan nan nan nan 3.529795785407937540e-03 5.859133176693518200e-03 1.604127717359416991e-03 1.376466307002921496e-02 1.941515596482792190e-03 1.498702908028302699e-03 6.059543616416425416e-03 1.345487565070144133e-03 4.887866959107345886e-04 6.377440519530718204e-04 nan
nan nan nan nan nan nan nan nan nan nan nan nan nan nan nan nan nan nan nan nan 3.601912755322419710e-03 nan nan 4.325900728217621331e-03 5.915232938524368983e-04 1.239338784835637328e-04 nan nan
