nan nan nan 3.223579887714162558e-04 4.736649944836937966e-04 nan nan nan nan nan nan nan nan nan nan nan nan nan nan nan nan nan nan nan nan nan nan nan
nan nan nan 1.414606344251492440e-03 1.376643185603196535e-03 5.195402691561734967e-03 7.843022759421230602e-03 nan nan nan nan nan nan nan nan nan nan nan nan nan nan nan nan nan nan nan nan nan
nan nan 1.055780020528461656e-02 1.279817808324958811e-02 5.437890940399042619e-04 8.762871830638212711e-04 7.940532106963933516e-04 1.079551712197934429e-02 nan nan nan nan nan nan nan nan nan nan nan nan nan nan nan nan nan nan nan nan
nan 7.949507560394168323e-04 2.651004741250427565e-03 1.385861307340843698e-03 1.846042396064592576e-03 4.010879658218609138e-03 2.549595201102215162e-03 9.549766681414453406e-04 9.913593954851694298e-03 nan nan nan nan nan nan nan nan nan nan nan nan nan nan nan nan nan nan nan
nan 1.046665849322347963e-02 2.366552313860516526e-04 9.906437861160095632e-04 1.120230038382342627e-02 4.887276107664981391e-03 2.303350879997449058e-03 3.531404535872662790e-03 2.595602619345392919e-03 2.828893517241443459e-02 nan nan nan nan nan nan nan nan nan nan nan nan nan nan nan nan nan nan
6.501511510281215468e-03 1.522290235905016153e-03 2.404149631949038628e-03 6.609318875419757829e-03 1.588439923977798002e-03 5.707167513059755240e-04 2.676558847604837768e-03 4.921844414477180747e-03 9.568355485752213369e-03 nan nan nan nan nan nan nan nan nan nan nan nan nan nan nan nan nan nan nan
6.700362580176869075e-05 2.070063266406802285e-02 5.464414437265591260e-04 2.364733372232357290e-03 9.237532917418857584e-03 2.053306460768010520e-03 3.929357974353627804e-03 2.496318097484184068e-02 4.508606975284172721e-04 nan nan nan nan nan nan nan nan nan nan nan nan nan nan nan nan nan nan nan
5.710171527813440520e-04 1.695554839396938573e-02 5.577425631422550101e-03 1.017281573061899508e-04 5.201512683722891821e-03 2.752670071309875786e-04 9.264234250226576969e-04 2.181082503942006687e-02 1.843380308516071400e-04 nan nan nan nan nan nan nan nan nan nan nan nan nan nan nan nan nan nan nan
nan 6.591728576698934090e-03 8.091154910082911517e-03 2.922757871468217796e-04 1.825781079056165539e-03 1.885448746780381529e-03 1.052397017570569707e-02 1.251172074821164416e-02 2.740525870014237577e-04 2.797542974148957071e-02 nan nan nan nan nan nan nan nan nan nan nan nan nan nan nan nan nan nan
nan 4.363525980387646542e-04 2.980211092223606056e-05 1.061273504518785854e-03 2.255844658632925881e-03 4.985849460619075531e-03 7.854232250305002473e-04 4.966572845906860011e-03 4.581658970420942993e-03 1.286751108229893838e-02 nan nan nan nan nan nan nan nan nan nan nan nan nan nan nan nan nan nan
nan 2.599975420555164507e-03 1.486150175347828156e-04 8.144845932842121532e-05 6.760076125332464901e-05 2.470258597913996441e-03 1.446387632482225381e-03 2.283778074097459702e-03 1.862962696514423519e-03 6.773366014265373020e-03 nan nan nan nan nan nan nan nan nan nan nan nan nan nan nan nan nan nan
nan nan 6.606949098955086294e-05 4.990053933633096551e-04 1.606425612546032427e-03 5.769439700549142255e-04 4.299643881770411590e-03 2.470862590115889632e-03 6.335978573197868433e-04 1.110759413340465379e-02 nan nan nan nan nan nan nan nan nan nan nan nan nan nan nan nan nan nan
nan nan 3.177950919914153557e-04 4.218520812942947677e-04 3.145707733158127715e-04 nan 1.468996375659844785e-03 2.142856504287696078e-03 6.167795641969841224e-03 1.514303316912102987e-02 nan nan nan nan nan nan nan nan nan nan nan nan nan nan nan nan nan nan
nan nan nan nan nan nan 1.639618513414319327e-03 8.934937115778200829e-04 1.017769102241841521e-02 1.971931538502074647e-03 nan nan 1.646195987572945333e-03 nan nan nan nan nan nan nan nan nan nan nan nan nan nan nan
nan nan nan nan nan 6.361660383848286374e-03 1.240467176544461213e-03 7.446394280988121069e-04 7.595388673678539829e-03 4.370140872197113800e-04 nan nan nan nan nan nan nan nan nan nan nan nan nan nan nan nan nan nan
nan nan nan nan nan 4.200503010183207105e-03 1.134946908921842263e-03 1.026186431418359699e-03 3.484904818180362802e-04 4.619524272592367801e-03 2.212533255297219597e-03 nan nan nan nan nan nan nan nan nan nan nan nan nan nan nan nan nan
nan nan nan nan nan 2.047547002744230446e-03 3.171846772457466023e-04 8.385159259755264709e-04 6.278928161121395766e-04 3.081322029889631622e-03 7.139090983004567348e-05 1.428146243741091421e-04 nan 6.673948072143190153e-04 nan nan nan nan nan nan nan nan nan nan nan nan nan nan
nan nan nan nan nan 7.615134035097487382e-04 4.850509884896210750e-05 6.648646933232051992e-04 8.207672944732833471e-04 3.014464946654819323e-03 2.901771435230596826e-03 1.378836096893146235e-02 5.318298744968427173e-04 3.768047084337741064e-04 5.679860124565756264e-04 nan nan nan nan nan nan nan nan nan nan nan nan nan
nan nan nan nan nan 6.957539969497212110e-03 3.282659252181000529e-04 5.208740806638867578e-04 1.534019443749356506e-04 6.993420385437977246e-05 1.233487985317769124e-03 2.226567728339311051e-04 1.265465661750508550e-02 3.617419488344561593e-03 1.990103630282377407e-04 7.527496349342081416e-05 4.014893646536889628e-04 nan nan nan nan nan nan nan nan nan nan nan
nan nan nan nan nan nan 8.445155898460259187e-05 1.857122753566937045e-04 4.676452608761609742e-06 4.003065505818867898e-04 5.438147547957706933e-04 1.819771910211908207e-03 2.083622427240893848e-04 4.605691719233077040e-03 3.901722266130437829e-03 1.693745155669274156e-04 6.258566609592275008e-04 5.337343687190780660e-04 nan nan nan nan nan nan nan nan nan nan
nan nan nan nan nan nan nan 1.791747820679259794e-04 1.212072429453755210e-04 3.471385227517915974e-05 5.005558190252290605e-05 5.361464152556321121e-04 5.211490885180455890e-04 1.817859126191108789e-04 6.362925757006005802e-03 1.015273135850841210e-02 4.651609755712016745e-04 5.688855943443970340e-04 4.825003941404466443e-04 nan nan nan nan nan nan nan nan nan
nan nan nan nan nan nan nan 1.683662367038084708e-04 3.377643759549518493e-04 7.574810053238465683e-04 5.185981857955511420e-04 8.181882345951313733e-04 2.566308097625537212e-03 9.307073278676253206e-05 2.329822400104208935e-04 2.384583969355361620e-03 1.087786576576944483e-02 1.200805898500106710e-02 1.241084722082504187e-03 9.399006591092176404e-04 nan nan nan nan nan nan nan nan
nan nan nan nan nan nan nan nan 6.802432708419352226e-04 1.559897216530106321e-03 6.277800636146993202e-05 1.809625738941406716e-05 5.566293816246169982e-04 1.082415032917001573e-03 5.510609838508715667e-04 1.982310522315278416e-03 9.800106588466231741e-03 6.357501886673362331e-04 1.018679751351852895e-03 3.065750830249743420e-03 5.086124362731570068e-04 nan nan nan nan nan nan nan
nan nan nan nan nan nan nan nan nan 1.185776847507957312e-06 3.957902539115342984e-04 1.271574034287353263e-04 2.284362862218783309e-04 1.710265057237275559e-04 8.515538387834275993e-04 9.171135004476071821e-04 3.870595504985598154e-03 3.423719399720847115e-03 3.416637345438343657e-04 3.909181618287330476e-03 2.534706919029868551e-03 1.510890341659705495e-03 9.669659715292399467e-04 nan nan nan nan nan
nan nan nan nan nan nan nan nan nan nan 3.460617471225341767e-03 1.323533900986204645e-04 2.375160827913544003e-04 2.833677961215284825e-04 4.442835528452499004e-04 2.145928606190021862e-03 1.326155545186371611e-03 1.967534965453321839e-03 8.070992708015428327e-03 8.244161705967076315e-03 3.559621562280563048e-03 4.744297793143075110e-05 3.424894138507258556e-03 2.208280849343114902e-03 nan nan nan nan
nan nan nan nan nan nan nan nan nan nan nan nan 4.153796666045044602e-04 3.615345086770344659e-04 8.039529683525320882e-04 1.282694498157420718e-03 4.904854005395780986e-04 2.950054119726532422e-04 1.383972221111209443e-03 3.141156586038970373e-03 6.614356601311745243e-03 3.063576200230395778e-03 1.161519294516497091e-03 2.391932192281759351e-03 1.498427571849828921e-04 5.291965321986124432e-04 nan nan
nan nan nan nan nan nan nan nan nan nan nan nan nan 9.791265920348478464e-06 1.357607966885515704e-04 6.346112906768086939e-03 1.095194472992890369e-03 4.430464984136784495e-03 2.035850145629910721e-02 3.268644170251377469e-03 5.559117431157416765e-03 1.289635182675014135e-03 4.837334710308430446e-04 4.009427805066102953e-04 3.791696551382893227e-04 1.541977035620450097e-04 nan nan
nan nan nan nan nan nan nan nan nan nan nan nan nan nan nan 1.794232582714515734e-03 5.989700821451896667e-03 1.652415663576998432e-03 5.333875923500504875e-04 1.179652068079697425e-04 2.458647802104692998e-03 6.214214827923455510e-03 1.180355649471004223e-03 9.635922936306415970e-04 9.003853738667053552e-04 1.053101425901258568e-03 nan nan
nan nan nan nan nan nan nan nan nan nan nan nan nan nan nan nan nan 1.504983581730563388e-02 2.459854027840570161e-03 1.085287288179314497e-02 2.346534614023458934e-02 1.668617607757914151e-03 7.457448459653088363e-03 1.946738966349562810e-03 3.016699829780948778e-04 3.236481627143414060e-04 4.001916073663308311e-04 nan
nan nan nan nan nan nan nan nan nan nan nan nan nan nan nan nan nan nan nan nan 5.538806980538098917e-03 nan nan 6.860131829011214058e-04 1.083445299783933021e-04 3.411448044340086212e-05 nan nan
