nan nan nan 4.176375958064671323e+00 5.317530118800127603e+00 9.845761748436583360e+00 nan nan nan nan nan nan nan nan nan nan nan nan nan nan nan nan nan nan nan nan nan nan
nan nan 3.947062970816164196e+00 4.018848277624105236e+00 5.936242050583945051e+00 9.995007786508072201e+00 1.645001566801225934e+01 nan nan nan nan nan nan nan nan nan nan nan nan nan nan nan nan nan nan nan nan nan
nan nan 3.771951908972742906e+00 4.203512980100857277e+00 6.113043226618081860e+00 8.489977942434208558e+00 1.360751543837785249e+01 2.313331994939564851e+01 nan nan nan nan nan nan nan nan nan nan nan nan nan nan nan nan nan nan nan nan
nan 7.055062774427109495e+00 5.922268305235502517e+00 6.305499371648652485e+00 7.191043508844975563e+00 8.625629807289870499e+00 1.163726340372410206e+01 1.628860555529109888e+01 1.469335514626889783e+01 nan nan nan nan nan nan nan nan nan nan nan nan nan nan nan nan nan nan nan
1.032754507679209866e+01 9.172217737816723115e+00 7.778619279742568615e+00 8.007758857718412671e+00 8.508597442737778849e+00 1.107183451377465033e+01 1.213475542971514898e+01 1.316389434141257198e+01 1.141171013737190343e+01 4.192068146150133678e+00 nan nan nan nan nan nan nan nan nan nan nan nan nan nan nan nan nan nan
1.059953557530501023e+01 1.016624733667672587e+01 9.059818946595150635e+00 9.520399304321385259e+00 1.220538073323825579e+01 1.405298787676785466e+01 1.426288155659268497e+01 1.542129054896160056e+01 1.568866774054089497e+01 nan nan nan nan nan nan nan nan nan nan nan nan nan nan nan nan nan nan nan
1.065366238018908973e+01 1.093193962308072820e+01 1.141554529762013459e+01 1.328737568526264390e+01 1.626132324624207115e+01 1.661798726999447595e+01 1.614450747990986201e+01 1.721678573189068828e+01 1.401821453669603379e+01 nan nan nan nan nan nan nan nan nan nan nan nan nan nan nan nan nan nan nan
1.101626887976633995e+01 1.246089121058111360e+01 1.570785829771088871e+01 1.805930960175492572e+01 2.054788450576341319e+01 2.017456611369979314e+01 1.801133874678419033e+01 1.848616922267091311e+01 1.262616392768926765e+01 nan nan nan nan nan nan nan nan nan nan nan nan nan nan nan nan nan nan nan
nan 1.424884206898997796e+01 1.895190080510207764e+01 2.202305393313681847e+01 2.440211830106861868e+01 2.454787755302912444e+01 2.118921017925093508e+01 1.925059331009110153e+01 1.048287884228194322e+01 3.337347640692203132e+00 nan nan nan nan nan nan nan nan nan nan nan nan nan nan nan nan nan nan
nan 1.618707717201224483e+01 2.129454337337955394e+01 2.445504534310180134e+01 2.663486131098160570e+01 2.843490043775818776e+01 2.654126796514909969e+01 2.053228000662073782e+01 9.983201363722244537e+00 3.062644594028847145e+00 nan nan nan nan nan nan nan nan nan nan nan nan nan nan nan nan nan nan
nan 1.765726706321958162e+01 2.301841170728848951e+01 2.750793323980677840e+01 2.965246434767372463e+01 3.158885338330561154e+01 3.301227171676858063e+01 2.298932865027458305e+01 1.066655481182896992e+01 2.711988870044701017e+00 nan nan nan nan nan nan nan nan nan nan nan nan nan nan nan nan nan nan
nan nan 2.482509290190857953e+01 3.064935991899690748e+01 3.054226618018367745e+01 3.350754022482976779e+01 3.826822407917116209e+01 2.921106424774895416e+01 1.342990016611668302e+01 3.102130317924951974e+00 nan nan nan nan nan nan nan nan nan nan nan nan nan nan nan nan nan nan
nan nan 1.274231288100867054e+01 2.253174789476456397e+01 2.522391892071636477e+01 nan 4.019954132900316068e+01 3.657240828528958332e+01 2.109018967193513561e+01 5.705032360423423654e+00 nan nan nan nan nan nan nan nan nan nan nan nan nan nan nan nan nan nan
nan nan nan nan nan nan 3.972098573135210131e+01 4.238308185716114451e+01 3.478398704976515887e+01 1.028102627145208814e+01 nan nan 1.157456323341589988e+00 nan nan nan nan nan nan nan nan nan nan nan nan nan nan nan
nan nan nan nan nan 3.564764491165762195e+01 4.008181146817653939e+01 4.451768904201923505e+01 4.619399122939515223e+01 2.894894346562633558e+01 nan nan nan nan nan nan nan nan nan nan nan nan nan nan nan nan nan nan
nan nan nan nan nan 3.169291450320725545e+01 4.072560817207608608e+01 4.351487116956431578e+01 4.790469684144748896e+01 5.058959638549447391e+01 1.390802537179427389e+01 nan nan nan nan nan nan nan nan nan nan nan nan nan nan nan nan nan
nan nan nan nan nan 3.040940155076476969e+01 4.034244652956785160e+01 4.199888849033651894e+01 4.277133462930366647e+01 4.690711902007637235e+01 4.085438470406354838e+01 1.611424975225207845e+01 nan 2.487419790637140693e+00 nan nan nan nan nan nan nan nan nan nan nan nan nan nan
nan nan nan nan nan 2.699945098241113683e+01 3.737621338407391391e+01 4.034135981839490626e+01 3.982143437742203673e+01 3.825730975838993686e+01 3.534127086756140557e+01 3.223819074119177941e+01 1.826235907993291718e+01 5.073835378186958067e+00 1.255392198456186215e+00 nan nan nan nan nan nan nan nan nan nan nan nan nan
nan nan nan nan nan 2.730807087338730454e+01 3.271388523290723782e+01 3.645099589098183657e+01 3.921247038498608362e+01 4.091915922745665313e+01 3.568312514043859096e+01 3.008483288726480609e+01 2.814940112546948825e+01 1.646756061215879186e+01 5.776682458916931218e+00 2.662750965717509022e+00 1.323963618162903755e+00 nan nan nan nan nan nan nan nan nan nan nan
nan nan nan nan nan nan 2.966953583094469593e+01 3.327602237614601677e+01 3.873443922255511751e+01 4.254268444659712856e+01 3.958593224333095151e+01 3.357009436827873117e+01 3.103954489365801095e+01 2.960159183269144734e+01 1.778337515170115779e+01 8.113414086322293883e+00 2.223584396090062310e+00 1.302655906796154284e+00 nan nan nan nan nan nan nan nan nan nan
nan nan nan nan nan nan nan 2.824672997894028725e+01 3.189205083442807975e+01 3.939278533080714340e+01 3.991802175077523174e+01 3.588333262715929806e+01 3.478921398478232874e+01 3.407280179253331198e+01 3.217455341404942004e+01 2.039888664333128787e+01 1.032625640484832807e+01 6.358240741253483819e+00 4.088328430558634707e+00 nan nan 4.019954074255077892e+00 nan nan nan nan nan nan
nan nan nan nan nan nan nan 2.611023010772430197e+01 2.665343669926012637e+01 3.269891844201620756e+01 3.687318317140857005e+01 3.305280498592664884e+01 3.253093586997277953e+01 3.387553177526042703e+01 3.507141242189167230e+01 3.408600426493738667e+01 2.138165104924317106e+01 1.224165114083915640e+01 7.289105802979777948e+00 3.504456516380244135e+00 1.347141364286558840e+00 4.998235114949447500e-01 2.138973457934190581e+00 nan nan nan nan nan
nan nan nan nan nan nan nan nan 2.725514284894363826e+01 3.227345578750575328e+01 3.575587192802314007e+01 3.188290279803421257e+01 3.005376344018705126e+01 3.124335678899095470e+01 3.189405966434157591e+01 3.347536480471509179e+01 3.268871814388813135e+01 2.028724964900616001e+01 1.105155147889252198e+01 5.929174673884060276e+00 2.676307408629897022e+00 8.510274574029110806e-01 1.358087757378224347e-01 9.790118459845915666e-01 nan 3.406387655361549527e+00 2.038068601198352425e+00 nan
nan nan nan nan nan nan nan nan nan 3.496758331737472503e+01 3.629113558807164708e+01 3.383235213910538164e+01 2.999084886056618870e+01 2.924211092614282137e+01 3.205590019233967070e+01 3.198136909070818845e+01 3.446892957977851069e+01 3.238972245349334855e+01 2.074466107405520532e+01 1.197949741484281461e+01 6.212830092138711180e+00 3.401870851159323195e+00 1.363641122235379255e+00 7.583187295382661786e-01 nan 5.090729378299974073e+00 3.596909625343042372e+00 nan
nan nan nan nan nan nan nan nan nan nan 3.951181531989557527e+01 3.577497877505349066e+01 2.942326920531565904e+01 2.336682968638565328e+01 2.174584506915256554e+01 2.178691588387405176e+01 2.285008892443115158e+01 2.609669041484092844e+01 2.909865520334116340e+01 2.434972468557470648e+01 1.439995778734325782e+01 7.812356662580720368e+00 5.054237223961520087e+00 3.906937285076311994e+00 4.838524883677207455e+00 6.204297370329908468e+00 8.354914638937543714e+00 nan
nan nan nan nan nan nan nan nan nan nan nan nan 3.348081857402139860e+01 2.659354491475828652e+01 2.295820511787398743e+01 1.941482084050802825e+01 1.760019524690063264e+01 1.829943324099165736e+01 2.095955270574005880e+01 2.592590545989459017e+01 2.728847902846457529e+01 1.731938923221476756e+01 1.072554038208866523e+01 7.047798920963455060e+00 7.358084908703233395e+00 8.236383527831364404e+00 9.394489663904517229e+00 nan
nan nan nan nan nan nan nan nan nan nan nan nan nan 3.435946105629016500e+01 2.752741380063657672e+01 2.168273305573941201e+01 2.014382320549450611e+01 2.035250221211601485e+01 2.134729372112885670e+01 2.257225558204759253e+01 2.604750498817910653e+01 2.727839530280800062e+01 2.149957784871392263e+01 1.208978780061960201e+01 8.570989945076300742e+00 8.486150355488627284e+00 8.221573231174971852e+00 nan
nan nan nan nan nan nan nan nan nan nan nan nan nan nan nan 2.533124836395078816e+01 2.246926435566487257e+01 2.158151607035785702e+01 2.082705619168388722e+01 2.043141957234315598e+01 2.020144230763929727e+01 2.442911340042752855e+01 2.677092513045426969e+01 1.589598651785683714e+01 9.914993246751723888e+00 7.388001411238917626e+00 7.145502535431941027e+00 nan
nan nan nan nan nan nan nan nan nan nan nan nan nan nan nan nan nan 2.036996859246142577e+01 1.664960373101649793e+01 1.469736146026943224e+01 1.287341093047375118e+01 1.265883467170287879e+01 1.417409925937910131e+01 1.517998989210656013e+01 9.950132069635669652e+00 5.517954753322304562e+00 5.313588237962630245e+00 nan
nan nan nan nan nan nan nan nan nan nan nan nan nan nan nan nan nan nan nan nan 9.107764796790277728e+00 nan nan 7.549321604830819155e+00 7.912057076375754505e+00 4.396100245673550511e+00 nan nan
