nan nan nan 3.109553319541704752e+01 1.440229399345747296e+01 5.098716565996125993e+00 nan nan nan nan nan nan nan nan nan nan nan nan nan nan nan nan nan nan nan nan nan nan
nan nan 4.199109759001512998e+01 2.966784916648908421e+01 1.518704005040951088e+01 4.466913428468838099e+00 1.455709224011757286e+01 nan nan nan nan nan nan nan nan nan nan nan nan nan nan nan nan nan nan nan nan nan
nan nan 4.161532162238042787e+01 3.025177483292694802e+01 1.695247232500205925e+01 2.469272036888317867e+00 7.652658229352264030e+00 2.992823086105098440e+01 nan nan nan nan nan nan nan nan nan nan nan nan nan nan nan nan nan nan nan nan
nan 4.680309037564762775e+01 4.059202514617557256e+01 3.061609618742738803e+01 1.600507755191825510e+01 2.175700514448322131e+00 2.102293586571484241e+00 1.575755230239714422e+01 1.843340987765546046e+01 nan nan nan nan nan nan nan nan nan nan nan nan nan nan nan nan nan nan nan
4.826798168736637251e+01 4.375685659185424470e+01 3.809506037093379405e+01 2.889089047097419893e+01 1.612713646780570542e+01 4.561573633856092158e+00 4.906769212275550740e-01 1.491613950553350421e+01 2.531860414528079417e+01 3.027776100880865684e+00 nan nan nan nan nan nan nan nan nan nan nan nan nan nan nan nan nan nan
4.849118147529543421e+01 4.153669805251111313e+01 3.583199384340054650e+01 2.890679056359950749e+01 1.725142537708585166e+01 6.989846185835633108e+00 2.513970072960646229e-01 1.865054084695444203e+01 3.862065524520674842e+01 nan nan nan nan nan nan nan nan nan nan nan nan nan nan nan nan nan nan nan
4.940346620268740452e+01 4.187191035644099202e+01 3.529945144918147548e+01 2.890200030478488813e+01 1.857910918093019603e+01 8.932108114649428998e+00 4.900814601911406831e-01 2.311261303488257468e+01 5.604883676140362070e+01 nan nan nan nan nan nan nan nan nan nan nan nan nan nan nan nan nan nan nan
5.121841450615347924e+01 4.353431114029181259e+01 3.672806519956625948e+01 3.043412065198644001e+01 2.166615981167648641e+01 1.229224485480817108e+01 1.984568902538551338e+00 1.771994219914028790e+01 6.694796925326471637e+01 nan nan nan nan nan nan nan nan nan nan nan nan nan nan nan nan nan nan nan
nan 4.618220386342118644e+01 4.015619171161198153e+01 3.362820192214474702e+01 2.465781868057068493e+01 1.504754945065164407e+01 4.301856666292589892e+00 1.062057571223816765e+01 4.356653594408172836e+01 2.969998784546151427e+01 nan nan nan nan nan nan nan nan nan nan nan nan nan nan nan nan nan nan
nan 4.830298910156757586e+01 4.235835851730568891e+01 3.521400880824904789e+01 2.646893495643241323e+01 1.652416023854333105e+01 6.136566370167230389e+00 1.078480849664781260e+01 3.561186554415148464e+01 2.585975884309248585e+01 nan nan nan nan nan nan nan nan nan nan nan nan nan nan nan nan nan nan
nan 4.772883905635079316e+01 4.153235384712016298e+01 3.475003800312108382e+01 2.624890475891220731e+01 1.669642823511301089e+01 7.689557924725781923e+00 1.188532259401552693e+01 4.566349586840660635e+01 3.123324295585858934e+01 nan nan nan nan nan nan nan nan nan nan nan nan nan nan nan nan nan nan
nan nan 3.670820020250688032e+01 3.279538617490899810e+01 2.430012226133691300e+01 1.737734947125534291e+01 8.130551839447551998e+00 1.484881346007817449e+01 5.320960926954283821e+01 3.101330231927602199e+01 nan nan nan nan nan nan nan nan nan nan nan nan nan nan nan nan nan nan
nan nan 1.944884921994630034e+01 1.986408820329151936e+01 1.500494515259489070e+01 nan 8.444985550063938362e+00 1.671349804838004260e+01 5.234327858360904884e+01 3.054507736808561447e+01 nan nan nan nan nan nan nan nan nan nan nan nan nan nan nan nan nan nan
nan nan nan nan nan nan 5.304787269464046773e+00 1.689249021688790720e+01 4.420370858341998144e+01 2.659808853633028747e+01 nan nan 9.067917327082946954e+00 nan nan nan nan nan nan nan nan nan nan nan nan nan nan nan
nan nan nan nan nan 1.335451619676620361e+01 5.242442714612941757e+00 1.160559019136388059e+01 3.236212915144948710e+01 3.830085516661858236e+01 nan nan nan nan nan nan nan nan nan nan nan nan nan nan nan nan nan nan
nan nan nan nan nan 7.699214525947753351e+00 4.113730922968823478e+00 4.193086730726710343e+00 1.774086599265476494e+01 4.491057555481646801e+01 2.038242070189638611e+01 nan nan nan nan nan nan nan nan nan nan nan nan nan nan nan nan nan
nan nan nan nan nan 6.786813182913897791e+00 3.895114570498972473e+00 1.052052752095949728e+00 4.291555088215840641e+00 1.974697507644332717e+01 4.267870217687158174e+01 3.132419577746568962e+01 nan 5.274227122580192884e+00 nan nan nan nan nan nan nan nan nan nan nan nan nan nan
nan nan nan nan nan 7.441569849915358859e+00 4.331892133223661290e+00 8.387366230550366009e-01 2.674932367185531845e-01 3.113898346066950928e+00 1.205430194621478179e+01 2.927382540653226073e+01 3.915027285383929723e+01 3.102853680090274580e+01 4.327557081619468171e+00 nan nan nan nan nan nan nan nan nan nan nan nan nan
nan nan nan nan nan 9.694528215954624883e+00 5.230666660132285095e+00 1.899903448324685495e+00 4.425946631718805646e-01 1.735114061984492362e-01 1.679588516383787145e+00 1.028961617666085893e+01 3.041089311866086220e+01 4.448950311264281510e+01 4.122291753665281533e+01 1.148544802843487567e+01 2.755689397635814331e+00 nan nan nan nan nan nan nan nan nan nan nan
nan nan nan nan nan nan 7.665886539241634878e+00 4.320211045713733711e+00 2.263434152087328677e+00 4.570189569174302191e-01 9.541156957187782450e-02 1.829553863746585796e+00 1.406541724956560202e+01 3.563584970220660608e+01 5.048492389415628168e+01 4.815519554431712379e+01 2.706145349655357535e+01 1.158335026667749013e+01 nan nan nan nan nan nan nan nan nan nan
nan nan nan nan nan nan nan 7.640434458974654675e+00 4.702568515765086055e+00 1.898352224673972355e+00 7.296010942911219932e-02 5.041252062150347601e-01 4.161782891524309136e+00 1.347803289590599185e+01 2.484844432847044970e+01 3.812451891962786021e+01 4.259430520878918713e+01 3.574788289210974312e+01 2.113844923116553431e+01 nan nan 6.257681640141753654e+00 nan nan nan nan nan nan
nan nan nan nan nan nan nan 1.072908254322107702e+01 7.672936985412039057e+00 4.196681621075429192e+00 1.064275969107077779e+00 3.547361559705408673e-01 1.832423134647787055e+00 7.841752014691591555e+00 1.293550024264052212e+01 1.604159074890264591e+01 2.031179945429616041e+01 2.117335584243900115e+01 1.809521510022182156e+01 1.335207717503848279e+01 7.891389316509335394e+00 4.962671566642534948e+00 2.723536831263023039e+00 nan nan nan nan nan
nan nan nan nan nan nan nan nan 1.146947793789616554e+01 6.575677783860131242e+00 2.561129975186743124e+00 6.800964156682062223e-01 8.966335630250228395e-01 4.000382608337615942e+00 9.270069181489249743e+00 1.215075923963115301e+01 1.233396598579196990e+01 1.334538641773754719e+01 1.212426803163032574e+01 1.127129162811445262e+01 9.399043865747385595e+00 7.146506600661712838e+00 5.408148179118897225e+00 1.867053318788116201e+00 nan 4.316520620971496136e+00 4.784809779306637090e+00 nan
nan nan nan nan nan nan nan nan nan 1.025701947220781918e+01 3.214892916491641550e+00 1.235328973007055131e+00 6.096572000677273895e-01 2.111741197373148360e+00 5.853047063466810584e+00 9.191128851627951235e+00 1.099670488747471353e+01 9.936599567591999360e+00 1.170641977574373804e+01 1.174728185027292682e+01 1.017828046134901854e+01 8.226835973357898624e+00 7.434254152309956787e+00 8.145745811457485885e+00 nan 7.504273233376762775e+00 6.760940403875845384e+00 nan
nan nan nan nan nan nan nan nan nan nan 5.819053489913601496e+00 2.012137343992395522e+00 6.491519063457426020e-01 1.373837539495936566e+00 4.323324083823100850e+00 6.070219425557008108e+00 8.434313561049640029e+00 1.004046255965063494e+01 8.140888571331606371e+00 9.855275053759157800e+00 1.112943247117898693e+01 7.769621601451366821e+00 5.981780660186462484e+00 6.571545061831871593e+00 7.025201938066366836e+00 4.942697883542250814e+00 3.321992934036933409e+00 nan
nan nan nan nan nan nan nan nan nan nan nan nan 1.006575736286327016e+00 1.306654846872888687e+00 2.963275703718616150e+00 4.014655485120155021e+00 5.497881642336301944e+00 8.391691459930319397e+00 8.055743282426346852e+00 8.225121649932226831e+00 9.630335724140099529e+00 8.064655621519250417e+00 5.235305366561921581e+00 4.280997927781118761e+00 3.152479087201256025e+00 2.103655749186490898e+00 1.510620625892581836e+00 nan
nan nan nan nan nan nan nan nan nan nan nan nan nan 1.474393092870445177e+00 2.245219377064055610e+00 3.088977176571729988e+00 4.187086567853680386e+00 6.483191688256813023e+00 8.180307845256100663e+00 7.127211900766634578e+00 6.969191982385081197e+00 6.333828648317085808e+00 5.569528307679582291e+00 4.419822250336460812e+00 2.407589441866787361e+00 1.172674777748804242e+00 6.357476566816795405e-01 nan
nan nan nan nan nan nan nan nan nan nan nan nan nan nan nan 2.463281993984903107e+00 4.188489200068554297e+00 6.107605665717865229e+00 8.153233122713498204e+00 6.343844013021698203e+00 4.138259683294610802e+00 2.101045912618936029e+00 5.542287184441107684e+00 3.813881871567372794e+00 1.559205019396486813e+00 7.587661480744964937e-01 9.837944461416647801e-01 nan
nan nan nan nan nan nan nan nan nan nan nan nan nan nan nan nan nan 7.145582997665608005e+00 7.036424330017280404e+00 5.660245181449172769e+00 3.884433773895647146e+00 1.045444539229476888e+00 3.597250569905596329e+00 2.940419280371153299e+00 1.712608292594195891e+00 1.668663451502032657e+00 2.363444924807655223e+00 nan
nan nan nan nan nan nan nan nan nan nan nan nan nan nan nan nan nan nan nan nan 6.517667949138437500e+00 nan nan 2.112450754900675243e+00 1.935227482906413110e+00 2.801808246097866384e+00 nan nan
