nan nan nan 9.345810767414151954e+00 6.355513988998453989e+00 3.975076184737978302e+00 nan nan nan nan nan nan nan nan nan nan nan nan nan nan nan nan nan nan nan nan nan nan
nan nan 1.456250950454592541e+01 1.261790531274639804e+01 9.544179019107131623e+00 5.874259220507929591e+00 3.427604373382025393e+00 nan nan nan nan nan nan nan nan nan nan nan nan nan nan nan nan nan nan nan nan nan
nan nan 1.805290309218695199e+01 1.618821111738125396e+01 1.312992140385956397e+01 9.426020935520032396e+00 5.163238842888416613e+00 1.780038023858051321e+00 nan nan nan nan nan nan nan nan nan nan nan nan nan nan nan nan nan nan nan nan
nan 1.948726385197868538e+01 2.036223223579432684e+01 1.987510352378840395e+01 1.737757002513593818e+01 1.306583763752086114e+01 8.272548219663844904e+00 2.770920155066723289e+00 1.440800975640218681e-02 nan nan nan nan nan nan nan nan nan nan nan nan nan nan nan nan nan nan nan
2.018189734508311872e+01 2.043310494936177690e+01 2.190908406708627609e+01 2.288285416674126438e+01 2.134841580218836654e+01 1.731478146913336857e+01 1.172729637469208797e+01 4.794072318256390020e+00 2.826183982289125485e-01 5.991892787688797295e-01 nan nan nan nan nan nan nan nan nan nan nan nan nan nan nan nan nan nan
2.016411240417865258e+01 2.077625569235315339e+01 2.264116714654825913e+01 2.481872008563695786e+01 2.459005257804158617e+01 2.132003677043556067e+01 1.553141358180596576e+01 7.216386140911145830e+00 7.403828791727670167e-01 nan nan nan nan nan nan nan nan nan nan nan nan nan nan nan nan nan nan nan
1.901244228862380226e+01 2.011469612267362095e+01 2.281080906131326813e+01 2.643369757503097972e+01 2.686890466046225612e+01 2.453974422330421490e+01 1.921065441296116916e+01 9.756193217474995905e+00 8.484534068951976593e-01 nan nan nan nan nan nan nan nan nan nan nan nan nan nan nan nan nan nan nan
1.738772442816310360e+01 1.943272299062364894e+01 2.235790920704823037e+01 2.706507167580397777e+01 3.038024025190448540e+01 2.872064757029251325e+01 2.276905128923538868e+01 1.328054644887746605e+01 1.571625378005486295e+00 nan nan nan nan nan nan nan nan nan nan nan nan nan nan nan nan nan nan nan
nan 1.634404560597624467e+01 2.135793606447349191e+01 2.704788916365763285e+01 3.293579592533289713e+01 3.423940264228772179e+01 2.760674045492628892e+01 1.573065249011838418e+01 3.368160481362989067e+00 5.769467283471654273e-01 nan nan nan nan nan nan nan nan nan nan nan nan nan nan nan nan nan nan
nan 1.229796773969497536e+01 1.763253718049860552e+01 2.674592394321786770e+01 3.507663976622340840e+01 4.010609189780880968e+01 3.399441105392759965e+01 2.059251238141617790e+01 5.084907837925615404e+00 3.760586979368058524e-01 nan nan nan nan nan nan nan nan nan nan nan nan nan nan nan nan nan nan
nan 9.104614465155632885e+00 1.295819315261915605e+01 2.482118323200868204e+01 3.527051766698053115e+01 4.416663997115743712e+01 4.047067753005025992e+01 2.268767887612859369e+01 8.392081423024629672e+00 2.612351414929406368e-01 nan nan nan nan nan nan nan nan nan nan nan nan nan nan nan nan nan nan
nan nan 8.858986700726877217e+00 2.267656612007334260e+01 2.913880638113081289e+01 4.157221549049271658e+01 4.471304480601133946e+01 2.442728882791978151e+01 9.267639308280699595e+00 3.434861871444687669e-03 nan nan nan nan nan nan nan nan nan nan nan nan nan nan nan nan nan nan
nan nan 1.133944574049426723e+00 1.608725595103834038e+01 2.467552944589093045e+01 nan 4.341348155182724611e+01 2.457285091906438623e+01 1.046811057466212702e+01 2.324725325980339374e-01 nan nan nan nan nan nan nan nan nan nan nan nan nan nan nan nan nan nan
nan nan nan nan nan nan 3.050317722640674845e+01 2.641537385485645473e+01 1.382546103899644407e+01 1.599164298706447385e+00 nan nan 5.491312751401639103e-01 nan nan nan nan nan nan nan nan nan nan nan nan nan nan nan
nan nan nan nan nan 3.126048849247638373e+01 2.662399882733188505e+01 2.689432649304779233e+01 1.988916955212184945e+01 7.231689196206986026e+00 nan nan nan nan nan nan nan nan nan nan nan nan nan nan nan nan nan nan
nan nan nan nan nan 1.879976283047073338e+01 2.414247887732891940e+01 2.465485614876751441e+01 2.261226146827278072e+01 1.809634898029359462e+01 4.147019292067299467e+00 nan nan nan nan nan nan nan nan nan nan nan nan nan nan nan nan nan
nan nan nan nan nan 1.316081027710082374e+01 1.950797324461181859e+01 2.290045300779445014e+01 2.204228471106498688e+01 1.903424267500107447e+01 1.169612255216780561e+01 3.651587671537190438e+00 nan 3.029661060035133691e-01 nan nan nan nan nan nan nan nan nan nan nan nan nan nan
nan nan nan nan nan 1.178684558033461904e+01 1.798583463222912115e+01 2.094444501978651729e+01 2.190768457710715822e+01 1.885391358536551110e+01 1.456321583903718064e+01 8.095205269045832708e+00 2.365731998440217865e+00 2.125032747647376818e-01 4.686562344604088687e-02 nan nan nan nan nan nan nan nan nan nan nan nan nan
nan nan nan nan nan 1.296646468632224192e+01 1.642263502944576459e+01 1.890251759073965232e+01 1.990816869793562915e+01 1.929500466304833139e+01 1.579711890428275822e+01 1.190034305976263695e+01 6.234152775200929142e+00 1.583249237889977623e+00 9.982606828748571970e-02 5.257152041051492697e-01 1.671324453438352564e-01 nan nan nan nan nan nan nan nan nan nan nan
nan nan nan nan nan nan 1.496217211083978782e+01 1.769242978433731395e+01 1.864110694854997519e+01 1.903450644184097840e+01 1.660994898173412082e+01 1.307888938468559381e+01 9.564413460806521883e+00 4.814329305107332146e+00 7.375169810803660075e-01 2.433716090859269071e-02 4.015435068557468568e-01 1.928338272582576507e-01 nan nan nan nan nan nan nan nan nan nan
nan nan nan nan nan nan nan 1.640231980033769688e+01 1.744336232978016099e+01 1.851209428730551565e+01 1.718197302401107152e+01 1.393101291038789924e+01 1.064817614991868489e+01 7.265316029220082683e+00 2.965098240601447888e+00 3.684408634865772303e-01 6.590599791215016878e-02 3.901045824623777247e-01 4.005510021843814439e-01 nan nan 6.371470194480158833e-01 nan nan nan nan nan nan
nan nan nan nan nan nan nan 1.550033524941265206e+01 1.718085897200674239e+01 1.833968048058552824e+01 1.761096125735265616e+01 1.442440864890873264e+01 1.142875056818140500e+01 8.443062635407216021e+00 5.117097882937117426e+00 1.902321804479704781e+00 2.893206287435433621e-01 2.033684129810415520e-01 2.514294558990005091e-01 2.916988618206582951e-01 3.942764215789670845e-01 2.004794392026436889e-01 9.674460804745428633e-02 nan nan nan nan nan
nan nan nan nan nan nan nan nan 1.791167369967246970e+01 2.073636789091035126e+01 1.865733232543180620e+01 1.486057866764518387e+01 1.173573697640017777e+01 9.630324531580182423e+00 6.921404459376766738e+00 3.796925509723460213e+00 1.317837479943809731e+00 4.134477566379535785e-01 2.617246647362850287e-01 8.068896541707615278e-02 5.295494884632253457e-02 2.094269551583064215e-01 5.030611891560115012e-01 1.751329616908934017e-01 nan 5.579918740373991382e-01 4.121769797056637485e-01 nan
nan nan nan nan nan nan nan nan nan 2.111364795797880234e+01 2.095523783410825303e+01 1.599545908787244386e+01 1.268804736669352096e+01 1.055110812579178869e+01 8.159753733485409555e+00 5.397839952777683692e+00 3.221119305043613323e+00 1.570509781774659386e+00 1.215298118128210536e+00 1.036661678875101300e+00 7.519459339233875994e-01 4.977960661289060340e-01 2.669370700294391718e-01 4.289046311744506013e-01 nan 1.145954717992656802e+00 1.323047761518229448e+00 nan
nan nan nan nan nan nan nan nan nan nan 2.235994020411976635e+01 1.803250352628594655e+01 1.386999399282873924e+01 1.137594061674105461e+01 9.030334872478595898e+00 6.881896265210997399e+00 4.901426849680288633e+00 4.059886483128920531e+00 3.061645455071238420e+00 2.401565000350096568e+00 2.071717526676881249e+00 1.908734754713559578e+00 1.581286418145123829e+00 1.344037931475961622e+00 1.574706837139293381e+00 1.668544776735187973e+00 2.249313951823275648e+00 nan
nan nan nan nan nan nan nan nan nan nan nan nan 1.503265844316859301e+01 1.179575531265553678e+01 9.228679862961659097e+00 7.954104403427099790e+00 6.642728671988021638e+00 5.750615077976988232e+00 5.772054646269449307e+00 5.707079849094940371e+00 4.307473387161069311e+00 3.710281545223469646e+00 3.299050184754989345e+00 2.608177168577276994e+00 2.440071960198189061e+00 2.446789399304323265e+00 2.707437050982872684e+00 nan
nan nan nan nan nan nan nan nan nan nan nan nan nan 1.252346789535400617e+01 9.051099032949249334e+00 7.935609598651996777e+00 7.222353872880832526e+00 6.851709442633922897e+00 6.866549439709801028e+00 7.664264412443826835e+00 8.102864255932658466e+00 4.892489295621045287e+00 3.485840610489042923e+00 2.862395790151580410e+00 2.453394488088170178e+00 2.515369825395998848e+00 2.760804089967777486e+00 nan
nan nan nan nan nan nan nan nan nan nan nan nan nan nan nan 6.599757971966409009e+00 6.388358212590675045e+00 6.724131417442369418e+00 7.084429139491430938e+00 7.770544190432498333e+00 8.864219083238966235e+00 8.993007699737514571e+00 4.707722719728240079e+00 2.112482021351913986e+00 1.895523939310840289e+00 2.262571822900869556e+00 2.634598337852516181e+00 nan
nan nan nan nan nan nan nan nan nan nan nan nan nan nan nan nan nan 3.250701458359259277e+00 4.366167136213385369e+00 4.568875191721918583e+00 3.702426716624251490e+00 2.920172636560374180e+00 3.003562017785855076e+00 9.634978239445611825e-01 1.213662045728561401e+00 1.842501763453824770e+00 2.278793776385699132e+00 nan
nan nan nan nan nan nan nan nan nan nan nan nan nan nan nan nan nan nan nan nan 7.252588133836654904e-01 nan nan 9.472657337566209312e-01 8.433093473886090763e-01 1.384244468875077683e+00 nan nan
