nan nan nan 9.830353867456249617e+00 6.806340588844278727e+00 1.066069828769686012e+01 nan nan nan nan nan nan nan nan nan nan nan nan nan nan nan nan nan nan nan nan nan nan
nan nan 1.473252525182798678e+01 7.636659564487670693e+00 7.108172870128587562e+00 1.113707408648965469e+01 1.894368952070270851e+01 nan nan nan nan nan nan nan nan nan nan nan nan nan nan nan nan nan nan nan nan nan
nan nan 1.175689156392777512e+01 6.018328015400590481e+00 5.894393461834823711e+00 9.728003953153251615e+00 1.736389638396109092e+01 3.434427457978422638e+01 nan nan nan nan nan nan nan nan nan nan nan nan nan nan nan nan nan nan nan nan
nan 1.771446396274108892e+01 1.022836128605170458e+01 5.328037364889862459e+00 4.160192794174182751e+00 5.040011541357194425e+00 1.026221526862901712e+01 1.710248533802047533e+01 2.968714746252275560e+01 nan nan nan nan nan nan nan nan nan nan nan nan nan nan nan nan nan nan nan
2.412117827281860016e+01 1.672409340792674470e+01 9.977567884696039613e+00 4.800531824841280049e+00 2.398228596683641634e+00 2.807030630976377505e+00 7.354156090821529546e+00 1.153118548054094816e+01 1.394373175572768275e+01 1.365406905679019012e+01 nan nan nan nan nan nan nan nan nan nan nan nan nan nan nan nan nan nan
2.499392283851027940e+01 1.696448899324328963e+01 9.955595855899781910e+00 4.363131377264608091e+00 1.554533330791020074e+00 2.056507190106810157e+00 7.173216889682507258e+00 1.492370284523532575e+01 2.387644891060485719e+01 nan nan nan nan nan nan nan nan nan nan nan nan nan nan nan nan nan nan nan
2.523251949916424763e+01 1.781692688663495971e+01 9.864459572866785209e+00 3.398001157386716820e+00 3.612983567284016595e-01 1.644971569933824540e+00 7.652838084366120341e+00 1.792495797781587186e+01 2.798636576013090149e+01 nan nan nan nan nan nan nan nan nan nan nan nan nan nan nan nan nan nan nan
2.519033672837779037e+01 1.830946331522303439e+01 9.545490283307358936e+00 2.080078727815536155e+00 1.506084878098936930e-01 2.766166129526289819e+00 9.541480138167528935e+00 1.780538498059599206e+01 2.739548272512355709e+01 nan nan nan nan nan nan nan nan nan nan nan nan nan nan nan nan nan nan nan
nan 1.763704235436554413e+01 8.573388537235539175e+00 1.818248923090810987e+00 8.202562538161440875e-01 4.590638551061254624e+00 1.157217899129676653e+01 1.780129066377283920e+01 1.926182128787326064e+01 1.091630467406135985e+01 nan nan nan nan nan nan nan nan nan nan nan nan nan nan nan nan nan nan
nan 1.626141937096820911e+01 7.556535013434236170e+00 2.038817475059192752e+00 1.770899308248892190e+00 6.639807441358270168e+00 1.261648891409126527e+01 1.776366702606131298e+01 1.720185472145448102e+01 9.655984619857060025e+00 nan nan nan nan nan nan nan nan nan nan nan nan nan nan nan nan nan nan
nan 1.427798800071952101e+01 5.790590177762367396e+00 2.513124594255994104e+00 3.282915702892985621e+00 7.690148814413693579e+00 1.397356584094720056e+01 1.896026438464305741e+01 1.948697834352866565e+01 8.757415463254080379e+00 nan nan nan nan nan nan nan nan nan nan nan nan nan nan nan nan nan nan
nan nan 3.924978879985573599e+00 3.920864553307234157e+00 4.581321332223561527e+00 7.493170315270385018e+00 1.520160852659442341e+01 2.249296033746523094e+01 2.444289673461187107e+01 9.447590405413620829e+00 nan nan nan nan nan nan nan nan nan nan nan nan nan nan nan nan nan nan
nan nan 3.472233678221947173e+00 3.497066276585552913e+00 5.035192897817096558e+00 nan 1.594770441517112580e+01 2.636526015508450271e+01 3.356028392062162879e+01 1.213591701921443899e+01 nan nan nan nan nan nan nan nan nan nan nan nan nan nan nan nan nan nan
nan nan nan nan nan nan 1.436283446765847494e+01 2.716909822073635894e+01 4.082873108532530182e+01 1.715103863157544950e+01 nan nan 3.142368793229451285e+00 nan nan nan nan nan nan nan nan nan nan nan nan nan nan nan
nan nan nan nan nan 3.776329316315825579e+00 9.761628924612256952e+00 2.326181217154988445e+01 4.555132233147487142e+01 3.738338748059294403e+01 nan nan nan nan nan nan nan nan nan nan nan nan nan nan nan nan nan nan
nan nan nan nan nan 3.326716803540600509e+00 7.532600635176954995e+00 1.743291400420834236e+01 4.126336687100432243e+01 5.811757384598930543e+01 2.788795081549097787e+01 nan nan nan nan nan nan nan nan nan nan nan nan nan nan nan nan nan
nan nan nan nan nan 1.733143155926195389e+00 5.752283776065768350e+00 1.295726070231517646e+01 2.585586426942939653e+01 4.322388617000251543e+01 5.294761787944350573e+01 3.964997325551947682e+01 nan 6.589904132457188091e+00 nan nan nan nan nan nan nan nan nan nan nan nan nan nan
nan nan nan nan nan 6.646604820320871632e-01 3.203481825544612693e+00 9.199917681495607624e+00 1.761219455891799157e+01 2.545364726289009738e+01 3.673318264265247990e+01 4.204109537304199762e+01 4.852061416609866029e+01 3.524666869440620331e+01 6.338155526337091672e+00 nan nan nan nan nan nan nan nan nan nan nan nan nan
nan nan nan nan nan 2.296379158135148368e-01 1.128459715417721165e+00 4.793331232807748421e+00 1.075496041014760706e+01 1.700085172290446422e+01 2.560786867707528103e+01 3.081135841114349816e+01 4.066281913624758459e+01 5.033911916406388087e+01 4.443448974385992756e+01 1.677316112785772617e+01 4.353345558598552323e+00 nan nan nan nan nan nan nan nan nan nan nan
nan nan nan nan nan nan 7.118870112334733935e-02 1.633391032744823113e+00 5.893710059757514941e+00 1.052415163360702621e+01 1.798923639163158938e+01 2.424108423413231961e+01 3.235550900454422418e+01 4.246750262189443959e+01 5.695854551918948516e+01 5.660873149950627692e+01 3.926709610743000667e+01 1.999208475093404047e+01 nan nan nan nan nan nan nan nan nan nan
nan nan nan nan nan nan nan 4.476744354044744356e-01 3.459002800775186515e+00 8.224272938193141869e+00 1.288221318355068945e+01 1.653558109120824682e+01 2.211858761414561059e+01 2.970358368776134128e+01 3.768564562791864603e+01 4.836535038172220879e+01 5.091578046241683353e+01 4.689711584951153611e+01 3.267254908488669685e+01 nan nan 8.426763283798399229e+00 nan nan nan nan nan nan
nan nan nan nan nan nan nan 9.393116564430539772e-02 1.450141527045475609e+00 6.040117854474195802e+00 1.033754345280501141e+01 1.206621640011195495e+01 1.463195383694383978e+01 1.873517411285169132e+01 2.381534319981551562e+01 2.949478412755388490e+01 3.391307285252502624e+01 3.960302195078327969e+01 3.748383205906555560e+01 3.064687744778549927e+01 2.087094380031946628e+01 1.250638704769183107e+01 4.003108306522960014e+00 nan nan nan nan nan
nan nan nan nan nan nan nan nan 7.730716561419040955e-01 3.705432980501923268e+00 7.611630373973195418e+00 9.600808625773368021e+00 1.050087418593975208e+01 1.130490534200123065e+01 1.463202721582792520e+01 1.771552762254918889e+01 2.092043611637914680e+01 2.707627227213217580e+01 3.140760840889344507e+01 3.594091040966928574e+01 3.337943348691617729e+01 2.632919330810220160e+01 1.551274830363393065e+01 5.996377817749627859e+00 nan 3.631935467383264005e+00 7.115709113069945246e+00 nan
nan nan nan nan nan nan nan nan nan 2.592500597825532438e+00 5.818393433432115458e+00 7.777813019247979298e+00 8.234035706280870670e+00 7.658925929084885453e+00 7.911138573968153231e+00 1.007622545932596125e+01 1.277405477211844698e+01 1.822521208142502402e+01 2.262142878421384751e+01 2.903143880705556512e+01 3.588739243404550905e+01 3.432049320239848100e+01 2.790960599178779233e+01 2.228776327638967203e+01 nan 8.226171012986199571e+00 1.070301178542291254e+01 nan
nan nan nan nan nan nan nan nan nan nan 4.744483311974567741e+00 6.201073897951652647e+00 6.614821747645319050e+00 5.703729580287753897e+00 5.182297986365449027e+00 5.983259150927236369e+00 7.930890290015328858e+00 1.222070033997935035e+01 1.913901348711751638e+01 2.405501806191625747e+01 3.037636661108204450e+01 3.594246087405544188e+01 3.110481924430073164e+01 2.635141506587091342e+01 1.977097845132282217e+01 1.197012724525413141e+01 9.972480165654005191e+00 nan
nan nan nan nan nan nan nan nan nan nan nan nan 4.992313709106039887e+00 3.925312819770400807e+00 2.994389092630788785e+00 3.428688824213446562e+00 4.650657358580133405e+00 7.668614414622552111e+00 1.455266017448864702e+01 1.987056161481344674e+01 2.669830080006501305e+01 3.092661876446696922e+01 3.051912204352113278e+01 2.398247002932348337e+01 1.710192260074477844e+01 1.206577122387657042e+01 9.571189186859079712e+00 nan
nan nan nan nan nan nan nan nan nan nan nan nan nan 3.155664844428077487e+00 2.185688441154835182e+00 1.937123375902626066e+00 2.347267136737521742e+00 3.617570820877813453e+00 8.817916118646316193e+00 1.354145084829669443e+01 1.938421895864167510e+01 2.438915216328651780e+01 2.924545201210223766e+01 2.592739942036796919e+01 1.785786179280470520e+01 1.121356588853883984e+01 8.834667735894058183e+00 nan
nan nan nan nan nan nan nan nan nan nan nan nan nan nan nan 1.404210465881652103e+00 1.330399886096571782e+00 1.887134428947381037e+00 4.446588909861088013e+00 7.300080385236121572e+00 1.132627985993783426e+01 1.458745495231550038e+01 2.343390924700056388e+01 2.422314585639516693e+01 2.022641737308556742e+01 1.190399959651913697e+01 8.236826265341177233e+00 nan
nan nan nan nan nan nan nan nan nan nan nan nan nan nan nan nan nan 1.522876463824974769e+00 3.185487015014562662e+00 5.163884929084437303e+00 8.094646255010811586e+00 6.995117246421793666e+00 1.423871326091185097e+01 1.602997879054243668e+01 1.603239067083721636e+01 1.303015378204449526e+01 7.484064779676296908e+00 nan
nan nan nan nan nan nan nan nan nan nan nan nan nan nan nan nan nan nan nan nan 7.738731381128671316e+00 nan nan 8.750918989419478322e+00 1.058391805217126347e+01 1.159803116332668793e+01 nan nan
