nan nan nan 5.924472663147022367e+00 5.387515873539600264e+00 6.134706158271635346e+00 nan nan nan nan nan nan nan nan nan nan nan nan nan nan nan nan nan nan nan nan nan nan
nan nan 6.062034356362529408e+00 5.371351908636652794e+00 4.645140044454477923e+00 3.963187005484264613e+00 8.732025910297297244e+00 nan nan nan nan nan nan nan nan nan nan nan nan nan nan nan nan nan nan nan nan nan
nan nan 5.335499282273031163e+00 4.581576170088776045e+00 3.533228880730259203e+00 2.841417332548957120e+00 4.650304500981071953e+00 1.117653056173373294e+01 nan nan nan nan nan nan nan nan nan nan nan nan nan nan nan nan nan nan nan nan
nan 5.305493419732484561e+00 4.611230593586081561e+00 3.853328410322322206e+00 3.251610321406332549e+00 2.154589084769814811e+00 1.805094259275821678e+00 4.585648718327493434e+00 8.394509334411640822e+00 nan nan nan nan nan nan nan nan nan nan nan nan nan nan nan nan nan nan nan
4.868783443698045943e+00 4.451086597408529855e+00 4.037222399419494678e+00 3.392595642421960100e+00 2.498572458259185947e+00 1.476373063356758220e+00 9.700470339953016774e-01 3.102346044884656706e+00 6.951407544422121276e+00 3.411127866929204888e+00 nan nan nan nan nan nan nan nan nan nan nan nan nan nan nan nan nan nan
4.322549473522839136e+00 3.631257330105626124e+00 2.972479835128202463e+00 2.452042180744741007e+00 1.324291394163352509e+00 9.100759427389302214e-01 1.261854508686283349e+00 3.634137250078540049e+00 6.903570614009860051e+00 nan nan nan nan nan nan nan nan nan nan nan nan nan nan nan nan nan nan nan
4.054951977542863517e+00 3.188973884668703018e+00 2.311414038389421055e+00 1.675644432666183237e+00 8.095387283746414697e-01 8.385223743730167989e-01 1.135694245365905353e+00 3.272624139614912053e+00 4.765153251923951672e+00 nan nan nan nan nan nan nan nan nan nan nan nan nan nan nan nan nan nan nan
4.236694644283984346e+00 2.978755789123754383e+00 1.866673637798057728e+00 1.297625048685602689e+00 1.139678048578951497e+00 1.045288957120889206e+00 1.151927824388919941e+00 2.630784634631382346e+00 4.095020931513043472e+00 nan nan nan nan nan nan nan nan nan nan nan nan nan nan nan nan nan nan nan
nan 3.163757466680571895e+00 2.236412516652980909e+00 1.704442941048675664e+00 1.557501054775323635e+00 1.282351885619426035e+00 1.185977393890219833e+00 2.853114208366983817e+00 3.799691685361214155e+00 1.950667405354445494e+00 nan nan nan nan nan nan nan nan nan nan nan nan nan nan nan nan nan nan
nan 3.922209887160416297e+00 3.018920712336814915e+00 2.147344194736026335e+00 1.821200659153322299e+00 1.733198727139977802e+00 1.462379242037106009e+00 2.570881840592629253e+00 2.663888565672721143e+00 2.135716017919635057e+00 nan nan nan nan nan nan nan nan nan nan nan nan nan nan nan nan nan nan
nan 4.405844629571380011e+00 4.013063924243359892e+00 3.030432510157815340e+00 2.279455175170292502e+00 2.306536778325269044e+00 2.237315124931962274e+00 2.730835377931006835e+00 2.126560413322716059e+00 8.087439974473481508e-01 nan nan nan nan nan nan nan nan nan nan nan nan nan nan nan nan nan nan
nan nan 5.205341686878114160e+00 4.623395985152393806e+00 2.930842165298482183e+00 2.670285541955951025e+00 3.379848820157984157e+00 3.283013164680970597e+00 1.682037453534991567e+00 1.977751271445526426e-01 nan nan nan nan nan nan nan nan nan nan nan nan nan nan nan nan nan nan
nan nan 3.642077693974335784e+00 4.365589049893028317e+00 3.716513926444856786e+00 nan 4.211762809406401686e+00 3.798526694648713065e+00 1.208658082824425550e+00 2.682275357184570330e-01 nan nan nan nan nan nan nan nan nan nan nan nan nan nan nan nan nan nan
nan nan nan nan nan nan 3.532473083587365892e+00 3.393155059250654304e+00 1.306052957694924910e+00 1.810227611937285097e-01 nan nan 4.659557644682346123e-01 nan nan nan nan nan nan nan nan nan nan nan nan nan nan nan
nan nan nan nan nan 2.911066899902287730e+00 3.477036713090836173e+00 3.706848478265814428e+00 2.563134779265809460e+00 1.616885228962353371e-01 nan nan nan nan nan nan nan nan nan nan nan nan nan nan nan nan nan nan
nan nan nan nan nan 2.397480177527441469e+00 3.251224934658013765e+00 4.370856132847404041e+00 4.746001237800443917e+00 4.302182215725625980e+00 1.455768048835239137e+00 nan nan nan nan nan nan nan nan nan nan nan nan nan nan nan nan nan
nan nan nan nan nan 2.954587661028939216e+00 3.711836604337841905e+00 4.895183953634425933e+00 6.316765193524756405e+00 7.642814238497862789e+00 6.748135672502387550e+00 4.769774280836401203e+00 nan 2.560093664383730427e+00 nan nan nan nan nan nan nan nan nan nan nan nan nan nan
nan nan nan nan nan 3.758281593951021904e+00 4.361246427720187668e+00 5.695650899995747807e+00 6.110634461024430308e+00 7.599176402494691729e+00 7.955830688122949468e+00 6.802106416416059176e+00 6.470110587262712265e+00 3.664347931946342563e+00 1.727438467238962883e+00 nan nan nan nan nan nan nan nan nan nan nan nan nan
nan nan nan nan nan 5.793891374106684644e+00 5.829169586914483503e+00 6.681587664628830581e+00 8.153143704994482377e+00 8.720133940076630452e+00 9.032914160453993091e+00 8.569233129767116708e+00 7.331182224281676874e+00 6.457918597489579859e+00 3.825077559604493249e+00 3.734762167974150948e+00 1.867017685906025459e+00 nan nan nan nan nan nan nan nan nan nan nan
nan nan nan nan nan nan 7.418845062325929440e+00 7.974055278541095859e+00 9.626757110003978823e+00 1.099281742778498128e+01 1.146368659110083144e+01 1.161617987744513769e+01 1.161789288239460305e+01 1.063779423371655852e+01 8.995168511100768427e+00 6.547158458032448891e+00 3.062776086224009653e+00 2.142071902242028703e+00 nan nan nan nan nan nan nan nan nan nan
nan nan nan nan nan nan nan 9.822418833700840679e+00 1.128830698035361912e+01 1.337521164726214273e+01 1.463925882123105993e+01 1.571840753133336044e+01 1.702264085056091147e+01 1.878513839497824733e+01 1.612685067353662660e+01 1.291969495800121770e+01 1.057428182751699453e+01 9.362784940848291271e+00 6.577384268102017373e+00 nan nan 8.466438390350479182e+00 nan nan nan nan nan nan
nan nan nan nan nan nan nan 1.305113025455720077e+01 1.353938561216899039e+01 1.546499897386247113e+01 1.672438193332489575e+01 1.779848878221219621e+01 1.981786999035879404e+01 2.164371481406230657e+01 2.421960323189854591e+01 2.019362478443921560e+01 1.612407372661498428e+01 1.301155266964858548e+01 9.763383164770615963e+00 6.318290058602682890e+00 3.595104621236453468e+00 2.584946545797172313e+00 3.692867806071150838e+00 nan nan nan nan nan
nan nan nan nan nan nan nan nan 1.557897304822348694e+01 1.595830518240350493e+01 1.793598907603988124e+01 1.840042295432883179e+01 1.999619604800986750e+01 2.205586493457475683e+01 2.432967802407593538e+01 2.561049556896357871e+01 1.989030988837597747e+01 1.536678093834781578e+01 1.269399183157072031e+01 1.036888589704086527e+01 8.364876271422390985e+00 6.824229460198134589e+00 5.439805501593420800e+00 7.168447730376011684e+00 nan 8.937050157826668340e+00 1.615605018289150507e+01 nan
nan nan nan nan nan nan nan nan nan 1.748275398288730997e+01 1.727835236784525463e+01 1.752740628521316069e+01 1.900152118791181266e+01 2.011821063445447422e+01 2.095505827946795563e+01 2.188090518964264319e+01 2.352236104563449004e+01 2.015592972718795295e+01 1.884043040148029036e+01 1.835337659349307060e+01 1.754071337407648201e+01 1.848280436896020973e+01 1.990006611058270281e+01 2.325397250123159765e+01 nan 2.170148435009294374e+01 2.274962931720323667e+01 nan
nan nan nan nan nan nan nan nan nan nan 1.749283979925823118e+01 1.636211941088586030e+01 1.606572992194334404e+01 1.724977644545987232e+01 1.875333611087641827e+01 2.071526451614973396e+01 2.410253920026582719e+01 2.728230981956534862e+01 2.750665981766658064e+01 2.891928703479049290e+01 2.690477466336358248e+01 2.646474944038265775e+01 2.857550756806573133e+01 3.391291326039042531e+01 3.176453921733509134e+01 2.187552338192487156e+01 1.653903201957047742e+01 nan
nan nan nan nan nan nan nan nan nan nan nan nan 1.641677442363624806e+01 1.615215959847008875e+01 1.699985340850309612e+01 1.855127891046757682e+01 2.099154964897722664e+01 2.359766398565150070e+01 2.763519064825222671e+01 3.628784806018899900e+01 3.236883084706592228e+01 2.951304810452472793e+01 2.868382044945935050e+01 2.703600794940845731e+01 2.332388666978968672e+01 1.818645382986436232e+01 1.444055133062405716e+01 nan
nan nan nan nan nan nan nan nan nan nan nan nan nan 1.706434524519351115e+01 1.656305378196918099e+01 1.697863824210927675e+01 1.758097228064358220e+01 1.882007385065298521e+01 2.263216362660934067e+01 3.052993204504606695e+01 3.275484309889379375e+01 2.846816919362822418e+01 2.942734535708708421e+01 2.658640317976865575e+01 2.044677782965624857e+01 1.573979850710376027e+01 1.365335744095702530e+01 nan
nan nan nan nan nan nan nan nan nan nan nan nan nan nan nan 1.934671207657106606e+01 1.986762155715327793e+01 2.037352538553566461e+01 2.084488010158835891e+01 2.071824266812170023e+01 2.433638651189772872e+01 2.321613799548722668e+01 2.539191373571733124e+01 2.568488206382585659e+01 1.955960461295652664e+01 1.478739418393914740e+01 1.314721894424533311e+01 nan
nan nan nan nan nan nan nan nan nan nan nan nan nan nan nan nan nan 1.596945319818115827e+01 1.507322981782927407e+01 1.399147800368587369e+01 1.227560143807968629e+01 1.157413910920692146e+01 1.230037100707643916e+01 1.663289197511549133e+01 1.615148859198858844e+01 1.354662788569226350e+01 1.232780903103743775e+01 nan
nan nan nan nan nan nan nan nan nan nan nan nan nan nan nan nan nan nan nan nan 4.424983717104375991e+00 nan nan 8.933994797265958354e+00 1.411217932512097484e+01 1.293473993320503723e+01 nan nan
