nan nan nan 1.946693014907984320e+01 1.832314647243916284e+01 1.876577271161292515e+01 nan nan nan nan nan nan nan nan nan nan nan nan nan nan nan nan nan nan nan nan nan nan
nan nan 2.079652457424331402e+01 1.972277915727675435e+01 1.765850109005080881e+01 1.597002657367721845e+01 1.500831536342269068e+01 nan nan nan nan nan nan nan nan nan nan nan nan nan nan nan nan nan nan nan nan nan
nan nan 2.091026417938098803e+01 2.013655411948418816e+01 1.653232033000865897e+01 1.414445182397633083e+01 1.184050301907839398e+01 9.811298327247882867e+00 nan nan nan nan nan nan nan nan nan nan nan nan nan nan nan nan nan nan nan nan
nan 1.832885354776927045e+01 2.172714777021353072e+01 2.001813164905043863e+01 1.620122550864972411e+01 1.298590918199723809e+01 1.018002739937191947e+01 7.484755211717567747e+00 2.003758224198717741e+00 nan nan nan nan nan nan nan nan nan nan nan nan nan nan nan nan nan nan nan
1.689365275105704001e+01 1.925539462864952966e+01 2.182223475084684239e+01 1.922750019457922122e+01 1.614740840990140214e+01 1.245776073596209343e+01 9.447191697080906891e+00 7.485289963898159371e+00 3.200701571748972185e+00 2.867776954888600627e-01 nan nan nan nan nan nan nan nan nan nan nan nan nan nan nan nan nan nan
1.649420771416962239e+01 1.848676595099242803e+01 1.972561024713766642e+01 1.761387580885820725e+01 1.441962028427688480e+01 1.182855341041821973e+01 1.009321378176815465e+01 8.561026972496067700e+00 2.984371799352761645e+00 nan nan nan nan nan nan nan nan nan nan nan nan nan nan nan nan nan nan nan
1.570088554553927729e+01 1.670781739448185732e+01 1.665618523952186436e+01 1.460512019678739470e+01 1.203167668765730269e+01 1.091925410414968312e+01 1.075743321127078822e+01 8.839139468887726281e+00 2.459855305825950467e+00 nan nan nan nan nan nan nan nan nan nan nan nan nan nan nan nan nan nan nan
1.418756189106588650e+01 1.488556547576730260e+01 1.390056370984523859e+01 1.127734369593501995e+01 9.957428139101622833e+00 9.889440167716236019e+00 1.093729650410596577e+01 8.990479082398932675e+00 3.411028410564098223e+00 nan nan nan nan nan nan nan nan nan nan nan nan nan nan nan nan nan nan nan
nan 1.289934706480418747e+01 1.126717528596506490e+01 8.581490967867779318e+00 7.604140821098159364e+00 8.784697523345709413e+00 1.123879257765040229e+01 8.583105025417392397e+00 4.008230515413488959e+00 1.179853738827580045e+00 nan nan nan nan nan nan nan nan nan nan nan nan nan nan nan nan nan nan
nan 1.049092087616433666e+01 8.614498760105462338e+00 5.896007809332709293e+00 5.262505347783244858e+00 7.935899253602229919e+00 1.208366639055801173e+01 1.046205031921240547e+01 4.464885080817565743e+00 1.152788771748518570e+00 nan nan nan nan nan nan nan nan nan nan nan nan nan nan nan nan nan nan
nan 7.304191759388105609e+00 5.385502424703325630e+00 4.032409147028141128e+00 4.325629374350665302e+00 8.264899861181367768e+00 1.387196292790116559e+01 1.081900873577491495e+01 5.295888748313871019e+00 8.709332444673449913e-01 nan nan nan nan nan nan nan nan nan nan nan nan nan nan nan nan nan nan
nan nan 2.301579675771885825e+00 4.020308631132735400e+00 5.327533602943947955e+00 9.504509441760408350e+00 1.589635700144391350e+01 1.079284177480981022e+01 5.131419239401465937e+00 2.557756902149296296e-01 nan nan nan nan nan nan nan nan nan nan nan nan nan nan nan nan nan nan
nan nan 3.584205738646514261e-01 3.784162759337182713e+00 6.313918443237175993e+00 nan 1.828990062481856427e+01 9.988730380614006421e+00 4.779449791541582115e+00 4.228018401819039762e-01 nan nan nan nan nan nan nan nan nan nan nan nan nan nan nan nan nan nan
nan nan nan nan nan nan 1.372132318350685765e+01 8.384043129636244984e+00 4.036916239588979494e+00 5.523317377561702823e-01 nan nan 1.108366616662057741e-01 nan nan nan nan nan nan nan nan nan nan nan nan nan nan nan
nan nan nan nan nan 1.683308768211969664e+01 9.755905552174208850e+00 7.331422787366460803e+00 3.753661569949538368e+00 8.417243413987613998e-01 nan nan nan nan nan nan nan nan nan nan nan nan nan nan nan nan nan nan
nan nan nan nan nan 1.225864935695493507e+01 8.513803884992119819e+00 6.254264559814973978e+00 3.690587628712616031e+00 1.464863426850415484e+00 1.622707747606718098e-01 nan nan nan nan nan nan nan nan nan nan nan nan nan nan nan nan nan
nan nan nan nan nan 7.830413965161751477e+00 7.116842770346375247e+00 5.863769979656837883e+00 3.330433760210722127e+00 1.421782238437176771e+00 4.122520956445235862e-01 1.790208722910086314e-01 nan 6.779009422324985823e-02 nan nan nan nan nan nan nan nan nan nan nan nan nan nan
nan nan nan nan nan 7.190101967142691564e+00 7.201260110223941524e+00 6.161858057429060231e+00 4.816674676014187639e+00 2.245788479821146488e+00 9.962377732032063893e-01 1.993690087527150157e-01 2.123276585669921918e-02 3.008006232650458633e-01 4.286983792476009580e-01 nan nan nan nan nan nan nan nan nan nan nan nan nan
nan nan nan nan nan 9.552914144756643466e+00 8.763348649934954437e+00 7.871528406177337622e+00 6.602394587528896963e+00 5.123742522210929629e+00 2.426734815150759061e+00 8.685169435398870652e-01 2.558471017586889107e-01 5.001676385412899550e-02 3.733065366852189593e-01 1.599162628032040900e-01 3.873882770705850201e-03 nan nan nan nan nan nan nan nan nan nan nan
nan nan nan nan nan nan 1.146323952727431283e+01 1.077574136899502122e+01 9.878534919737827380e+00 8.659319011109266384e+00 6.488715803953406969e+00 3.284817015673653806e+00 1.679033259002906897e+00 7.805114393311192167e-01 2.679521193139137170e-01 2.889146072420527567e-01 6.305273839885381371e-01 3.780244100536462315e-01 nan nan nan nan nan nan nan nan nan nan
nan nan nan nan nan nan nan 1.402524250875779721e+01 1.325358810144011379e+01 1.232969343577107324e+01 1.100168964559849272e+01 7.868039351624289246e+00 4.512975248261877681e+00 2.818349806428281479e+00 1.392268536053814509e+00 4.901482628915593276e-01 7.537168202218103019e-02 2.409015823507179577e-01 2.862030568624457372e-01 nan nan 4.371947936821247993e-02 nan nan nan nan nan nan
nan nan nan nan nan nan nan 1.710584584223946436e+01 1.666212793017841065e+01 1.558567899266633638e+01 1.419641024830280074e+01 1.206689376911329070e+01 9.896677469951065120e+00 7.832997427317185846e+00 5.446377083173948641e+00 2.975280534569302304e+00 1.733294769610056907e+00 1.177081660524910145e+00 3.949589461255766931e-01 4.735548777022639128e-02 2.724096525165456972e-01 6.112849852411360585e-01 2.815842219297965965e-01 nan nan nan nan nan
nan nan nan nan nan nan nan nan 1.998770487204989621e+01 1.978029866930117819e+01 1.754872312519269428e+01 1.476969468817702769e+01 1.278332574932077925e+01 1.175926129411617183e+01 1.079247734255845081e+01 9.672359209727771301e+00 6.112440715648955525e+00 4.268200123618589359e+00 3.244013522393700111e+00 2.200022115960099889e+00 1.256546859949636996e+00 5.536692431975206441e-01 4.929243747606439907e-01 1.912694107973002822e-01 nan 5.972868785678693559e-02 7.284241666132541815e-02 nan
nan nan nan nan nan nan nan nan nan 2.368800173861160729e+01 2.222083120811467083e+01 1.888494283782076977e+01 1.618251740592045707e+01 1.511322634232855044e+01 1.471029887994008511e+01 1.408480854571660146e+01 1.426841653992516967e+01 9.480346948217908576e+00 7.851116914165883642e+00 7.576801780075656190e+00 6.692424691919661939e+00 5.381441245246918470e+00 3.745101138172048483e+00 2.077136643277015082e+00 nan 1.443485821874801012e+00 1.962825405122998301e+00 nan
nan nan nan nan nan nan nan nan nan nan 2.626810230083266262e+01 2.340982895138205677e+01 2.061044774611787389e+01 1.945544689444914255e+01 1.819980466110834172e+01 1.777226738365475356e+01 1.916541691501504374e+01 2.040945180896284228e+01 1.457758013478387582e+01 1.154657213646523317e+01 1.123562016768855543e+01 1.040890124230617708e+01 8.756254009794433912e+00 7.131362477440494452e+00 5.104876435026120873e+00 3.639208268638623345e+00 3.706805568502029136e+00 nan
nan nan nan nan nan nan nan nan nan nan nan nan 2.263284349085817482e+01 2.051376596376399419e+01 1.917385267102298130e+01 1.912417095491565888e+01 1.933094469146669070e+01 2.219814974731236035e+01 2.359523445943179709e+01 2.217463797653459423e+01 1.579476950926708234e+01 1.196187671471730596e+01 1.033132692086616089e+01 8.114018667708114307e+00 6.339790702908845610e+00 5.019869807004900153e+00 4.590918634926194564e+00 nan
nan nan nan nan nan nan nan nan nan nan nan nan nan 2.020046805236801291e+01 1.801622305611040886e+01 1.661424540745737843e+01 1.593548501236800874e+01 1.669518356309085050e+01 1.931793949891770268e+01 2.230720658942522405e+01 2.279161778400229110e+01 1.415639953678413576e+01 9.990311299778468879e+00 7.924185992828297387e+00 5.875012815853688508e+00 4.943635729972700510e+00 4.640883983543320213e+00 nan
nan nan nan nan nan nan nan nan nan nan nan nan nan nan nan 1.510446922716092111e+01 1.455987809593910143e+01 1.214165083273398160e+01 1.194268829758328820e+01 1.482244830496677679e+01 1.804957752789692904e+01 2.259018342288384318e+01 1.264870271297925797e+01 7.355768886868876422e+00 5.685092225158145496e+00 4.701134781259762363e+00 4.287798781174240403e+00 nan
nan nan nan nan nan nan nan nan nan nan nan nan nan nan nan nan nan 8.637841338528748025e+00 6.288675578189002024e+00 5.754343243163189570e+00 6.306645676312313320e+00 9.513374831510221341e+00 1.412402012010945285e+01 5.823138453728555319e+00 4.886742271826244099e+00 4.367757148685444513e+00 4.192759901538861023e+00 nan
nan nan nan nan nan nan nan nan nan nan nan nan nan nan nan nan nan nan nan nan 5.617989443505856384e-01 nan nan 5.264090428453070736e+00 3.984737889254839072e+00 4.404405295230454875e+00 nan nan
