nan nan nan 1.704609643347672066e+00 5.504258680553666849e+00 1.609529334914470411e+01 nan nan nan nan nan nan nan nan nan nan nan nan nan nan nan nan nan nan nan nan nan nan
nan nan 1.958548685460635430e-01 1.124930161503103987e+00 4.574735776881389882e+00 1.146678475314785040e+01 3.088405143222905380e+01 nan nan nan nan nan nan nan nan nan nan nan nan nan nan nan nan nan nan nan nan nan
nan nan 1.895700778145857079e-01 6.282288485404174949e-01 3.624134409642319810e+00 8.729672828237870164e+00 1.960138427223303026e+01 3.864464956110643357e+01 nan nan nan nan nan nan nan nan nan nan nan nan nan nan nan nan nan nan nan nan
nan 5.445246228088009843e-01 2.773102555123474477e-01 4.238339383583403230e-01 2.813734445835273323e+00 6.947910264139491865e+00 1.558479843449386593e+01 2.564867969224450661e+01 2.216355093692488509e+01 nan nan nan nan nan nan nan nan nan nan nan nan nan nan nan nan nan nan nan
1.439503744938877894e+00 8.559702590494150387e-01 4.852509872043504480e-01 6.980557101818453125e-01 2.845830631655937637e+00 6.188659403785960578e+00 1.448940969716411864e+01 2.677973502757628665e+01 2.943118569642883386e+01 1.356164878421275644e+00 nan nan nan nan nan nan nan nan nan nan nan nan nan nan nan nan nan nan
2.173902099442764246e+00 1.428887955865569159e+00 1.184741949362833946e+00 1.881677000807766120e+00 3.253385953883035420e+00 6.214596338887012017e+00 1.466276716698335036e+01 3.178088728950176289e+01 3.518011343167093941e+01 nan nan nan nan nan nan nan nan nan nan nan nan nan nan nan nan nan nan nan
2.642833430040970377e+00 1.933412840864265014e+00 1.964029628781835957e+00 2.623781395822322615e+00 3.604757200211095025e+00 6.846090958795723047e+00 1.448783382064080705e+01 3.436971629169338627e+01 3.656933120690963079e+01 nan nan nan nan nan nan nan nan nan nan nan nan nan nan nan nan nan nan nan
3.162909787971783793e+00 2.479883583661320223e+00 2.618139055534204118e+00 3.047710227316230203e+00 4.388068756549624361e+00 7.909920543403564430e+00 1.442550553860068341e+01 3.026257280330888477e+01 3.337479332016217626e+01 nan nan nan nan nan nan nan nan nan nan nan nan nan nan nan nan nan nan nan
nan 3.447706932685440151e+00 3.272911621166547214e+00 3.147980264000745709e+00 5.361046334930034796e+00 8.142795754240747641e+00 1.395891482949675577e+01 2.407135489992564459e+01 2.307944016769495121e+01 8.301485590866098718e+00 nan nan nan nan nan nan nan nan nan nan nan nan nan nan nan nan nan nan
nan 3.482683319673130384e+00 3.426733844203265988e+00 4.237085759240949656e+00 5.844021024244764995e+00 8.220513066150969550e+00 1.363946435641404342e+01 2.071025413271701154e+01 1.822109720430204050e+01 7.007866350276390044e+00 nan nan nan nan nan nan nan nan nan nan nan nan nan nan nan nan nan nan
nan 5.777377337600734464e+00 6.551692724179419614e+00 7.072207942845301076e+00 6.759745915223145829e+00 8.270847297688632693e+00 1.270293960744039197e+01 1.883167451449095253e+01 1.602493927563393328e+01 6.740685528544071659e+00 nan nan nan nan nan nan nan nan nan nan nan nan nan nan nan nan nan nan
nan nan 1.171126612408313150e+01 9.513694548204410850e+00 6.942647185210463867e+00 7.363266272166997695e+00 1.257230647568113291e+01 1.732207709516125504e+01 1.542670861700134211e+01 4.849689864209767443e+00 nan nan nan nan nan nan nan nan nan nan nan nan nan nan nan nan nan nan
nan nan 1.166809307088090719e+01 5.653287880939878107e+00 4.681010606595320311e+00 nan 1.221647576457883133e+01 1.516861443327265491e+01 1.328189251312256403e+01 5.354618396800468361e+00 nan nan nan nan nan nan nan nan nan nan nan nan nan nan nan nan nan nan
nan nan nan nan nan nan 1.090189599104550133e+01 1.322511691595368788e+01 1.031373403120977095e+01 3.449445134328173790e+00 nan nan 9.725073613718824284e-01 nan nan nan nan nan nan nan nan nan nan nan nan nan nan nan
nan nan nan nan nan 5.274022353395506180e+00 9.188665391727047549e+00 9.290249413479759966e+00 6.510249472698641071e+00 3.187575689989786465e+00 nan nan nan nan nan nan nan nan nan nan nan nan nan nan nan nan nan nan
nan nan nan nan nan 7.856631484422815781e+00 8.687813860312164849e+00 6.140559462984615635e+00 3.404891343422033145e+00 2.073075244188741895e+00 2.118090949428648728e-01 nan nan nan nan nan nan nan nan nan nan nan nan nan nan nan nan nan
nan nan nan nan nan 5.635719719652263926e+00 6.226713648026707126e+00 4.146603489025635803e+00 1.758360250163884420e+00 3.335941390618734625e-01 3.206938800102466236e-01 6.110264155578911671e-01 nan 4.902088913373859880e-01 nan nan nan nan nan nan nan nan nan nan nan nan nan nan
nan nan nan nan nan 5.764249391515002152e+00 5.050578845844343689e+00 3.570000072473284103e+00 1.432188357413163748e+00 3.888033027070635361e-01 3.514857756268896516e-01 8.793743213976056294e-01 3.237844989866975887e-01 3.429699498829863469e-02 7.824194498864533998e-02 nan nan nan nan nan nan nan nan nan nan nan nan nan
nan nan nan nan nan 5.142827467804483632e+00 4.462776905537923611e+00 3.292421137842786560e+00 1.790823823268265391e+00 1.164575029839892917e+00 1.469702106141556275e+00 1.997304726998992974e+00 1.711585653357995618e+00 7.082773171606010498e-01 1.889260251233919607e-01 7.621280310859364082e-01 2.665019350566456557e-01 nan nan nan nan nan nan nan nan nan nan nan
nan nan nan nan nan nan 4.303691998590334578e+00 2.984006449900977298e+00 2.048766210484720851e+00 1.748734068812292541e+00 2.222963831500929466e+00 2.911116444099979716e+00 2.900927297403843141e+00 1.858156600640705314e+00 1.241793044979944360e+00 1.318616036523116763e+00 6.262680997718722553e-01 1.996364824872773058e-01 nan nan nan nan nan nan nan nan nan nan
nan nan nan nan nan nan nan 2.581169617476004596e+00 2.148781923023660667e+00 1.897330550479336075e+00 2.156417473400013218e+00 3.069989160514990711e+00 3.341977590760034644e+00 3.065429592987862772e+00 2.255871806139593705e+00 2.216058080796832197e+00 1.883844572765847269e+00 1.280933164038642991e+00 1.511285897627988817e+00 nan nan 3.129180840058766400e+00 nan nan nan nan nan nan
nan nan nan nan nan nan nan 1.898821528556725369e+00 1.675291205454555232e+00 1.483160593100193658e+00 1.782475656685016396e+00 2.347689556186171700e+00 2.959212105075550436e+00 3.609541997601189323e+00 3.262940495850386036e+00 2.482011102039554551e+00 2.149417320309015444e+00 2.363283385561036454e+00 2.467173760134396154e+00 2.653025061712537269e+00 2.345004364616601666e+00 1.206272614408723687e+00 6.944958776442440307e-01 nan nan nan nan nan
nan nan nan nan nan nan nan nan 8.268482158479751876e-01 6.571105870187605724e-01 9.615063754647207306e-01 1.431741797431132168e+00 2.319610620934976275e+00 3.103532635725694711e+00 3.200753711545341496e+00 3.390169566352982056e+00 3.026987156541462554e+00 2.678512740007730208e+00 3.189541890260009449e+00 3.314891153143586955e+00 2.788316296326264876e+00 2.057049114923831468e+00 1.492554545560724755e+00 4.697916025558123154e-01 nan 2.557788171787243492e+00 2.227235694914146524e+00 nan
nan nan nan nan nan nan nan nan nan 1.099099932894523346e-01 1.969050234223104767e-01 6.101312894500895423e-01 1.465591441605168077e+00 2.462313050175795048e+00 2.941072643989834035e+00 3.349965574317981698e+00 3.619332855625530421e+00 3.400185076381512683e+00 3.432061574379968061e+00 3.339432281789631141e+00 2.879760595111642729e+00 1.971702912917408845e+00 1.716748181633553916e+00 2.167768210604507750e+00 nan 3.412184479766567691e+00 5.212030913105481389e+00 nan
nan nan nan nan nan nan nan nan nan nan 1.568772002737612858e-01 2.262560913889530290e-01 7.463714284747254846e-01 1.833299541212198847e+00 2.698824136954748987e+00 3.097157185471449470e+00 3.694061281193951274e+00 4.026987072836329062e+00 4.047145559041237739e+00 3.871241729043986446e+00 3.619789675592582689e+00 2.557068494138555526e+00 2.554599327028252986e+00 3.131408366321311920e+00 4.767017256815971216e+00 5.948726059685861323e+00 6.437693487639978507e+00 nan
nan nan nan nan nan nan nan nan nan nan nan nan 3.993883473792062544e-01 1.253603844575790216e+00 2.390095398105622770e+00 3.071991420472637735e+00 3.438173178071872726e+00 4.158258886672456356e+00 4.861901323030741295e+00 5.290468875246237879e+00 4.731863354758953477e+00 3.540434242364122408e+00 3.822866945419190365e+00 4.930651131478025917e+00 6.271934028440793618e+00 7.428123349947618692e+00 7.719305652875959822e+00 nan
nan nan nan nan nan nan nan nan nan nan nan nan nan 8.417198989909091544e-01 1.955035127761476366e+00 3.244252014371590054e+00 4.129454676410036384e+00 4.632569541846739192e+00 5.403805693422200740e+00 5.899218472866677665e+00 5.820389716802653268e+00 4.199620180444917139e+00 4.512071400450976100e+00 5.948748650353407719e+00 6.752939557216929067e+00 7.476341412246333640e+00 8.003159664582161881e+00 nan
nan nan nan nan nan nan nan nan nan nan nan nan nan nan nan 3.353354170737232742e+00 5.058461284433606764e+00 5.596709111032443396e+00 6.258780676033828705e+00 6.407831457456389934e+00 6.728189718346396120e+00 6.719311208284382886e+00 6.563134281181624452e+00 6.514752835319205460e+00 7.357893647192059738e+00 7.653846658735365516e+00 8.167865204738532725e+00 nan
nan nan nan nan nan nan nan nan nan nan nan nan nan nan nan nan nan 6.684115189317584083e+00 6.763794376754051818e+00 7.376386496383227964e+00 5.829044368680586174e+00 4.282308186319878196e+00 8.069791707545086012e+00 9.100267153332950443e+00 8.046924119852461033e+00 7.900016994254713154e+00 8.854473107984837554e+00 nan
nan nan nan nan nan nan nan nan nan nan nan nan nan nan nan nan nan nan nan nan 3.184795406656567351e+00 nan nan 1.015227399728808244e+01 8.572721663363607192e+00 7.850308480022559543e+00 nan nan
