nan nan nan 6.987981547459756193e+00 7.044415439990372896e+00 9.701088397986671552e+00 nan nan nan nan nan nan nan nan nan nan nan nan nan nan nan nan nan nan nan nan nan nan
nan nan 1.123425974012183026e+01 9.594893340562496320e+00 8.817887817725051036e+00 1.068059321645326065e+01 1.769452301017764029e+01 nan nan nan nan nan nan nan nan nan nan nan nan nan nan nan nan nan nan nan nan nan
nan nan 1.114890506160066685e+01 9.152570476004322941e+00 8.308432729631773483e+00 1.097808710647875685e+01 1.825632107635595247e+01 2.439883415136745981e+01 nan nan nan nan nan nan nan nan nan nan nan nan nan nan nan nan nan nan nan nan
nan 6.359868238744716962e+00 7.658765212549707435e+00 7.806521819503035253e+00 7.841270902241014973e+00 9.801627811169002058e+00 1.534968042629493290e+01 2.231467217778693168e+01 2.303487169833326931e+01 nan nan nan nan nan nan nan nan nan nan nan nan nan nan nan nan nan nan nan
3.983668929709744511e+00 4.424005263300481161e+00 5.335719316177827132e+00 6.040152367701986158e+00 6.651074485363368538e+00 9.120829265679928355e+00 1.406861204682591016e+01 2.401595711363478003e+01 2.948004548563446292e+01 1.707471063318826765e+01 nan nan nan nan nan nan nan nan nan nan nan nan nan nan nan nan nan nan
2.454942559907242750e+00 2.933302616284832798e+00 3.318673696812233676e+00 4.338846041648091401e+00 6.457492178226091006e+00 1.035384954192470275e+01 1.552557556240230063e+01 3.230423462587418726e+01 4.218484067305836760e+01 nan nan nan nan nan nan nan nan nan nan nan nan nan nan nan nan nan nan nan
1.252547446292232358e+00 1.644951717385328083e+00 2.349740366710975525e+00 3.806541077061551981e+00 7.085579556792193756e+00 1.233953085129825844e+01 2.031313501540792288e+01 4.037583731166088796e+01 5.305623495913813770e+01 nan nan nan nan nan nan nan nan nan nan nan nan nan nan nan nan nan nan nan
1.788720702451356948e+00 2.442201939678350087e+00 3.745498166502254200e+00 5.683968016400871903e+00 9.500708701200174744e+00 1.520277475717242588e+01 2.460438149553415954e+01 4.465546299335675684e+01 5.277555582518898092e+01 nan nan nan nan nan nan nan nan nan nan nan nan nan nan nan nan nan nan nan
nan 3.239553581084829048e+00 4.824886508596215151e+00 7.103320653591368661e+00 1.141795600303328939e+01 1.690755080576217395e+01 2.672440141751054909e+01 4.354417142570294175e+01 4.124527793434489809e+01 1.584489462789850300e+01 nan nan nan nan nan nan nan nan nan nan nan nan nan nan nan nan nan nan
nan 3.883325569562468882e+00 5.786106278238357881e+00 8.808605902410651112e+00 1.290227905480893966e+01 1.866684656224303751e+01 2.840872577437916036e+01 4.435508442178026201e+01 4.368720777283031254e+01 1.678011464938689556e+01 nan nan nan nan nan nan nan nan nan nan nan nan nan nan nan nan nan nan
nan 4.800641670381657455e+00 7.489756803246669925e+00 1.042149544591326737e+01 1.405029031346857238e+01 1.932643173251030788e+01 2.941006622940527038e+01 4.790797728638735009e+01 5.055162179397518685e+01 1.742752919313141291e+01 nan nan nan nan nan nan nan nan nan nan nan nan nan nan nan nan nan nan
nan nan 8.763584789871380565e+00 9.796372522475984113e+00 1.266667569149224093e+01 1.758280176548575113e+01 3.143441603430775544e+01 5.091970546235211259e+01 5.294905743120753527e+01 1.588530021028952355e+01 nan nan nan nan nan nan nan nan nan nan nan nan nan nan nan nan nan nan
nan nan 4.186195417659828166e+00 5.852108466019027233e+00 1.111934922841761875e+01 nan 3.038700535336927544e+01 5.378614963542599270e+01 6.073741662878866521e+01 1.932560510230408113e+01 nan nan nan nan nan nan nan nan nan nan nan nan nan nan nan nan nan nan
nan nan nan nan nan nan 3.019190768818018000e+01 5.307992418454713857e+01 6.599056552452333335e+01 2.975210189016548057e+01 nan nan 4.598197014104165703e+00 nan nan nan nan nan nan nan nan nan nan nan nan nan nan nan
nan nan nan nan nan 1.926954501346838811e+01 3.126083768583224298e+01 4.896918492292079605e+01 5.770779504487443035e+01 5.219681184561942189e+01 nan nan nan nan nan nan nan nan nan nan nan nan nan nan nan nan nan nan
nan nan nan nan nan 1.514263710529946749e+01 2.603250579161689160e+01 4.054656244999128489e+01 4.802447629168473497e+01 5.668917853037248022e+01 1.823104528286626547e+01 nan nan nan nan nan nan nan nan nan nan nan nan nan nan nan nan nan
nan nan nan nan nan 1.320220277732209269e+01 1.892220789964057204e+01 3.099571304804427641e+01 3.864436568798880955e+01 4.283696509944752506e+01 3.972876584780394893e+01 1.514133178740289054e+01 nan 2.319236632962980771e+00 nan nan nan nan nan nan nan nan nan nan nan nan nan nan
nan nan nan nan nan 1.036047608428343381e+01 1.639329097611108921e+01 2.643508765921183823e+01 3.173181345984978208e+01 3.139862581340946335e+01 3.579489396552635583e+01 2.794314449657193933e+01 1.478152246125525870e+01 4.579502030602927931e+00 5.864044440954698789e-01 nan nan nan nan nan nan nan nan nan nan nan nan nan
nan nan nan nan nan 1.061396841411885106e+01 1.676827294792397183e+01 2.362591592708447052e+01 2.621640438408589802e+01 2.617285698358077894e+01 2.854795168070384648e+01 3.320986863763800301e+01 2.515825144616832887e+01 1.606747978656435549e+01 8.523165180886591585e+00 4.966926828481868839e+00 1.809101695683505540e+00 nan nan nan nan nan nan nan nan nan nan nan
nan nan nan nan nan nan 1.764595873980665175e+01 2.217960099307016009e+01 2.448664673542738512e+01 2.409886407027747879e+01 2.326183981630793340e+01 2.847714071732684715e+01 2.916730970876387374e+01 2.431488502131009355e+01 1.907313800315727192e+01 1.400664690832992143e+01 6.352637101833654931e+00 3.145923654645896406e+00 nan nan nan nan nan nan nan nan nan nan
nan nan nan nan nan nan nan 2.402528961276965802e+01 2.474500115631083830e+01 2.470926927095665704e+01 2.373727225097789528e+01 2.435358932657063491e+01 2.611255559314163577e+01 2.635606977356827585e+01 2.502400932298181502e+01 2.135141186899857502e+01 1.601863483795557386e+01 1.223038797899124042e+01 7.944239820942469166e+00 nan nan 6.775101695786833744e+00 nan nan nan nan nan nan
nan nan nan nan nan nan nan 2.881190958490389775e+01 3.065670212964972308e+01 3.028609576473584397e+01 2.909051358707734636e+01 2.945260147978809684e+01 2.835022856732646801e+01 2.840143057846495012e+01 3.005632830774123931e+01 2.753702540904338036e+01 2.311307043675612505e+01 1.811148741383468774e+01 1.336528748296321112e+01 9.211514371735706419e+00 4.810404924388735459e+00 1.781329881476743537e+00 4.269323263130385904e+00 nan nan nan nan nan
nan nan nan nan nan nan nan nan 3.453100563512089138e+01 3.331446421755303788e+01 3.186819132066726823e+01 3.273859900110723231e+01 3.559276440151248266e+01 3.393233834641463176e+01 3.416736746994537555e+01 3.422056253048187813e+01 3.112602764160954649e+01 2.437050983873711374e+01 1.864303891892235399e+01 1.441865514281531091e+01 1.114661904529202552e+01 6.949478859268865882e+00 3.357780267449596234e+00 4.339411821978789163e+00 nan 6.522773550599557879e+00 7.902741846034146533e+00 nan
nan nan nan nan nan nan nan nan nan 3.782956401086575227e+01 3.366865043255436518e+01 3.341554843423533327e+01 3.527430669743726099e+01 3.685676992574278898e+01 3.857556052653121270e+01 3.700293083500120872e+01 3.776889753495645863e+01 3.347627836024759063e+01 2.675268387945148874e+01 2.252230589255288962e+01 1.833712987822833540e+01 1.707557098141905527e+01 1.699608463085280619e+01 1.964363936189498716e+01 nan 1.877195198201503246e+01 2.028162993074507625e+01 nan
nan nan nan nan nan nan nan nan nan nan 3.704670703361846051e+01 3.436350098481445769e+01 3.426643467008275223e+01 3.446143862586704643e+01 3.513546143413702083e+01 3.644096191130655171e+01 3.860684489632610905e+01 4.306606870541826737e+01 4.130543538162421413e+01 3.650446454069415836e+01 3.113304955808754215e+01 2.591534235514169637e+01 2.716969899629141239e+01 3.180908938049517687e+01 3.233316440841625905e+01 2.496605422053326606e+01 1.937786853733545200e+01 nan
nan nan nan nan nan nan nan nan nan nan nan nan 3.247618197939298312e+01 3.197965151719012766e+01 3.289162777399599236e+01 3.397304463720681156e+01 3.712248663130296933e+01 4.189772884906765427e+01 4.657127523307260475e+01 4.926659671283352537e+01 4.806293100193287415e+01 3.820927391924254124e+01 3.021998856527559951e+01 2.685286654141314955e+01 2.335682261440944529e+01 1.883933995414089324e+01 1.604151728764917451e+01 nan
nan nan nan nan nan nan nan nan nan nan nan nan nan 3.576708180107234369e+01 3.555054650963820251e+01 3.557293526262262873e+01 3.582570301528758705e+01 3.758541666740524079e+01 4.194747424049703000e+01 4.696969136177089155e+01 5.003680103028354864e+01 4.705188310410861874e+01 3.695478772853521576e+01 2.650611538036829629e+01 2.019489190363468367e+01 1.601243495158570340e+01 1.439832812321685296e+01 nan
nan nan nan nan nan nan nan nan nan nan nan nan nan nan nan 3.641771304186625002e+01 3.505770277477689945e+01 3.332789457260452082e+01 3.396357050937400146e+01 3.864251838668950967e+01 4.367245929408933591e+01 4.514947578148247231e+01 4.188281104568653035e+01 2.827589297084194797e+01 1.836596086593857535e+01 1.291709111869537985e+01 1.072218653939513366e+01 nan
nan nan nan nan nan nan nan nan nan nan nan nan nan nan nan nan nan 2.558735071776465020e+01 2.492204065428180115e+01 2.452260791171544341e+01 2.467313822884295149e+01 2.911132281714978376e+01 2.728311313507822788e+01 2.715037396784909518e+01 1.901589836762977725e+01 1.262981878920115619e+01 1.036658019898091432e+01 nan
nan nan nan nan nan nan nan nan nan nan nan nan nan nan nan nan nan nan nan nan 7.852811541185337418e+00 nan nan 1.730783004958323801e+01 1.868658820276248633e+01 1.605896182740686484e+01 nan nan
