nan nan nan 1.249684659318999280e+01 5.201395599186457552e+00 4.132547606123466721e+00 nan nan nan nan nan nan nan nan nan nan nan nan nan nan nan nan nan nan nan nan nan nan
nan nan 1.717345711538665753e+01 9.439774054982182250e+00 5.839469975271304847e+00 5.325688101898738758e+00 1.104199020125538944e+01 nan nan nan nan nan nan nan nan nan nan nan nan nan nan nan nan nan nan nan nan nan
nan nan 1.386152733031434714e+01 9.851365319842358304e+00 7.547825680267974846e+00 7.393658605856977317e+00 1.094391497614167719e+01 2.502870803666044353e+01 nan nan nan nan nan nan nan nan nan nan nan nan nan nan nan nan nan nan nan nan
nan 1.928638757940012738e+01 1.254993806837238957e+01 9.533392698334248294e+00 6.913005281773314081e+00 5.919969297747643466e+00 9.018899303095714970e+00 1.634221082591424334e+01 2.084692654243912102e+01 nan nan nan nan nan nan nan nan nan nan nan nan nan nan nan nan nan nan nan
2.339696445958881910e+01 1.618949233391509424e+01 1.060807304277068752e+01 7.302180060533640216e+00 4.377696379096123636e+00 3.499330713745187005e+00 5.174970258026777792e+00 9.604134452554724533e+00 1.534356744245438442e+01 9.131484771341488837e+00 nan nan nan nan nan nan nan nan nan nan nan nan nan nan nan nan nan nan
2.063215576179880273e+01 1.448181114216957610e+01 8.745550673253708496e+00 4.984824394905218448e+00 2.532400190385060590e+00 2.613664386597865263e+00 4.724652856753810859e+00 1.208696442700243168e+01 2.214008741888951093e+01 nan nan nan nan nan nan nan nan nan nan nan nan nan nan nan nan nan nan nan
1.836914160395080131e+01 1.353689275438786765e+01 7.087935766078296673e+00 3.293715212456934438e+00 2.421106730365296222e+00 3.894554966600224599e+00 6.750518087826090863e+00 1.595521363603723763e+01 2.080721525524450755e+01 nan nan nan nan nan nan nan nan nan nan nan nan nan nan nan nan nan nan nan
1.798683967337327516e+01 1.198029972900308415e+01 5.591467841681553530e+00 2.167814344991280784e+00 2.707441223532859986e+00 5.427820471017723136e+00 1.023190394940796466e+01 1.687496684753432774e+01 1.889890418020217311e+01 nan nan nan nan nan nan nan nan nan nan nan nan nan nan nan nan nan nan nan
nan 9.297873037257950557e+00 3.583211160478398050e+00 1.290402699034225442e+00 2.860082648071911482e+00 8.076594386989752294e+00 1.308108686121761544e+01 1.783854452528114010e+01 1.502696541526400509e+01 3.445640895434139317e+00 nan nan nan nan nan nan nan nan nan nan nan nan nan nan nan nan nan nan
nan 6.861183594439432376e+00 2.265586026404521558e+00 1.190784571632926170e+00 3.865932168445734174e+00 9.736861593203812504e+00 1.493033237430718785e+01 1.929138206509875886e+01 1.419542899592697616e+01 3.075527957900469289e+00 nan nan nan nan nan nan nan nan nan nan nan nan nan nan nan nan nan nan
nan 6.624317530465599901e+00 2.637454429946106682e+00 2.116823450943480900e+00 6.111009316872104691e+00 1.208565026226298578e+01 1.673551405709227069e+01 2.241035600879173728e+01 1.495957548674000037e+01 2.664949582872813583e+00 nan nan nan nan nan nan nan nan nan nan nan nan nan nan nan nan nan nan
nan nan 3.791113615012216886e+00 3.598193430299296391e+00 7.868996947650077622e+00 1.428869888715856717e+01 1.904581050596995695e+01 2.534241817014039810e+01 1.514325905407713613e+01 1.078102431160680830e+00 nan nan nan nan nan nan nan nan nan nan nan nan nan nan nan nan nan nan
nan nan 1.188990046702118164e+00 4.242644583029909988e+00 9.757833335630373028e+00 nan 1.871328540578549493e+01 2.505836078461265970e+01 1.692212870626414301e+01 9.647400939405057496e-01 nan nan nan nan nan nan nan nan nan nan nan nan nan nan nan nan nan nan
nan nan nan nan nan nan 1.681049743044708578e+01 2.144559836552472021e+01 1.942966032796774556e+01 2.876196889965004555e+00 nan nan 3.602917680344183693e-02 nan nan nan nan nan nan nan nan nan nan nan nan nan nan nan
nan nan nan nan nan 1.582897473206828565e+01 1.521094398023077687e+01 1.905123602622958501e+01 2.215016764060264975e+01 1.257246507255443291e+01 nan nan nan nan nan nan nan nan nan nan nan nan nan nan nan nan nan nan
nan nan nan nan nan 1.215017277906395243e+01 1.318428153256382274e+01 1.594629011958532772e+01 2.250708162586230543e+01 2.752362421654430591e+01 8.963384599590886737e+00 nan nan nan nan nan nan nan nan nan nan nan nan nan nan nan nan nan
nan nan nan nan nan 1.158859738314026266e+01 1.245025846887422638e+01 1.404586320676240163e+01 1.749705547383965509e+01 2.160924221864897987e+01 2.358783215482352702e+01 1.401005720460971027e+01 nan 2.545004030107520077e+00 nan nan nan nan nan nan nan nan nan nan nan nan nan nan
nan nan nan nan nan 1.186274043162813641e+01 1.260591200963987113e+01 1.327644734179674479e+01 1.553053245663587845e+01 1.690122963516847321e+01 1.923191622961928360e+01 1.734611903530162991e+01 1.476228239961839783e+01 8.328133007512464658e+00 1.355173140590061998e+00 nan nan nan nan nan nan nan nan nan nan nan nan nan
nan nan nan nan nan 1.409975777374561368e+01 1.353846854356292262e+01 1.293020845169539612e+01 1.412821984087837635e+01 1.622462681292214270e+01 1.643580683413778232e+01 1.670659975803745922e+01 1.555109603018154196e+01 1.491876120884229984e+01 1.056215882317859567e+01 4.814542710428244554e+00 1.737523212769750192e+00 nan nan nan nan nan nan nan nan nan nan nan
nan nan nan nan nan nan 1.523450906635704882e+01 1.366365404254467819e+01 1.353054154366293282e+01 1.531250956251922801e+01 1.671586714780940852e+01 1.720680016851044414e+01 1.652881020509442322e+01 1.614415007815555114e+01 1.600120314460199822e+01 1.404726584058291294e+01 7.586416100662963125e+00 4.212071697583034791e+00 nan nan nan nan nan nan nan nan nan nan
nan nan nan nan nan nan nan 1.523213850729322694e+01 1.465180458461221491e+01 1.490973023797868890e+01 1.599299628284446051e+01 1.754255707118867136e+01 1.735071178987323037e+01 1.721001624721038326e+01 1.706823957441067208e+01 1.541723770894160950e+01 1.238516885158976599e+01 1.024022955967320492e+01 7.105213739472143963e+00 nan nan 7.098632086050862711e+00 nan nan nan nan nan nan
nan nan nan nan nan nan nan 1.619505830609433517e+01 1.670086541993262230e+01 1.687703380169157441e+01 1.664643294853978972e+01 1.693621241786041409e+01 1.785617337766885981e+01 1.746968826071524461e+01 1.710412945376644345e+01 1.679293356086190414e+01 1.367645738307730063e+01 9.252721705650223782e+00 5.899287708249991269e+00 3.256097112548866690e+00 1.554819802131967688e+00 1.099730465839405813e+00 2.725882114799877520e+00 nan nan nan nan nan
nan nan nan nan nan nan nan nan 1.857940741169058541e+01 1.975198668186538953e+01 1.920410433647728610e+01 1.844758252541938859e+01 1.757920436577749967e+01 1.710239614290901144e+01 1.711516680268876911e+01 1.739402412404552578e+01 1.650931823744975091e+01 1.293459421578082491e+01 8.953462086879872217e+00 6.522918800893821256e+00 4.425201829273018639e+00 2.769279015702771574e+00 1.727620597623694021e+00 2.517806920047614305e+00 nan 3.684430913459526113e+00 4.997259256961170237e+00 nan
nan nan nan nan nan nan nan nan nan 2.092118367794618905e+01 2.123310059382149362e+01 2.070626740179137926e+01 1.932775810341369649e+01 1.774405255127841485e+01 1.711806218152708325e+01 1.695787814529807491e+01 1.819020426077021568e+01 1.747664262176209249e+01 1.452787429293339372e+01 1.207829991534404712e+01 1.094052520534521733e+01 1.122993118573619142e+01 1.213795369745015584e+01 1.435482265130480073e+01 nan 1.185536374819324834e+01 1.486435318678748807e+01 nan
nan nan nan nan nan nan nan nan nan nan 2.112046854775222471e+01 2.117365817459916499e+01 2.123736663124494584e+01 1.945510680091005895e+01 1.766087107484653984e+01 1.691848047671929578e+01 1.662372937314298582e+01 2.030849808993859895e+01 1.936492797983228087e+01 1.862750991310655380e+01 1.705412240238922550e+01 1.636271643789824282e+01 1.741983502124191574e+01 2.127122471244199886e+01 2.118606541730909854e+01 1.560904128042501782e+01 1.481498993131373609e+01 nan
nan nan nan nan nan nan nan nan nan nan nan nan 2.273092563378710906e+01 2.196426884487021169e+01 1.976432323445499861e+01 1.814373574023838387e+01 1.641153720241222658e+01 1.466025301641086109e+01 1.574697507110771078e+01 1.762888528981497416e+01 1.917738663257177478e+01 1.900001073540224539e+01 1.796862128270237946e+01 1.750838678241914792e+01 1.669749701637666917e+01 1.353552043075399425e+01 1.177679848841187038e+01 nan
nan nan nan nan nan nan nan nan nan nan nan nan nan 2.350013379071865316e+01 2.087808229320481956e+01 1.787509562104425953e+01 1.564442537772839437e+01 1.379139984298635646e+01 1.247045225161556736e+01 1.274353378434252448e+01 1.381288415534593028e+01 1.456655679864179120e+01 1.179722099717509742e+01 9.173582060694077001e+00 7.639641795526722845e+00 7.303460470275243033e+00 6.985143939536717639e+00 nan
nan nan nan nan nan nan nan nan nan nan nan nan nan nan nan 1.675502688449421740e+01 1.301148051487919055e+01 1.211599960781879304e+01 1.181254871801375650e+01 1.117980573235099939e+01 1.088876565146049202e+01 1.011187584390019190e+01 8.392024111366668038e+00 5.326888939996645256e+00 3.845264195390229123e+00 3.523832066556478182e+00 2.824150059240765565e+00 nan
nan nan nan nan nan nan nan nan nan nan nan nan nan nan nan nan nan 7.881586317370635086e+00 6.997110629451085195e+00 5.709485854032636531e+00 4.683863766905884241e+00 4.764853246561156830e+00 4.580586695121502849e+00 3.239482354889749782e+00 1.286566127832331485e+00 7.020067184881425559e-01 2.249585648234129209e-01 nan
nan nan nan nan nan nan nan nan nan nan nan nan nan nan nan nan nan nan nan nan 2.911298613046659600e+00 nan nan 8.425407069712707031e-01 2.407544576781244228e-01 4.330559398700307150e-01 nan nan
