nan nan nan 1.361479837810382065e+01 7.834107769236538843e+00 9.300914606333078538e+00 nan nan nan nan nan nan nan nan nan nan nan nan nan nan nan nan nan nan nan nan nan nan
nan nan 2.429443456551521052e+01 1.539161657988383780e+01 1.075649220415571783e+01 1.073255965516177568e+01 2.139436423413700084e+01 nan nan nan nan nan nan nan nan nan nan nan nan nan nan nan nan nan nan nan nan nan
nan nan 2.649010326384946268e+01 1.912302217573076391e+01 1.613073626551053152e+01 1.537763994466087425e+01 2.731778799188482765e+01 4.375166776917922817e+01 nan nan nan nan nan nan nan nan nan nan nan nan nan nan nan nan nan nan nan nan
nan 3.357238382011709632e+01 2.712014001670213759e+01 2.337650972341058520e+01 2.170644856561228053e+01 2.599631182366526261e+01 3.804248800655866347e+01 4.940053756487382230e+01 4.193683913729557844e+01 nan nan nan nan nan nan nan nan nan nan nan nan nan nan nan nan nan nan nan
3.598426740433347248e+01 3.129338705665116649e+01 2.708824173220407516e+01 2.436495117681216982e+01 2.770337733956417026e+01 3.790707281040836563e+01 4.775330072687309269e+01 7.515974179177612768e+01 7.388484600044165518e+01 1.640524305520465376e+01 nan nan nan nan nan nan nan nan nan nan nan nan nan nan nan nan nan nan
2.844758163340773649e+01 2.602688117075538798e+01 2.477905355215525063e+01 2.644816550955577128e+01 3.439296090731933475e+01 4.594191138515805051e+01 6.266719458638155515e+01 1.059774700432312784e+02 9.723008098230084784e+01 nan nan nan nan nan nan nan nan nan nan nan nan nan nan nan nan nan nan nan
2.123019670467562747e+01 2.139822619425089556e+01 2.366672435256406004e+01 3.086631824674640967e+01 4.046009703072603969e+01 5.467179348829389340e+01 8.877353530038016061e+01 1.258905582967355912e+02 9.682694830073407388e+01 nan nan nan nan nan nan nan nan nan nan nan nan nan nan nan nan nan nan nan
1.678299303353313476e+01 2.029554964914791881e+01 2.551325233791150282e+01 3.471954952294525754e+01 4.813586280691703223e+01 7.610128889676846597e+01 1.073343036517346150e+02 1.327730853000373372e+02 8.904724739580949233e+01 nan nan nan nan nan nan nan nan nan nan nan nan nan nan nan nan nan nan nan
nan 2.101475276215477450e+01 2.790658007001690066e+01 3.991339976873116768e+01 6.473645444398627546e+01 9.778977744526753213e+01 1.250065859825296712e+02 1.323409956892223818e+02 7.776377648468493931e+01 2.354404343424891266e+01 nan nan nan nan nan nan nan nan nan nan nan nan nan nan nan nan nan nan
nan 2.187087751921369971e+01 3.070752170804370706e+01 5.031245298039345926e+01 7.763717375591446057e+01 1.158209170018198648e+02 1.346230514587063851e+02 1.354765664790704705e+02 8.667462510639822426e+01 2.253391912869362557e+01 nan nan nan nan nan nan nan nan nan nan nan nan nan nan nan nan nan nan
nan 2.334904735997251635e+01 3.551363088336136542e+01 5.756616463388908755e+01 8.460181481303649775e+01 1.154352737556356345e+02 1.391517653240987897e+02 1.381948527752140308e+02 9.220007539531783891e+01 2.365309682188341611e+01 nan nan nan nan nan nan nan nan nan nan nan nan nan nan nan nan nan nan
nan nan 3.591644928111483637e+01 6.171325874001100686e+01 7.116499626496801056e+01 9.844196618708436120e+01 1.434266352778466285e+02 1.428619484604947161e+02 1.085033532949042154e+02 2.823021289670919742e+01 nan nan nan nan nan nan nan nan nan nan nan nan nan nan nan nan nan nan
nan nan 2.085717927002125549e+01 3.025168768878702252e+01 4.977079546184252479e+01 nan 1.345656801768335811e+02 1.446188833054414147e+02 1.303207215961422207e+02 4.659973454561568929e+01 nan nan nan nan nan nan nan nan nan nan nan nan nan nan nan nan nan nan
nan nan nan nan nan nan 1.157054498873198582e+02 1.409780174551117113e+02 1.455429939476110803e+02 6.622470346387018481e+01 nan nan 8.584331497957592205e+00 nan nan nan nan nan nan nan nan nan nan nan nan nan nan nan
nan nan nan nan nan 8.058507173845214311e+01 1.015916009835423779e+02 1.251765792183246617e+02 1.391490792058916099e+02 1.064463760890297550e+02 nan nan nan nan nan nan nan nan nan nan nan nan nan nan nan nan nan nan
nan nan nan nan nan 7.520750502970554408e+01 8.521746438939547375e+01 9.919854904000078477e+01 1.164157511920821264e+02 1.286476663665835645e+02 4.602867504561761791e+01 nan nan nan nan nan nan nan nan nan nan nan nan nan nan nan nan nan
nan nan nan nan nan 6.499336105572534450e+01 7.161964077058887312e+01 7.917670339721101413e+01 8.565096309175491740e+01 9.020995518130523294e+01 9.317817960849440340e+01 5.085545452087620077e+01 nan 6.924858865887113524e+00 nan nan nan nan nan nan nan nan nan nan nan nan nan nan
nan nan nan nan nan 5.561414125680754950e+01 6.100483959998452121e+01 6.452578334542879190e+01 6.840397720278383531e+01 6.960040614184246976e+01 6.654224726000742862e+01 6.763327892182354617e+01 5.410462109778782036e+01 3.177501014585886097e+01 6.557982542263062875e+00 nan nan nan nan nan nan nan nan nan nan nan nan nan
nan nan nan nan nan 4.856967551626287616e+01 4.992227014276444663e+01 5.257021380847380954e+01 5.432800528484376912e+01 5.694854969188169491e+01 5.707549780420670515e+01 5.762356725213620479e+01 6.137844803051488185e+01 5.140980997000031749e+01 3.533707387166286651e+01 1.230270385530621269e+01 4.538045750701018122e+00 nan nan nan nan nan nan nan nan nan nan nan
nan nan nan nan nan nan 4.134425387485210024e+01 4.228711833921930463e+01 4.445471808102895750e+01 4.640573539063335318e+01 4.712421510581497586e+01 4.983825206053660395e+01 5.442937299857058520e+01 5.775264999964608847e+01 4.929207752982844681e+01 3.943044298715869189e+01 1.994976653257925392e+01 8.482890887634832566e+00 nan nan nan nan nan nan nan nan nan nan
nan nan nan nan nan nan nan 3.398420248237373897e+01 3.539112397275739141e+01 3.734526893119143409e+01 3.853081690874549992e+01 3.979985386424267091e+01 4.514522327600175089e+01 5.118233914958253195e+01 5.204598430442867851e+01 4.192978930857538700e+01 3.835856571595204656e+01 3.341025550015471879e+01 1.893612235867761484e+01 nan nan 9.371102959818276901e+00 nan nan nan nan nan nan
nan nan nan nan nan nan nan 2.779554368896899774e+01 2.777717025426321484e+01 2.936145171181787106e+01 2.995463016426955605e+01 3.019923971017759712e+01 3.388347897189908053e+01 3.981129924291306565e+01 4.396042160609943750e+01 4.108488634392788441e+01 3.349225639785016284e+01 3.094481302413385393e+01 2.804793953447703814e+01 2.107589999216508403e+01 1.350564576417965590e+01 7.423438559483634513e+00 5.664650029043734492e+00 nan nan nan nan nan
nan nan nan nan nan nan nan nan 2.364812728622960236e+01 2.341450059686740559e+01 2.222096720870789710e+01 2.223169663947036767e+01 2.400125794303858129e+01 2.838368665832857118e+01 3.298461386505275073e+01 3.463392896660457865e+01 2.992315073971488459e+01 2.517900387656235495e+01 2.365105210369017641e+01 2.244900149328750771e+01 2.070315096794196563e+01 1.730075876901659981e+01 9.853282856094784492e+00 4.737820284538688753e+00 nan 5.788128401840406667e+00 5.518925342219383801e+00 nan
nan nan nan nan nan nan nan nan nan 1.799144216665388996e+01 1.870907309116882544e+01 1.745873561836677013e+01 1.740702974139957959e+01 1.962655721784769369e+01 2.272680506712173099e+01 2.316964519025616198e+01 2.388396568999605662e+01 1.985028172765796839e+01 1.858983036742440831e+01 1.894842314115426518e+01 1.947111271840668678e+01 2.297187466361840791e+01 2.604067974201984725e+01 2.468657240446198387e+01 nan 1.184095744563447461e+01 7.713760449777046446e+00 nan
nan nan nan nan nan nan nan nan nan nan 1.517506801048518739e+01 1.487405773171935053e+01 1.372810337983756312e+01 1.343364186254585846e+01 1.408000685944291064e+01 1.389649925448117962e+01 1.303806298355748616e+01 1.272017898442201833e+01 1.049979012185361249e+01 1.017999551748047793e+01 1.154173711402754599e+01 1.403437783744755407e+01 2.188385825393330819e+01 2.654371152209877494e+01 2.293782561984581392e+01 1.085239823109746382e+01 5.447103089453993796e+00 nan
nan nan nan nan nan nan nan nan nan nan nan nan 1.048906309264828707e+01 9.691812886216748524e+00 9.072188269278349537e+00 8.399425416556734802e+00 8.084847240066210361e+00 7.182332938365438402e+00 5.436830263998638557e+00 4.677548318739408018e+00 4.247559269905929469e+00 4.126525506231756957e+00 7.006026843824098016e+00 9.872094062039634466e+00 9.259004485168704335e+00 5.908206839509578145e+00 4.590891189011638396e+00 nan
nan nan nan nan nan nan nan nan nan nan nan nan nan 6.965414261656595940e+00 5.740427743876264088e+00 4.957432458694728261e+00 5.327905830699509515e+00 6.212594577930577344e+00 6.127949453722711048e+00 4.967960990978174785e+00 3.850595704633576588e+00 2.357710973838281099e+00 2.948869579365467342e+00 4.499687566610750977e+00 4.949489160505297747e+00 5.134594616993136462e+00 5.203124779133118771e+00 nan
nan nan nan nan nan nan nan nan nan nan nan nan nan nan nan 5.478026436104614483e+00 7.003423273036233354e+00 9.196979028804001643e+00 1.178180160503601925e+01 1.352678901787078125e+01 1.380093907608078041e+01 7.700564650229979158e+00 3.441704133702004675e+00 3.858236228273147717e+00 5.559018108009072812e+00 6.845771247817384442e+00 7.561850048728196327e+00 nan
nan nan nan nan nan nan nan nan nan nan nan nan nan nan nan nan nan 1.721358418103518062e+01 2.039591752688228254e+01 2.241397812272388990e+01 2.589666741317758181e+01 1.228731933846966129e+01 4.577482658674034255e+00 8.246898728811638435e+00 9.258339471030909706e+00 8.923514140388443039e+00 1.005637510864952233e+01 nan
nan nan nan nan nan nan nan nan nan nan nan nan nan nan nan nan nan nan nan nan 1.531619851361076812e+01 nan nan 2.226491972128028607e+01 1.811556188245588572e+01 1.512177012433283352e+01 nan nan
