nan nan nan 1.259192052096655079e+00 2.945366766274292170e-01 4.946667149242015782e+00 nan nan nan nan nan nan nan nan nan nan nan nan nan nan nan nan nan nan nan nan nan nan
nan nan 4.532212375836149221e+00 1.176867988187716652e+00 1.789006587488343181e-01 3.974817078751126331e+00 1.447008632562082475e+01 nan nan nan nan nan nan nan nan nan nan nan nan nan nan nan nan nan nan nan nan nan
nan nan 4.059696460191878131e+00 1.201126180277122479e+00 1.896212808057066990e-01 2.846070961658475174e+00 1.018754301875133805e+01 3.142001458934178260e+01 nan nan nan nan nan nan nan nan nan nan nan nan nan nan nan nan nan nan nan nan
nan 7.302442264587695853e+00 3.764310935601938191e+00 1.028649223854412043e+00 1.423582567963165568e-01 1.293828866419214574e+00 4.473597152115375231e+00 1.840173683619125100e+01 2.810826075169070393e+01 nan nan nan nan nan nan nan nan nan nan nan nan nan nan nan nan nan nan nan
9.531265905317789944e+00 6.476656139451606897e+00 3.451352160304261396e+00 3.897495910515212936e-01 3.484282668154417562e-02 3.422754059182360198e-01 2.011745005190751279e+00 1.213400093846303562e+01 2.860551073950033896e+01 1.315256717747498172e+01 nan nan nan nan nan nan nan nan nan nan nan nan nan nan nan nan nan nan
8.571404871001064407e+00 5.636940733659147718e+00 3.327338044538552531e+00 2.151679223971718347e-01 4.253075522985839269e-02 3.409595766146321094e-01 2.571101084124546965e+00 1.410018986821555131e+01 3.927337020480673146e+01 nan nan nan nan nan nan nan nan nan nan nan nan nan nan nan nan nan nan nan
6.961468017985480650e+00 4.532553047064446616e+00 2.590594176613245203e+00 3.890542422663734734e-01 2.106653329155890875e-01 1.039454765285501514e+00 4.651763746295823232e+00 1.913810955070555053e+01 4.248492592617733976e+01 nan nan nan nan nan nan nan nan nan nan nan nan nan nan nan nan nan nan nan
5.918842262313328106e+00 3.979995783282713973e+00 2.014918304352802725e+00 3.152805351458746741e-01 3.823140855691256057e-01 1.730076268836763242e+00 5.797328774641881566e+00 2.099664140486064667e+01 4.123618089483892390e+01 nan nan nan nan nan nan nan nan nan nan nan nan nan nan nan nan nan nan nan
nan 3.132626771827476730e+00 1.353290014064488567e+00 1.402384834862449581e-01 6.684736691187546098e-01 1.882538939854916160e+00 5.384620524318032508e+00 1.638667274416020092e+01 3.219788462120140338e+01 1.484515163775920144e+01 nan nan nan nan nan nan nan nan nan nan nan nan nan nan nan nan nan nan
nan 2.238862646759689490e+00 7.580187003500076237e-01 1.763075763970636256e-01 7.391182085350515019e-01 1.955755746230137371e+00 5.342920003176459431e+00 1.301696024746547131e+01 2.474822226681531845e+01 1.497261766664446725e+01 nan nan nan nan nan nan nan nan nan nan nan nan nan nan nan nan nan nan
nan 1.468053036042777926e+00 3.736835377220836807e-01 1.828048594707047392e-01 8.238744125314986233e-01 2.630744388786535382e+00 7.045591156294721991e+00 1.745533951788070226e+01 2.583686766660523659e+01 1.870682914101021765e+01 nan nan nan nan nan nan nan nan nan nan nan nan nan nan nan nan nan nan
nan nan 1.145512325447069352e-01 3.279698194387789534e-01 9.915984893255963550e-01 3.730779929427093577e+00 1.053976119941772183e+01 2.256649964304228462e+01 3.010062943907725241e+01 2.151970029805878326e+01 nan nan nan nan nan nan nan nan nan nan nan nan nan nan nan nan nan nan
nan nan 8.045949863770811283e-02 6.109452341982106738e-01 1.922490121312228073e+00 nan 1.369853396225410691e+01 2.282481274747169309e+01 3.188123768382539325e+01 2.706845659381961866e+01 nan nan nan nan nan nan nan nan nan nan nan nan nan nan nan nan nan nan
nan nan nan nan nan nan 1.669856312965425715e+01 2.125457104997834179e+01 2.991834182601022718e+01 2.616320075553772995e+01 nan nan 7.735200100709354487e+00 nan nan nan nan nan nan nan nan nan nan nan nan nan nan nan
nan nan nan nan nan 1.393648980750361233e+01 1.573452045253359088e+01 1.717850716475752648e+01 2.893118281821680426e+01 3.281431051774986685e+01 nan nan nan nan nan nan nan nan nan nan nan nan nan nan nan nan nan nan
nan nan nan nan nan 1.376385618882132711e+01 1.199524764447942893e+01 1.195454934910805633e+01 2.450124593025247322e+01 3.472682719841212418e+01 1.370074605938672363e+01 nan nan nan nan nan nan nan nan nan nan nan nan nan nan nan nan nan
nan nan nan nan nan 1.316040836717204598e+01 9.299727995758084731e+00 8.661417915146806479e+00 1.430005907957926325e+01 2.217385150582811804e+01 2.656124368973713956e+01 1.516553618707729001e+01 nan 4.828634924713519183e+00 nan nan nan nan nan nan nan nan nan nan nan nan nan nan
nan nan nan nan nan 9.568500619764256143e+00 6.674068973581736230e+00 5.746080413990374502e+00 8.524946237504016366e+00 1.121135089555571973e+01 1.392302284450595806e+01 1.710405306535313485e+01 1.455698095152241400e+01 1.010570051038945749e+01 3.665181164885760623e+00 nan nan nan nan nan nan nan nan nan nan nan nan nan
nan nan nan nan nan 6.794577614661945653e+00 4.543364605622023156e+00 4.055982494285752971e+00 5.528358146668413298e+00 7.472278522861704353e+00 9.733479278963500292e+00 1.255699560057083453e+01 1.448470890241958386e+01 1.367211991114399794e+01 1.015253514099887866e+01 7.273662003277755694e+00 3.143013744332288084e+00 nan nan nan nan nan nan nan nan nan nan nan
nan nan nan nan nan nan 3.468485101813024052e+00 3.252696404026001797e+00 4.202502200550420675e+00 5.626720402032725055e+00 7.278812007543630003e+00 1.046859046903379209e+01 1.172770769931695867e+01 1.331998439704300097e+01 1.696208674849475884e+01 1.577686513914073529e+01 9.122657110848610529e+00 6.510968956405648989e+00 nan nan nan nan nan nan nan nan nan nan
nan nan nan nan nan nan nan 2.720014992275124222e+00 3.455459050927956799e+00 4.660584479942103897e+00 6.497257154843802063e+00 7.626464107352008526e+00 8.403241938649653520e+00 8.658153883825923103e+00 1.284270731004668598e+01 1.648084254078186461e+01 1.743623230539823510e+01 1.756616373422302146e+01 1.178743989200725650e+01 nan nan 9.609105588403977549e+00 nan nan nan nan nan nan
nan nan nan nan nan nan nan 2.427342642623635971e+00 2.978494467133775192e+00 4.322545009623173229e+00 5.350132450214023727e+00 5.478305358431510896e+00 4.824515763119324951e+00 3.645388579845892707e+00 3.787334625763884688e+00 7.298570308517097871e+00 9.344518131011255946e+00 7.103890654042089636e+00 4.708913371101944634e+00 3.171165794855969722e+00 2.244509641245136411e+00 3.751206635780973020e+00 4.607297442229573825e+00 nan nan nan nan nan
nan nan nan nan nan nan nan nan 3.314624802308149487e+00 4.484565949239899041e+00 4.604974993869122457e+00 4.766047058673629877e+00 3.585328234212900256e+00 2.118951305080795766e+00 1.564118503060033749e+00 2.492899669109607252e+00 5.288375372612891923e+00 4.717081409745207843e+00 2.540130706397197624e+00 1.338193585421754594e+00 9.612273107789502946e-01 1.106684909984933851e+00 2.023854030499795620e+00 2.956513776709337460e+00 nan 4.319120310442491117e+00 3.503938922001039735e+00 nan
nan nan nan nan nan nan nan nan nan 4.563648491079755232e+00 4.761993289370942684e+00 4.474287199751446842e+00 3.396652875665005844e+00 2.276455291499205558e+00 1.920395645211152580e+00 2.190943593385538790e+00 4.351182410764047326e+00 5.830863043606591134e+00 3.343224449614487170e+00 2.602166335922379670e+00 2.583001195220871793e+00 3.054959226623382040e+00 4.305666259729169276e+00 7.550234402295373570e+00 nan 9.804273797693602077e+00 1.594300341836285284e+01 nan
nan nan nan nan nan nan nan nan nan nan 4.641890393152835692e+00 4.494066274030253716e+00 4.066188151940695050e+00 3.130060214905137084e+00 2.317852326668369489e+00 2.451386352182459483e+00 3.844652176295458190e+00 6.060852899021516471e+00 6.041784940625532840e+00 5.392845419277461971e+00 6.052062622138447701e+00 7.185635729877362543e+00 8.680364518867746071e+00 1.221804300903725249e+01 1.870059911751244286e+01 1.942086242520797512e+01 2.080433361652497126e+01 nan
nan nan nan nan nan nan nan nan nan nan nan nan 4.785548529829988240e+00 3.904652431307658933e+00 2.854216082688242118e+00 3.023297242686337594e+00 4.470558299300683380e+00 6.416821673579105045e+00 7.491643597958494105e+00 8.105830972895466502e+00 9.871768770112305802e+00 1.186190664622872859e+01 1.418167143209329772e+01 1.654142300935398424e+01 2.152462545858645271e+01 2.240442652506364141e+01 2.108431325499880771e+01 nan
nan nan nan nan nan nan nan nan nan nan nan nan nan 4.355176698222932075e+00 3.716019261124611450e+00 4.356580449003976341e+00 5.943895542658616193e+00 7.966015179174077865e+00 1.037706927890423358e+01 1.223283230033365854e+01 1.516256918685859389e+01 1.857088316906224534e+01 2.122636847626196399e+01 2.216806671878364554e+01 2.228917376667429195e+01 2.046883025734941342e+01 2.044495140501856767e+01 nan
nan nan nan nan nan nan nan nan nan nan nan nan nan nan nan 5.964817644310912215e+00 8.489516660673086079e+00 1.087022697074866606e+01 1.502304914855409912e+01 1.839592682732923379e+01 2.208218570635301248e+01 2.473621642181691627e+01 2.473247602916154619e+01 2.243372192447837321e+01 2.066468798629253456e+01 1.933857242158495993e+01 1.939838195284359301e+01 nan
nan nan nan nan nan nan nan nan nan nan nan nan nan nan nan nan nan 1.319478027291798305e+01 1.775585358237935907e+01 2.165475018464957557e+01 2.251492675904763630e+01 2.043639999598604362e+01 1.570865641934838841e+01 2.128465252720685541e+01 2.084150439906839836e+01 1.978362570796258524e+01 1.835896426549238925e+01 nan
nan nan nan nan nan nan nan nan nan nan nan nan nan nan nan nan nan nan nan nan 8.173309464315432038e+00 nan nan 1.742117576530841205e+01 2.251007371538669588e+01 2.117562647686915156e+01 nan nan
