nan nan nan 2.210338833462801134e+00 1.798117499155180710e+00 1.683158177564308966e+00 nan nan nan nan nan nan nan nan nan nan nan nan nan nan nan nan nan nan nan nan nan nan
nan nan 3.202592063203495432e+00 2.527345290633448815e+00 1.901817937926477686e+00 1.496121887806346473e+00 2.094759539504150059e+00 nan nan nan nan nan nan nan nan nan nan nan nan nan nan nan nan nan nan nan nan nan
nan nan 4.759333506181746110e+00 3.590148283402964768e+00 2.392859713159394719e+00 1.467477010532316717e+00 1.870745146690554694e+00 2.300763638398410027e+00 nan nan nan nan nan nan nan nan nan nan nan nan nan nan nan nan nan nan nan nan
nan 9.290642731390336806e+00 7.467386636585676030e+00 5.474051021356509672e+00 3.675087423483385685e+00 1.870484826108965049e+00 1.627347879837436784e+00 1.264208219694873403e+00 4.375121219394313976e-01 nan nan nan nan nan nan nan nan nan nan nan nan nan nan nan nan nan nan nan
1.292725727256665991e+01 1.219863402570890187e+01 1.065274471485928132e+01 8.472099935598864207e+00 5.902834463866769354e+00 3.196379026374832844e+00 1.673397868827952939e+00 8.245319909710834283e-01 4.307339897908502580e-01 6.986492147317792389e-02 nan nan nan nan nan nan nan nan nan nan nan nan nan nan nan nan nan nan
1.331276498017861165e+01 1.325063679627312396e+01 1.273553367228940125e+01 1.140715878736642708e+01 8.827166065681748108e+00 5.390648100705734080e+00 2.655752623876722840e+00 1.167522728522848663e+00 4.217710699162383614e-01 nan nan nan nan nan nan nan nan nan nan nan nan nan nan nan nan nan nan nan
1.217024072388444544e+01 1.339235551392383528e+01 1.456880287585751610e+01 1.438883906878286822e+01 1.260899470298936187e+01 8.644662663633596367e+00 4.443992524058016258e+00 1.303477229272731019e+00 1.261370785367794678e-01 nan nan nan nan nan nan nan nan nan nan nan nan nan nan nan nan nan nan nan
1.095824604744299435e+01 1.338865010662188304e+01 1.592702560270684309e+01 1.782649923244753154e+01 1.818952185191044890e+01 1.359385299794839952e+01 7.781348105119634262e+00 2.389909294219614289e+00 9.280464234087001940e-02 nan nan nan nan nan nan nan nan nan nan nan nan nan nan nan nan nan nan nan
nan 1.225530984361948583e+01 1.576916643775035531e+01 2.020161313701471784e+01 2.218756759401988887e+01 1.956661307392822380e+01 1.149119152569500457e+01 3.831996785788233773e+00 3.219398921950281252e-04 1.161576709043409483e+00 nan nan nan nan nan nan nan nan nan nan nan nan nan nan nan nan nan nan
nan 1.118878402205096378e+01 1.489471790085507052e+01 2.086708738074220193e+01 2.588305975754119714e+01 2.566159179553029190e+01 1.614852057890690418e+01 5.068321030241158986e+00 9.552573598548291800e-02 5.746178127790407819e-01 nan nan nan nan nan nan nan nan nan nan nan nan nan nan nan nan nan nan
nan 9.205143088726909895e+00 1.360183748549924942e+01 1.995753080492085374e+01 2.847682301185184883e+01 3.102433398199733716e+01 2.127763039470523410e+01 6.229576029684618987e+00 7.293910727264306670e-01 4.526963229677171130e-01 nan nan nan nan nan nan nan nan nan nan nan nan nan nan nan nan nan nan
nan nan 1.003806074041790986e+01 1.683926931103854940e+01 2.298398743340957751e+01 3.240207650706442877e+01 2.498273092350851954e+01 8.134021012901852643e+00 9.730102124664619101e-01 1.160512719591377362e+00 nan nan nan nan nan nan nan nan nan nan nan nan nan nan nan nan nan nan
nan nan 1.104129271136081503e+00 1.209541697984833419e+01 1.565091136715078690e+01 nan 2.570400386916136171e+01 9.766026517809139662e+00 1.478455781606822894e+00 9.948309182796188921e-01 nan nan nan nan nan nan nan nan nan nan nan nan nan nan nan nan nan nan
nan nan nan nan nan nan 1.816759749671329160e+01 1.142544887695900968e+01 3.884719945490134663e+00 7.599700219800002987e-01 nan nan 1.379036724033797068e+00 nan nan nan nan nan nan nan nan nan nan nan nan nan nan nan
nan nan nan nan nan 2.018986979229492462e+01 1.620238173421823191e+01 1.378496062445913672e+01 8.012801380686100927e+00 8.130979750857656452e-01 nan nan nan nan nan nan nan nan nan nan nan nan nan nan nan nan nan nan
nan nan nan nan nan 1.330062321221602772e+01 1.568889359114104209e+01 1.441317560101460948e+01 1.127356205956824020e+01 7.523419483078010117e+00 1.060764549337614548e+00 nan nan nan nan nan nan nan nan nan nan nan nan nan nan nan nan nan
nan nan nan nan nan 1.056769519537673396e+01 1.302743261142273568e+01 1.374634768509496929e+01 1.311087164818724737e+01 1.126446702197210392e+01 6.940374166163744363e+00 2.924600296424872958e+00 nan 2.695967853317922658e-01 nan nan nan nan nan nan nan nan nan nan nan nan nan nan
nan nan nan nan nan 9.421372801494490190e+00 1.226337048112682382e+01 1.252346358864997633e+01 1.269024333936645732e+01 1.236811601029515550e+01 1.115648020598182555e+01 8.062890207845702761e+00 3.717936914690776362e+00 1.068190065133061806e+00 1.153948517210569569e-01 nan nan nan nan nan nan nan nan nan nan nan nan nan
nan nan nan nan nan 1.059344828381325065e+01 1.187649593785848623e+01 1.258112952608582624e+01 1.320642791168558894e+01 1.299702832773674643e+01 1.251468918635635674e+01 1.172191341177738266e+01 8.961660149032578460e+00 5.787115029178966807e+00 2.522096297436924317e+00 6.710890679604559761e-01 5.755272935466045070e-02 nan nan nan nan nan nan nan nan nan nan nan
nan nan nan nan nan nan 1.295079749191501683e+01 1.405054680663661948e+01 1.536297633809075158e+01 1.532854678583508345e+01 1.412761818156388571e+01 1.385108802439757625e+01 1.235436983662774324e+01 9.695273833506162120e+00 6.593071250825285112e+00 4.059855203358798015e+00 1.407376291527582257e+00 8.686863320865533256e-01 nan nan nan nan nan nan nan nan nan nan
nan nan nan nan nan nan nan 1.593267673279249408e+01 1.707640077195328843e+01 1.721115254496058000e+01 1.588645889334524242e+01 1.533518593761660220e+01 1.437205187386028982e+01 1.206534088206251809e+01 1.033705357471847641e+01 6.965768783671054898e+00 4.292065288861293126e+00 3.651126568996657884e+00 3.193106765921346124e+00 nan nan 1.192064513533766801e-01 nan nan nan nan nan nan
nan nan nan nan nan nan nan 1.694003893066514266e+01 1.799851311233859263e+01 1.863665807706145117e+01 1.763406895116720463e+01 1.657426552896648531e+01 1.555953177851670333e+01 1.387867491078827165e+01 1.202644393170149328e+01 1.074141418941918857e+01 7.091299395868013278e+00 4.716722264937571296e+00 4.082428757552939658e+00 3.465885100824681153e+00 2.399279856510142306e+00 1.120081780603824129e+00 5.105788920795883978e-03 nan nan nan nan nan
nan nan nan nan nan nan nan nan 1.906050550975208324e+01 2.057334104143018294e+01 1.922262282154598267e+01 1.782579094238672468e+01 1.724617030563802444e+01 1.618692198324464826e+01 1.402736331853131446e+01 1.212040939596929512e+01 1.023090442097950437e+01 8.061053964559706131e+00 5.334288086658275141e+00 4.378708704657158890e+00 4.079709052546865777e+00 3.786020185673921734e+00 1.393104155019996515e+00 6.585909103271628262e-02 nan 1.429780655459979899e+00 1.365044743474779221e+00 nan
nan nan nan nan nan nan nan nan nan 2.173760675337891257e+01 2.110981682528125702e+01 1.976593899925728692e+01 1.804438409801816690e+01 1.671339170501031290e+01 1.466052931024244899e+01 1.304799081590571852e+01 1.186374628070148063e+01 1.034032720961172735e+01 8.538466651874932367e+00 6.640945179087728079e+00 6.535129638278914577e+00 6.493816995350329968e+00 6.795091329189042462e+00 5.593740693897625960e+00 nan 1.968609793977304623e+00 2.063548516791345655e+00 nan
nan nan nan nan nan nan nan nan nan nan 2.187227705890486362e+01 2.146846573029974437e+01 1.870375819617960289e+01 1.652272048300314466e+01 1.430717689816382965e+01 1.335824223049780102e+01 1.233826059725192792e+01 1.139637705298559034e+01 1.106949459781753120e+01 9.890535155922373534e+00 7.165112492428924007e+00 7.551402156260042631e+00 9.031778271939083780e+00 7.274834177206021657e+00 4.913700671227668515e+00 2.548665954162702807e+00 1.689757577074717521e+00 nan
nan nan nan nan nan nan nan nan nan nan nan nan 1.793801514315780921e+01 1.620657649788235943e+01 1.445595069930098830e+01 1.291240537893640372e+01 1.203495113572905062e+01 1.132215340534688686e+01 1.139948276562901519e+01 1.222374714667150641e+01 1.191602870617821353e+01 7.498055882042521603e+00 6.987591953566441916e+00 5.612175639573061758e+00 4.254700985364437749e+00 2.742164291031639056e+00 1.847572594373569466e+00 nan
nan nan nan nan nan nan nan nan nan nan nan nan nan 1.589597195611740688e+01 1.422925440749387427e+01 1.212613061024020311e+01 9.981840821061254587e+00 9.374558681447448194e+00 9.296612926546250932e+00 1.102558417815725988e+01 1.232611830728249558e+01 1.173703951905018350e+01 8.019470225685473963e+00 6.143297066329288292e+00 4.529514510498742652e+00 3.354295299218942539e+00 2.469156354778879514e+00 nan
nan nan nan nan nan nan nan nan nan nan nan nan nan nan nan 1.191767236346668746e+01 9.943740112083130356e+00 6.757087624894303701e+00 6.513540770189887752e+00 7.937870500556464037e+00 1.056893406197684548e+01 1.369860992210976924e+01 1.322510677995222572e+01 6.058882038950327953e+00 4.549698261445930925e+00 3.742906802912570718e+00 3.103478215924168726e+00 nan
nan nan nan nan nan nan nan nan nan nan nan nan nan nan nan nan nan 7.731866878242885655e+00 3.730815887873487391e+00 4.187668328850866928e+00 4.190451557198860755e+00 5.515966431522825175e+00 9.952351128594894902e+00 7.318313238971636991e+00 4.894351052140427427e+00 4.182096115660845825e+00 3.533697250107764809e+00 nan
nan nan nan nan nan nan nan nan nan nan nan nan nan nan nan nan nan nan nan nan 2.011057811447767296e+00 nan nan 7.905411818043082128e+00 4.474534133526646862e+00 4.528983812382616492e+00 nan nan
