nan nan nan 4.642402014923454168e+00 5.557716614648672504e+00 7.960046607598007640e+00 nan nan nan nan nan nan nan nan nan nan nan nan nan nan nan nan nan nan nan nan nan nan
nan nan 3.083019450583955212e+00 4.303799787337171168e+00 4.656157660287235878e+00 5.359968572650945617e+00 9.406121702996209422e+00 nan nan nan nan nan nan nan nan nan nan nan nan nan nan nan nan nan nan nan nan nan
nan nan 3.649391858901107177e+00 4.346779281893365265e+00 4.447411358071947873e+00 3.979541731196889032e+00 4.799950811753912916e+00 1.185436768656570194e+01 nan nan nan nan nan nan nan nan nan nan nan nan nan nan nan nan nan nan nan nan
nan 3.241471465009057695e+00 3.965699670985670444e+00 4.165558429977672894e+00 4.407532676200708543e+00 3.912554865517715363e+00 4.675771274128782018e+00 7.318756062794706807e+00 6.529960336796934328e+00 nan nan nan nan nan nan nan nan nan nan nan nan nan nan nan nan nan nan nan
4.005413219869133457e+00 4.192772894722819998e+00 4.492958706095853572e+00 4.263944658927959708e+00 4.304818940464274490e+00 4.374463502905928003e+00 6.110703004236142988e+00 7.880156593258909048e+00 1.050702621223121724e+01 2.704188568016130390e+00 nan nan nan nan nan nan nan nan nan nan nan nan nan nan nan nan nan nan
4.389573959220443911e+00 5.283026380823770296e+00 5.528943803379604560e+00 5.004164704780639461e+00 4.674094780735351229e+00 6.011284326277801959e+00 8.410843446961596470e+00 9.596649924998288839e+00 1.665650893686944300e+01 nan nan nan nan nan nan nan nan nan nan nan nan nan nan nan nan nan nan nan
4.698044675224397615e+00 5.492454931227353399e+00 6.397155472819227029e+00 6.804459883114429175e+00 7.673667824785572300e+00 8.491913131418527882e+00 9.398796479727510089e+00 1.007612271520110170e+01 1.661454716582229452e+01 nan nan nan nan nan nan nan nan nan nan nan nan nan nan nan nan nan nan nan
6.642693863465281012e+00 7.369768054289209225e+00 8.015738847203150996e+00 9.376217317073511026e+00 1.021452523135634216e+01 1.056306439497559957e+01 9.263066678220551964e+00 8.739645143936847660e+00 1.610002025070120624e+01 nan nan nan nan nan nan nan nan nan nan nan nan nan nan nan nan nan nan nan
nan 8.731952693292317491e+00 9.716419717948920010e+00 1.105556097149237438e+01 1.168708546199408183e+01 1.160137409782410778e+01 1.119164087794994167e+01 1.087196806146050321e+01 1.178526270710428037e+01 6.434583746183559327e+00 nan nan nan nan nan nan nan nan nan nan nan nan nan nan nan nan nan nan
nan 9.968616003603704812e+00 1.048813690373774321e+01 1.256449532777419975e+01 1.483022067697691426e+01 1.552526493047252032e+01 1.380231941298493759e+01 1.280303382149682712e+01 1.226731168571817676e+01 7.387065122242066906e+00 nan nan nan nan nan nan nan nan nan nan nan nan nan nan nan nan nan nan
nan 1.034534678711192690e+01 1.193396603652436561e+01 1.478539432423258759e+01 1.742591803604364031e+01 1.881531192167287969e+01 1.866524313569196636e+01 1.806645669538912102e+01 1.421407903272032058e+01 6.825435915518077046e+00 nan nan nan nan nan nan nan nan nan nan nan nan nan nan nan nan nan nan
nan nan 1.144718308484539904e+01 1.566039093230934398e+01 1.700538414506256402e+01 1.853643752246007637e+01 2.233336694124099253e+01 1.576013102160679047e+01 1.174729389311049488e+01 4.246754339460490080e+00 nan nan nan nan nan nan nan nan nan nan nan nan nan nan nan nan nan nan
nan nan 5.011856447691593885e+00 1.108587756430823745e+01 1.796657397660568378e+01 nan 2.331466425589526992e+01 1.477998021309478283e+01 1.036847776874408567e+01 3.139655294562093246e+00 nan nan nan nan nan nan nan nan nan nan nan nan nan nan nan nan nan nan
nan nan nan nan nan nan 1.988588059191839008e+01 1.374206135146609142e+01 8.954126503040127361e+00 2.187893935697120984e+00 nan nan 9.795478635361786202e-01 nan nan nan nan nan nan nan nan nan nan nan nan nan nan nan
nan nan nan nan nan 2.363061449613082132e+01 1.733065795425674693e+01 1.253520738377313570e+01 7.136588271207423340e+00 3.174098044008917263e+00 nan nan nan nan nan nan nan nan nan nan nan nan nan nan nan nan nan nan
nan nan nan nan nan 1.957732025375254636e+01 1.595935071253316906e+01 1.173225117801291972e+01 5.998872824078642196e+00 3.781063529969495463e+00 6.738636943039419958e-01 nan nan nan nan nan nan nan nan nan nan nan nan nan nan nan nan nan
nan nan nan nan nan 1.473204418989255515e+01 1.344324480007889555e+01 1.069354048722702188e+01 6.177546288774136585e+00 3.212896840995642211e+00 2.760132285206187142e+00 1.928941471673205621e+00 nan 1.571458649719226497e-01 nan nan nan nan nan nan nan nan nan nan nan nan nan nan
nan nan nan nan nan 1.228638309116551675e+01 1.235818340232859214e+01 1.022552800246235272e+01 7.046663567185105670e+00 4.309928200925545738e+00 3.353042637867611919e+00 2.654215579073372577e+00 2.038120528346017313e+00 4.003868758146170159e-01 1.618875533271708078e-01 nan nan nan nan nan nan nan nan nan nan nan nan nan
nan nan nan nan nan 1.196813415559953775e+01 1.203854113975481965e+01 1.098467121041317185e+01 8.527366597939600723e+00 5.858236674439996072e+00 4.034703651273612302e+00 3.228525135678754765e+00 3.224958108748914754e+00 2.391888434800657937e+00 4.490278188174389729e-01 9.249863418311282670e-02 8.114942715951264929e-02 nan nan nan nan nan nan nan nan nan nan nan
nan nan nan nan nan nan 1.283331278120495966e+01 1.135676092875795717e+01 1.017846074693568248e+01 8.635996195978741241e+00 6.997048817144463584e+00 5.556542137277341808e+00 4.784970839134189191e+00 5.323230886922690530e+00 3.696370355239806837e+00 1.267115374598347222e+00 1.188480683687688499e-01 5.430273200941312939e-02 nan nan nan nan nan nan nan nan nan nan
nan nan nan nan nan nan nan 1.359068082419483048e+01 1.195412120598363614e+01 1.117418132998653313e+01 1.000626799945868761e+01 8.742176164479905864e+00 7.690986590654141253e+00 7.457734713762017797e+00 7.200339462508735799e+00 5.202076361298559881e+00 2.549804623615882893e+00 1.495378928865411128e+00 8.665593922293314266e-01 nan nan 2.517742828194882709e-01 nan nan nan nan nan nan
nan nan nan nan nan nan nan 1.714435595549505464e+01 1.501920179357258434e+01 1.375024973952415053e+01 1.285541044715020398e+01 1.132753255352703370e+01 9.870137004177843565e+00 8.927459656836401081e+00 9.309125055854032382e+00 8.819689517695280756e+00 6.122059806732926823e+00 3.922689900693852483e+00 2.076727761226845104e+00 8.190104724038090867e-01 1.766523254569057622e-01 6.978456683158706930e-02 2.985010777199094134e-01 nan nan nan nan nan
nan nan nan nan nan nan nan nan 1.871392166843677884e+01 1.767215926430754891e+01 1.655875301563010993e+01 1.432105299180998870e+01 1.283827461638595047e+01 1.260832761189776008e+01 1.190622810307798218e+01 1.139058004431714721e+01 1.067924755008095694e+01 7.552130395919915529e+00 5.069289541990680270e+00 3.286466259902135700e+00 2.131370706147929006e+00 8.289590939341753284e-01 7.998907985557984768e-02 4.045115837718821217e-02 nan 4.046328324658504672e-01 3.339376910491424488e-01 nan
nan nan nan nan nan nan nan nan nan 2.212265997788116678e+01 2.234999308860023959e+01 1.861707326270678919e+01 1.349410902472208384e+01 1.054023856916416868e+01 1.096360455605828577e+01 1.152742853613145613e+01 1.310035167903375353e+01 1.210873675521321680e+01 9.600400444798680155e+00 7.143718119783525999e+00 5.338411707656918637e+00 3.372316350113587102e+00 1.418856017112301693e+00 2.730909828211571244e-01 nan 4.468802495524454854e-01 4.181426671759512215e-01 nan
nan nan nan nan nan nan nan nan nan nan 1.586611791790327430e+01 1.843842240956696799e+01 1.343149046409993908e+01 9.695373888509468685e+00 9.040526274360273007e+00 1.048175357138155128e+01 1.316667747534397392e+01 1.448601133821724218e+01 1.425396534571372165e+01 1.145059535235945702e+01 9.309169363884640447e+00 6.493247279198520516e+00 4.176100852535250318e+00 1.951933539902642734e+00 2.862841779097594075e-01 5.507244424886068024e-02 2.763836193824669718e-01 nan
nan nan nan nan nan nan nan nan nan nan nan nan 1.640193820472726571e+01 1.213048969752275497e+01 1.059107052968640161e+01 1.150071927586037823e+01 1.337297118677233065e+01 1.402310572251885645e+01 1.446450904263349635e+01 1.440026066313076925e+01 1.345479203389871081e+01 1.040265485439201321e+01 7.388095026721234859e+00 4.173950201509121882e+00 1.902774290009543900e+00 3.499783474093168256e-01 1.286766416656718627e-03 nan
nan nan nan nan nan nan nan nan nan nan nan nan nan 1.560462916202245509e+01 1.230921717962591266e+01 9.465441535102064208e+00 7.971626408627471072e+00 9.248493077012536645e+00 1.055172481758823899e+01 1.177460642635955779e+01 1.461501863964566361e+01 1.431051725742683267e+01 1.183935080189328026e+01 7.180102487292797875e+00 3.575674266500519227e+00 1.359020824382406012e+00 3.188384798031734246e-01 nan
nan nan nan nan nan nan nan nan nan nan nan nan nan nan nan 7.452970195416534160e+00 5.152950970056396685e+00 4.720067897613215102e+00 4.833188237436452539e+00 6.141546460768724458e+00 7.666230919294124035e+00 1.433650818313154218e+01 1.774077465499690121e+01 1.102886134458737111e+01 5.302868636850257111e+00 2.322291641598112744e+00 8.768545788634312110e-01 nan
nan nan nan nan nan nan nan nan nan nan nan nan nan nan nan nan nan 3.299446507621519142e+00 2.377021396129107345e+00 1.589941328503173601e+00 1.215486104211170204e+00 1.415744122061213472e+00 1.211929135482939301e+01 1.221881991414985258e+01 7.334259312311482759e+00 3.386221563901488096e+00 1.405333699704231165e+00 nan
nan nan nan nan nan nan nan nan nan nan nan nan nan nan nan nan nan nan nan nan 4.480984265670118205e+00 nan nan 1.080446151279748968e+01 6.914218193562205350e+00 3.704040542849890372e+00 nan nan
