nan nan nan 2.590262499001789109e+01 1.623665260068251115e+01 1.039463986999681566e+01 nan nan nan nan nan nan nan nan nan nan nan nan nan nan nan nan nan nan nan nan nan nan
nan nan 2.948028643614823707e+01 1.932163552617399560e+01 1.069986415838332405e+01 5.521980275124392712e+00 7.217001097936746490e+00 nan nan nan nan nan nan nan nan nan nan nan nan nan nan nan nan nan nan nan nan nan
nan nan 2.508387251638857052e+01 1.497913096632826147e+01 6.639881292278009717e+00 1.295926556272804397e+00 3.398104618249484954e+00 1.314769207902245007e+01 nan nan nan nan nan nan nan nan nan nan nan nan nan nan nan nan nan nan nan nan
nan 3.151504679410857790e+01 2.191033626113531341e+01 1.319284513547272297e+01 6.041159415019313528e+00 1.332254934593695150e+00 6.694446597824049716e-02 5.281102869002783251e+00 1.422137594671472094e+01 nan nan nan nan nan nan nan nan nan nan nan nan nan nan nan nan nan nan nan
3.674151371881615091e+01 2.978720230554369763e+01 2.029069975965335715e+01 1.164962724535213923e+01 6.325621755494191589e+00 2.735241064605583805e+00 7.970081946357976399e-01 2.672118423252708208e+00 8.361786089322464477e+00 1.206206956467930702e+01 nan nan nan nan nan nan nan nan nan nan nan nan nan nan nan nan nan nan
3.598007123930349138e+01 2.837496524620559768e+01 1.949703847906210541e+01 1.138131599799800675e+01 6.726843029342306046e+00 4.010886287069251210e+00 2.754821567993973819e+00 4.616545243625699513e+00 1.486137722282650664e+01 nan nan nan nan nan nan nan nan nan nan nan nan nan nan nan nan nan nan nan
3.726528126978737987e+01 2.864278095177328254e+01 1.894241435257737649e+01 1.089148710398821329e+01 6.733460796318810004e+00 4.635327185886080947e+00 4.012105738851587056e+00 7.940263339216098615e+00 1.938616554000160264e+01 nan nan nan nan nan nan nan nan nan nan nan nan nan nan nan nan nan nan nan
3.690819921739404919e+01 3.018741932007170803e+01 2.028085637718883660e+01 1.156272755286642884e+01 6.747432017284282324e+00 4.618922855112857384e+00 4.597308760249582349e+00 1.066259404787676779e+01 2.053286251461150158e+01 nan nan nan nan nan nan nan nan nan nan nan nan nan nan nan nan nan nan nan
nan 3.009619686455339505e+01 2.246547032135086752e+01 1.414898373365711315e+01 8.365231257237079276e+00 5.180579597505936995e+00 5.611572856474207782e+00 1.136637179248019258e+01 1.640753934779430878e+01 1.551003443486723654e+01 nan nan nan nan nan nan nan nan nan nan nan nan nan nan nan nan nan nan
nan 2.855893271489523144e+01 2.205773182122942089e+01 1.474423903983567641e+01 1.017791962412966811e+01 6.847318072658914012e+00 7.140920630535728897e+00 1.300993296948326261e+01 1.717476082870921772e+01 1.579370367266442088e+01 nan nan nan nan nan nan nan nan nan nan nan nan nan nan nan nan nan nan
nan 2.694668237793436205e+01 2.113733446824498330e+01 1.497226496643889782e+01 1.111073623449035885e+01 8.102765463838940363e+00 8.030437994215091635e+00 1.399993528958638400e+01 1.986986916285076177e+01 1.951469915659457754e+01 nan nan nan nan nan nan nan nan nan nan nan nan nan nan nan nan nan nan
nan nan 1.932309326162908647e+01 1.535866088993640588e+01 1.134155215309782605e+01 9.455454114724616943e+00 7.881816920655822400e+00 1.454159312635699486e+01 2.347935344262128510e+01 2.008486615308797951e+01 nan nan nan nan nan nan nan nan nan nan nan nan nan nan nan nan nan nan
nan nan 1.102089527155714244e+01 1.068105272607241041e+01 9.054619492443224615e+00 nan 8.525759599270109845e+00 1.581726838351497832e+01 2.552479748310725682e+01 1.939310311778028861e+01 nan nan nan nan nan nan nan nan nan nan nan nan nan nan nan nan nan nan
nan nan nan nan nan nan 7.727409748893228958e+00 1.489045195510225206e+01 2.376377444966775698e+01 1.732813468523958278e+01 nan nan 7.236644907515339398e+00 nan nan nan nan nan nan nan nan nan nan nan nan nan nan nan
nan nan nan nan nan 4.072504237409128258e+00 4.827661756547596106e+00 9.919274660048442271e+00 2.082763049920568221e+01 2.469918465913499261e+01 nan nan nan nan nan nan nan nan nan nan nan nan nan nan nan nan nan nan
nan nan nan nan nan 9.977584932273170226e-01 1.988130641276035115e+00 4.834401137931106263e+00 1.311943894789336973e+01 2.599501730054972981e+01 1.503595889815316866e+01 nan nan nan nan nan nan nan nan nan nan nan nan nan nan nan nan nan
nan nan nan nan nan 2.033825972090339107e+00 1.283860007541477222e+00 2.380200026817317571e+00 4.864314159884855826e+00 1.066535810891814862e+01 2.085318261103247650e+01 2.231183934910598055e+01 nan 9.883545031475842180e+00 nan nan nan nan nan nan nan nan nan nan nan nan nan nan
nan nan nan nan nan 4.972121938104656635e+00 2.392852036800329429e+00 2.093247879562160296e+00 3.177204472358540421e+00 4.045908021036982660e+00 6.994716335247928463e+00 1.265330860621260634e+01 2.125072760723380227e+01 3.014388194914601726e+01 9.828367270323477456e+00 nan nan nan nan nan nan nan nan nan nan nan nan nan
nan nan nan nan nan 9.498676288696081826e+00 4.928309709232211233e+00 2.932134815049146859e+00 3.328880857219711942e+00 3.757601891643405079e+00 4.669290240803444014e+00 7.217329464402070904e+00 1.146679893392127525e+01 2.250964707740367032e+01 3.400636867242430128e+01 1.514296789236006546e+01 4.463488534319154155e+00 nan nan nan nan nan nan nan nan nan nan nan
nan nan nan nan nan nan 9.198594484521986914e+00 6.138509330322451163e+00 4.968200467934658526e+00 5.014592758964494301e+00 5.271284792051705637e+00 6.271342057723322760e+00 7.081622535233129234e+00 9.843132292418914631e+00 1.997107610419320523e+01 3.192098216917901965e+01 2.588417680359258455e+01 1.122323559352794931e+01 nan nan nan nan nan nan nan nan nan nan
nan nan nan nan nan nan nan 1.030828295969060449e+01 8.416924779855781580e+00 7.204926779630040912e+00 6.943042211702756816e+00 7.167812954041107965e+00 6.615281949375763304e+00 5.902767601796764296e+00 6.587801774637067176e+00 9.341975090500309165e+00 1.830846233606815332e+01 2.232912078680335810e+01 1.690767817961692288e+01 nan nan 5.790185432728877757e+00 nan nan nan nan nan nan
nan nan nan nan nan nan nan 1.298678587805660634e+01 1.132732218108584377e+01 1.029875042509646832e+01 9.274382535154186868e+00 8.780773374093712391e+00 7.605169692958885008e+00 5.915922578362123652e+00 4.360441679551591676e+00 3.913282216013356241e+00 4.190888325413046900e+00 7.174167688788394059e+00 9.765922516615164639e+00 9.473291759705487536e+00 7.716924626263587328e+00 7.592596126713584859e+00 2.917453810493605193e+00 nan nan nan nan nan
nan nan nan nan nan nan nan nan 1.400533832671375301e+01 1.213869076144121273e+01 1.125767524965163346e+01 1.003572839664715310e+01 8.691184709589817814e+00 6.979881037723009385e+00 5.251371915265777623e+00 3.458861671952726979e+00 2.489965144924935370e+00 2.192391785144066851e+00 2.967710726487629458e+00 4.120953692911218269e+00 5.217547484060807150e+00 7.460267825789785867e+00 8.015445053562942235e+00 1.960835558557487701e+00 nan 1.857577309455872738e+00 2.262572762447621066e+00 nan
nan nan nan nan nan nan nan nan nan 1.475549234174503610e+01 1.258384182800668682e+01 1.204464936537952902e+01 1.068025777076451277e+01 8.792586068575188207e+00 6.919245019336439206e+00 4.951718114103766055e+00 2.856332188966867580e+00 1.549572181411619010e+00 1.326206038891935002e+00 2.270261190763006809e+00 2.677919733177902106e+00 4.479099453023556165e+00 8.591394495589380398e+00 8.919943644068215605e+00 nan 9.419798776058165846e-01 1.480636806866778787e+00 nan
nan nan nan nan nan nan nan nan nan nan 1.420450343954603767e+01 1.293250766292553422e+01 1.180637284705809087e+01 1.024490145478257830e+01 8.823239882707806458e+00 6.638168135286289129e+00 4.262160035700885530e+00 2.019823929733191026e+00 1.282350866120807176e+00 1.582326339026062012e+00 2.169038046578721346e+00 2.828608565643607964e+00 5.092888051657244119e+00 5.393683349115264036e+00 3.341139284532338660e+00 1.090049448895429984e+00 1.409619758552944191e+00 nan
nan nan nan nan nan nan nan nan nan nan nan nan 1.386133093449364395e+01 1.274381228915444098e+01 1.123291632645319282e+01 9.353253030446186500e+00 6.992035724264691332e+00 4.865999602587804951e+00 3.182687488554027500e+00 2.220948088039163881e+00 1.724455832398636312e+00 1.722613471150806541e+00 2.970424294366599050e+00 3.518479485149720976e+00 2.502613540830465944e+00 1.882702783047154771e+00 1.838371061104389081e+00 nan
nan nan nan nan nan nan nan nan nan nan nan nan nan 1.514515071469239160e+01 1.449593808989977717e+01 1.335390190802891475e+01 1.127207878153020282e+01 9.004793832750518590e+00 6.309537927045615113e+00 4.475288983769384110e+00 2.388165376479454149e+00 9.972057908396187997e-01 9.425809168837921970e-01 2.810789381674302145e+00 2.455816667281744081e+00 1.991718649695411791e+00 1.806216422499380858e+00 nan
nan nan nan nan nan nan nan nan nan nan nan nan nan nan nan 1.513058570780448875e+01 1.345380906574101054e+01 1.128145760962697963e+01 8.581361206721794588e+00 7.274403955735789573e+00 5.748040143050415551e+00 3.227016391444826215e+00 9.555481090374934317e-01 1.212088520844017081e+00 1.935737409191953251e+00 1.965710478506493164e+00 1.760796305933809425e+00 nan
nan nan nan nan nan nan nan nan nan nan nan nan nan nan nan nan nan 1.200622724994137513e+01 9.683083796798056753e+00 8.105480631507305134e+00 7.835429135095340669e+00 9.079498226920085457e+00 5.603297233301363534e+00 1.053583238900239083e+00 9.708030519708923389e-01 1.201712505828928190e+00 1.342592872774148516e+00 nan
nan nan nan nan nan nan nan nan nan nan nan nan nan nan nan nan nan nan nan nan 3.509673204006964475e+00 nan nan 3.389493573426435535e+00 9.568643942262018420e-01 7.749303962989579908e-01 nan nan
