nan nan nan 5.197530326081223784e+00 2.694481952847390005e+00 1.399616602575060265e+00 nan nan nan nan nan nan nan nan nan nan nan nan nan nan nan nan nan nan nan nan nan nan
nan nan 7.703241819914488531e+00 4.795410104822066089e+00 2.784396600062766236e+00 1.613200075535307310e+00 3.689064695487186185e+00 nan nan nan nan nan nan nan nan nan nan nan nan nan nan nan nan nan nan nan nan nan
nan nan 8.455544723556277731e+00 5.359521619384891800e+00 3.850808834192174235e+00 3.219428109872186639e+00 6.504790273862713690e+00 1.552939435140494950e+01 nan nan nan nan nan nan nan nan nan nan nan nan nan nan nan nan nan nan nan nan
nan 1.238412037711080416e+01 8.808262205169205217e+00 6.302300357006263454e+00 4.947089815844673666e+00 3.717619228719032165e+00 4.961526257188031863e+00 1.259876545957011729e+01 2.395589304283407373e+01 nan nan nan nan nan nan nan nan nan nan nan nan nan nan nan nan nan nan nan
1.845732416153227362e+01 1.268474679109230152e+01 9.200584442335353330e+00 7.114280864789313874e+00 5.137041857090007824e+00 3.017575844176227040e+00 1.896277827413552330e+00 4.382761765088770467e+00 1.091705689709826288e+01 2.159125829175916067e+01 nan nan nan nan nan nan nan nan nan nan nan nan nan nan nan nan nan nan
1.747800091246862664e+01 1.295544893123966901e+01 9.600678421454492906e+00 7.235491066135861793e+00 4.738214481936267042e+00 2.973016309093483578e+00 9.205998079660809852e-02 1.826411022103415327e+00 1.205029181844137298e+01 nan nan nan nan nan nan nan nan nan nan nan nan nan nan nan nan nan nan nan
1.561957949008784752e+01 1.237516658725653862e+01 8.926709195796966867e+00 6.664105105078712121e+00 4.427117588814270199e+00 2.699410370282264271e+00 2.184038376606363685e-01 3.116243825462578165e+00 1.149380104809704761e+01 nan nan nan nan nan nan nan nan nan nan nan nan nan nan nan nan nan nan nan
1.433759980228017561e+01 1.152057931652035272e+01 7.958555136012625653e+00 5.794890590280674658e+00 3.954383931766218829e+00 2.037832686624479805e+00 2.145747424208756804e-01 3.623398900149044088e+00 1.225063353289928614e+01 nan nan nan nan nan nan nan nan nan nan nan nan nan nan nan nan nan nan nan
nan 1.032445595852101405e+01 6.745052479007635604e+00 4.888186876821269067e+00 2.768701962505512704e+00 9.970335621139461146e-01 1.381903375173963722e-01 1.984984527106164132e+00 8.889595716806756087e+00 8.549379127160481318e+00 nan nan nan nan nan nan nan nan nan nan nan nan nan nan nan nan nan nan
nan 9.585639621283039702e+00 5.884707519577222712e+00 3.732726391855586190e+00 1.052276823785833981e+00 2.552328029811105625e-01 7.952394802835596743e-02 7.134073285469471060e-01 3.691098565468482917e+00 9.386167366946741808e+00 nan nan nan nan nan nan nan nan nan nan nan nan nan nan nan nan nan nan
nan 8.830543891310181692e+00 5.316868423813070343e+00 2.577129810257464015e+00 9.214282766422806636e-01 3.730172354880114671e-01 4.335988803650462908e-01 8.935639982357569400e-01 2.099823830038623385e+00 6.059502086661588294e+00 nan nan nan nan nan nan nan nan nan nan nan nan nan nan nan nan nan nan
nan nan 4.043905301103379202e+00 1.768528665395423749e+00 5.915509423884578455e-01 3.206311435491959738e-01 1.039080921747544073e+00 1.755086413741471230e+00 3.048028993976390488e+00 3.917959034632260362e+00 nan nan nan nan nan nan nan nan nan nan nan nan nan nan nan nan nan nan
nan nan 2.253207961446190399e+00 2.840647204076885424e-01 6.043227578618752538e-02 nan 1.662531612011775017e+00 2.966620826545704581e+00 4.741261055437808736e+00 4.653376667509621534e+00 nan nan nan nan nan nan nan nan nan nan nan nan nan nan nan nan nan nan
nan nan nan nan nan nan 3.017126281249190356e+00 5.647500395291201514e+00 8.075503504537969945e+00 5.148058272245348732e+00 nan nan 1.433992790925361360e+00 nan nan nan nan nan nan nan nan nan nan nan nan nan nan nan
nan nan nan nan nan 9.509351045158470628e-01 4.236013704377137756e+00 8.804903877379317123e+00 1.447523164438262278e+01 1.052290894496109708e+01 nan nan nan nan nan nan nan nan nan nan nan nan nan nan nan nan nan nan
nan nan nan nan nan 4.821295931812032087e+00 7.279384216867765822e+00 1.165828502888986762e+01 1.969746517433107513e+01 2.851336114296998403e+01 1.328625474913856586e+01 nan nan nan nan nan nan nan nan nan nan nan nan nan nan nan nan nan
nan nan nan nan nan 7.434318881530007417e+00 9.296574001217258854e+00 1.373547834465491313e+01 1.968340469310133756e+01 2.900868465663774032e+01 3.549715880181344119e+01 2.355079945446333056e+01 nan 5.560951942182650320e+00 nan nan nan nan nan nan nan nan nan nan nan nan nan nan
nan nan nan nan nan 8.234172185107219377e+00 9.731800957749161540e+00 1.264352030769148350e+01 1.729327355906590569e+01 2.451820810246487881e+01 3.236873859697639233e+01 3.839241602008105048e+01 3.680945398018594972e+01 1.928457136253203785e+01 4.592865074448986284e+00 nan nan nan nan nan nan nan nan nan nan nan nan nan
nan nan nan nan nan 8.874384389889858227e+00 8.556789263463205231e+00 1.025370986483141067e+01 1.388044556535917629e+01 1.993191037365343377e+01 2.825319366983428893e+01 3.551907507666063424e+01 4.189811002746024116e+01 4.144652570985967799e+01 2.698740607327624730e+01 1.034327274030061972e+01 3.641209133524717423e+00 nan nan nan nan nan nan nan nan nan nan nan
nan nan nan nan nan nan 7.592949690645938610e+00 8.049430658196532917e+00 1.144237205993586315e+01 1.655080149091061514e+01 2.234807820605520234e+01 3.041739256415736037e+01 3.927817651260468779e+01 5.281163157312303014e+01 5.523914862849261453e+01 4.657146170638643667e+01 2.958545725006576887e+01 1.687372587023907400e+01 nan nan nan nan nan nan nan nan nan nan
nan nan nan nan nan nan nan 7.365807005307777544e+00 8.393252030955233423e+00 1.308938946597808517e+01 1.726908561474328963e+01 2.302979240093520019e+01 3.003345363108212140e+01 4.230848531867469120e+01 5.160276795326248589e+01 5.241453160995711613e+01 5.147245871719217547e+01 4.831430355368598129e+01 3.189268927883706084e+01 nan nan 1.728105350508209881e+01 nan nan nan nan nan nan
nan nan nan nan nan nan nan 6.590827453177325879e+00 7.440944112154530110e+00 9.786700332069813157e+00 1.524441689069026928e+01 1.686490676901459196e+01 2.085915576668323723e+01 2.727551750603788960e+01 3.259136892437209809e+01 3.762088347175274095e+01 3.617131987490698464e+01 3.394935643188546237e+01 2.881685230064360681e+01 2.394489082951584891e+01 2.061325417078829147e+01 1.694885546794699138e+01 6.510712140006871707e+00 nan nan nan nan nan
nan nan nan nan nan nan nan nan 6.491208676536239786e+00 8.266408257026945705e+00 1.248263663076028784e+01 1.354562428955240350e+01 1.486057278395670878e+01 1.881479594273544009e+01 2.225937638265640572e+01 2.410093591619586562e+01 2.515073534174925740e+01 2.456129045331710259e+01 2.493558502865218074e+01 2.552822035799354694e+01 2.690664029493822440e+01 2.905170069411480682e+01 2.290879263839928015e+01 7.261494608607840462e+00 nan 5.221727264949135083e+00 3.213804398468015577e+00 nan
nan nan nan nan nan nan nan nan nan 6.700096809834629852e+00 1.014417309344471008e+01 1.114193668423672179e+01 1.148657147191299188e+01 1.393058190428839893e+01 1.619275053509870688e+01 1.844137405675429875e+01 1.874093073755394201e+01 1.710380488991762604e+01 2.057178822275259122e+01 2.399216226681910413e+01 2.711273578927604788e+01 2.991985946443517363e+01 2.932486196003453216e+01 2.882947185891411479e+01 nan 7.659646872984516186e+00 7.083013911637261906e+00 nan
nan nan nan nan nan nan nan nan nan nan 6.752164937172196346e+00 9.387980497736622354e+00 9.163956402824247505e+00 1.042238037933305073e+01 1.233470017430606092e+01 1.422359475228718040e+01 1.563973950682936476e+01 1.558367794909477588e+01 1.779560684003063287e+01 2.108781883479937491e+01 2.629500844300534723e+01 3.073281007459915060e+01 3.039871344724347324e+01 2.793400091794920925e+01 2.106957858131018213e+01 1.286889548952896867e+01 9.771352674125688864e+00 nan
nan nan nan nan nan nan nan nan nan nan nan nan 6.802058987456943484e+00 7.999892872781479980e+00 9.585766611431811413e+00 1.128491916415705454e+01 1.407396733721030913e+01 1.450915491650532729e+01 1.351150941100846659e+01 1.671309652345787100e+01 2.126994218140090709e+01 2.534718946595545930e+01 2.879882523815803097e+01 2.593018703850011164e+01 1.971613353726455742e+01 1.383820885954270885e+01 8.678135884617125484e+00 nan
nan nan nan nan nan nan nan nan nan nan nan nan nan 7.383629861183681697e+00 8.131197419879418575e+00 9.680937358099319212e+00 1.232993326117686195e+01 1.340293283957131898e+01 1.202337332037288142e+01 1.064436463409567857e+01 1.175218466823735497e+01 1.586788403209295950e+01 2.300142583053464307e+01 2.214909742875413201e+01 1.778893331059208904e+01 1.319893169223280793e+01 9.215703391059825833e+00 nan
nan nan nan nan nan nan nan nan nan nan nan nan nan nan nan 1.093715345123073135e+01 1.398159532391658288e+01 1.512710185885001835e+01 1.363344166668815127e+01 1.043640138110935212e+01 9.042250969582992681e+00 8.928948764294620588e+00 1.566958614763199975e+01 1.616146926485832580e+01 1.410699130075020236e+01 1.099571150987618218e+01 7.934980516633340031e+00 nan
nan nan nan nan nan nan nan nan nan nan nan nan nan nan nan nan nan 2.015641346026528780e+01 1.623844924671027101e+01 1.616121503794617453e+01 1.262559042047182345e+01 5.613043049426069686e+00 8.187569908311878919e+00 1.180715943082673292e+01 1.072081064878740797e+01 8.469899265665379318e+00 6.800413253986828721e+00 nan
nan nan nan nan nan nan nan nan nan nan nan nan nan nan nan nan nan nan nan nan 1.284764460171146361e+01 nan nan 8.350469941428483978e+00 8.135814620705239975e+00 9.410955397514172205e+00 nan nan
