nan nan nan 3.430904865213186827e+00 1.121035496088292671e+00 1.873171881524588356e+00 nan nan nan nan nan nan nan nan nan nan nan nan nan nan nan nan nan nan nan nan nan nan
nan nan 2.765329189365438367e+00 1.101605618638325179e+00 8.237123295690258751e-02 1.035443936282319344e+00 4.107379928138367831e+00 nan nan nan nan nan nan nan nan nan nan nan nan nan nan nan nan nan nan nan nan nan
nan nan 1.314768195499421255e+00 2.733872735027128020e-01 6.949586461931739345e-02 9.932158410762131906e-01 2.889339116649704220e+00 4.953323705196500448e+00 nan nan nan nan nan nan nan nan nan nan nan nan nan nan nan nan nan nan nan nan
nan 1.321165240112555317e+00 9.236474824731784050e-01 3.255401246023372774e-01 5.297486937021619324e-01 1.121234755510698733e+00 1.853928486274055709e+00 3.007076152766317456e+00 3.292863614999185895e+00 nan nan nan nan nan nan nan nan nan nan nan nan nan nan nan nan nan nan nan
1.185676640256898340e+00 1.128976355776762919e+00 9.434819074207017042e-01 5.242993784089793330e-01 6.542921051478185479e-01 7.575490883356001959e-01 1.070299221669999579e+00 2.362340180617436225e+00 6.863165827511580552e+00 5.995406622450458300e+00 nan nan nan nan nan nan nan nan nan nan nan nan nan nan nan nan nan nan
1.124990001795625361e+00 9.597862803700503154e-01 8.415533660598921717e-01 4.990322589629905825e-01 2.493003318668576551e-01 2.362434001925386995e-01 4.973284454348740891e-01 2.229278714531670147e+00 1.276938489123440590e+01 nan nan nan nan nan nan nan nan nan nan nan nan nan nan nan nan nan nan nan
1.143454068985129801e+00 7.431936508883185688e-01 6.849668563577098190e-01 3.866647922187002595e-01 7.498687359137772013e-02 3.634898984477870354e-02 3.129136178697057291e-01 3.404874932419878597e+00 1.560971353083657220e+01 nan nan nan nan nan nan nan nan nan nan nan nan nan nan nan nan nan nan nan
1.238044190318012161e+00 8.852047773579785339e-01 7.379929094627936115e-01 4.562186685838370281e-01 1.820019938620895394e-01 3.014552556300113817e-02 1.199885092100280604e+00 5.138900091166139106e+00 1.545171774181694246e+01 nan nan nan nan nan nan nan nan nan nan nan nan nan nan nan nan nan nan nan
nan 1.105554778530229543e+00 8.191245157731954496e-01 6.995548871888213061e-01 5.883612158353616062e-01 1.143231945648901071e+00 2.679920200503511207e+00 5.585854235305377280e+00 1.168318767861807750e+01 1.267529432058378625e+01 nan nan nan nan nan nan nan nan nan nan nan nan nan nan nan nan nan nan
nan 1.402290176157816814e+00 1.360914058205635380e+00 1.532869386999443861e+00 1.954343025541308343e+00 2.326318928583142931e+00 3.742818688489590429e+00 6.946365437578110757e+00 1.150922655462435884e+01 1.072988226212763152e+01 nan nan nan nan nan nan nan nan nan nan nan nan nan nan nan nan nan nan
nan 2.762410587891992897e+00 2.954707916643351417e+00 3.225946676016104409e+00 3.263077940573394287e+00 3.795935453351089617e+00 4.518147235455581168e+00 7.069943537825240654e+00 1.095913327405105164e+01 8.693441248727058479e+00 nan nan nan nan nan nan nan nan nan nan nan nan nan nan nan nan nan nan
nan nan 3.512018531337101734e+00 3.272439893682485224e+00 3.138393747257322453e+00 3.218003268486397062e+00 3.543957350976917109e+00 5.757863279226197228e+00 1.073384607415897030e+01 7.186989931880507498e+00 nan nan nan nan nan nan nan nan nan nan nan nan nan nan nan nan nan nan
nan nan 2.398643442627668598e+00 1.746972513036702646e+00 2.286181160606691076e+00 nan 2.299556553313598872e+00 4.060158966625015964e+00 9.531149767393984007e+00 6.913808227751607305e+00 nan nan nan nan nan nan nan nan nan nan nan nan nan nan nan nan nan nan
nan nan nan nan nan nan 1.264405886230648424e+00 2.589196974849041322e+00 6.963394109352723405e+00 5.288388666247000103e+00 nan nan 2.017617701491366322e+00 nan nan nan nan nan nan nan nan nan nan nan nan nan nan nan
nan nan nan nan nan 2.189300982109605886e+00 1.765838622445333295e+00 1.906494129134997939e+00 4.411528674771513892e+00 5.709639188857016379e+00 nan nan nan nan nan nan nan nan nan nan nan nan nan nan nan nan nan nan
nan nan nan nan nan 1.785579989992145844e+00 2.075551625308176273e+00 1.493544825711201618e+00 2.802930942086575783e+00 5.451289689439387409e+00 2.715178955377471670e+00 nan nan nan nan nan nan nan nan nan nan nan nan nan nan nan nan nan
nan nan nan nan nan 7.302832890424930667e-01 1.056005412681094713e+00 1.145566433148717866e+00 1.518672232397302313e+00 2.714123612385961781e+00 2.963363726482924676e+00 2.751779023758074594e+00 nan 1.829594603964103783e+00 nan nan nan nan nan nan nan nan nan nan nan nan nan nan
nan nan nan nan nan 5.170993372778411867e-01 7.059580058816545822e-01 6.220900827858648618e-01 6.899233399742988881e-01 1.510519221058997497e+00 2.465881366484822479e+00 2.041213643389550914e+00 1.712516439704676596e+00 1.012102256600459160e+00 7.794174041694055255e-01 nan nan nan nan nan nan nan nan nan nan nan nan nan
nan nan nan nan nan 4.714964915368701770e-01 3.563197509124156892e-01 2.162092589500669015e-01 3.450128676932820992e-01 1.108554790579298954e+00 2.284184308498379501e+00 2.843825168773970624e+00 2.200493497280994859e+00 1.823160492700124813e+00 1.191157519125373820e+00 2.546271465450772542e+00 1.191295500899962168e+00 nan nan nan nan nan nan nan nan nan nan nan
nan nan nan nan nan nan 9.624540771870657152e-02 1.699211274018200268e-01 3.658498794294504641e-01 8.597792553433409868e-01 1.611673406762739624e+00 2.651327426860615510e+00 2.934432486732259981e+00 2.503043265602318712e+00 1.423578816673664482e+00 8.643791906090352306e-01 1.623964224348128926e+00 1.268205240693468516e+00 nan nan nan nan nan nan nan nan nan nan
nan nan nan nan nan nan nan 2.432697617120241351e-01 4.006417785455683722e-01 5.905079836192981269e-01 1.170851061767453682e+00 1.966020343686679439e+00 2.622027870384567194e+00 2.913075396497657454e+00 2.182805089895823336e+00 1.679654872033097934e+00 2.036043043603664060e+00 3.665819132976629646e+00 2.760386386073123699e+00 nan nan 4.570087138740502652e+00 nan nan nan nan nan nan
nan nan nan nan nan nan nan 3.029178374576581012e-01 4.147817639563733949e-01 4.423488784628960002e-01 6.217559742974857473e-01 1.310841727827892544e+00 1.983039393292020280e+00 2.392697494159764737e+00 2.888669673840334351e+00 3.052792893540699826e+00 2.966942845543845575e+00 3.559892754686828642e+00 3.707646557401548026e+00 2.749719650967257678e+00 1.499533800975635822e+00 7.345080586302660253e-01 1.117840824027509061e+00 nan nan nan nan nan
nan nan nan nan nan nan nan nan 5.590315086058510463e-01 4.317819927435297966e-01 3.031436644510492884e-01 5.819850428419820476e-01 1.280201747221839437e+00 1.948391937833743315e+00 2.585611201268291914e+00 3.099547445109495758e+00 3.644731804448407164e+00 3.636635213197634720e+00 3.536248084692982019e+00 3.459908680518565482e+00 2.963234278283120471e+00 2.522682277041996102e+00 1.951569746704736596e+00 9.933290665276438558e-01 nan 2.824497367160207606e+00 2.644885057855543842e+00 nan
nan nan nan nan nan nan nan nan nan 4.252813131218512455e-01 1.726290525059893111e-01 2.797756461010361129e-01 7.248374148543335060e-01 1.717981649471825634e+00 2.390654094390182394e+00 2.939634458603606504e+00 3.555443328191131958e+00 3.622157726077404494e+00 3.017056418711916876e+00 2.379470952737506195e+00 2.528951393804574899e+00 3.227333514415904769e+00 4.425695982643492066e+00 6.164987275573149184e+00 nan 5.611300178367322644e+00 3.645483635348985896e+00 nan
nan nan nan nan nan nan nan nan nan nan 2.563767346034797612e-01 4.039139016460023268e-01 6.450221597250320738e-01 1.529341178263658119e+00 2.723080062914955413e+00 3.500005766144353103e+00 4.401884741874772189e+00 4.914371398335641850e+00 4.513971070789093432e+00 3.695063850434934682e+00 3.373096263207139511e+00 3.960637847231051278e+00 4.608244910462079957e+00 5.297690050150809959e+00 5.750826746766072972e+00 3.023715385596533523e+00 1.637989373274520988e+00 nan
nan nan nan nan nan nan nan nan nan nan nan nan 1.579271967943850274e+00 2.407962902281970408e+00 3.637172281481301450e+00 4.687538707113103165e+00 5.264200628717350838e+00 5.585295451170336989e+00 5.526500331435000746e+00 5.505463838691451173e+00 5.791658581857573651e+00 5.859128146119852332e+00 6.553615712422955042e+00 6.216352500786154422e+00 4.912676642522717962e+00 3.243997436781903776e+00 2.497262698299864248e+00 nan
nan nan nan nan nan nan nan nan nan nan nan nan nan 2.922255931307402577e+00 3.160620994904642433e+00 3.231265532885757352e+00 3.402782652657407425e+00 3.829015857140963153e+00 4.574952762541681928e+00 4.723088139002713959e+00 5.457203112009288759e+00 6.527410653405940621e+00 6.490540589307937758e+00 7.236141286960653396e+00 5.644990076591558825e+00 4.646740253545772248e+00 3.638137020217339757e+00 nan
nan nan nan nan nan nan nan nan nan nan nan nan nan nan nan 3.097625461851141626e+00 3.352143661319145984e+00 3.342724238215622368e+00 2.941983212953926508e+00 2.519104120082542586e+00 2.461374088567666707e+00 3.168116700623295312e+00 4.378795703978701326e+00 6.286232675393809366e+00 6.180408931769767023e+00 5.384050712665522376e+00 4.708142710447790868e+00 nan
nan nan nan nan nan nan nan nan nan nan nan nan nan nan nan nan nan 3.902251009754468924e+00 2.748828431642588388e+00 1.800058278432592918e+00 1.678301357642785652e+00 1.346032832903558685e+00 6.043148965622271440e-01 2.547476871455659264e+00 5.189890605519074107e+00 5.850882566033394738e+00 6.339963992490264211e+00 nan
nan nan nan nan nan nan nan nan nan nan nan nan nan nan nan nan nan nan nan nan 1.854485626212116989e+00 nan nan 1.408397240996064781e+00 2.648385902755658439e+00 6.488399430067754992e+00 nan nan
