nan nan nan 4.650649866815630418e+00 1.877736797885632525e+00 4.251359104070295825e-01 nan nan nan nan nan nan nan nan nan nan nan nan nan nan nan nan nan nan nan nan nan nan
nan nan 6.123832016527136268e+00 3.363167960823486347e+00 1.510573895243199072e+00 7.506801225306409808e-01 1.849082891027172160e+00 nan nan nan nan nan nan nan nan nan nan nan nan nan nan nan nan nan nan nan nan nan
nan nan 5.126707049897425428e+00 3.329421350842453275e+00 1.936042435627318259e+00 1.314557906069831361e+00 2.170463736882390471e+00 4.703951799096319775e+00 nan nan nan nan nan nan nan nan nan nan nan nan nan nan nan nan nan nan nan nan
nan 6.769249223542852967e+00 4.561175909607040779e+00 3.464192831089480062e+00 2.424898445619995790e+00 2.024517979191202244e+00 2.474823991549076840e+00 3.583528327155339088e+00 4.913049029255609490e+00 nan nan nan nan nan nan nan nan nan nan nan nan nan nan nan nan nan nan nan
8.911688997379169308e+00 5.577334573228156067e+00 4.217725161697880587e+00 3.141951292538799123e+00 2.225048286528988228e+00 1.789020972270261911e+00 1.773285089227264688e+00 2.607897326281348960e+00 2.291567529535520897e+00 2.735115116024906978e+00 nan nan nan nan nan nan nan nan nan nan nan nan nan nan nan nan nan nan
7.816408891129173142e+00 5.222738177540352744e+00 3.900567603750345835e+00 2.570773945382334169e+00 1.438656492042083235e+00 7.732775944489976849e-01 7.982875676658084396e-01 2.434065881549485333e+00 2.775371761407761984e+00 nan nan nan nan nan nan nan nan nan nan nan nan nan nan nan nan nan nan nan
7.462494108698421336e+00 5.396010350234368147e+00 3.936026722608938933e+00 2.204648170075839353e+00 9.671892760688017843e-01 4.358533456757957003e-01 1.174093474436699758e+00 2.740898865916943983e+00 2.393348245338406066e+00 nan nan nan nan nan nan nan nan nan nan nan nan nan nan nan nan nan nan nan
7.089611161371151660e+00 5.637706056331257543e+00 4.369656414279140755e+00 2.721375232978961556e+00 1.424040281840420530e+00 1.321139682486750511e+00 2.076748816271170917e+00 2.969839623123951444e+00 1.725036117129633340e+00 nan nan nan nan nan nan nan nan nan nan nan nan nan nan nan nan nan nan nan
nan 5.040318097562397348e+00 3.633026370172285802e+00 2.940958107881195716e+00 2.402327009449079842e+00 2.941231054948867829e+00 3.527087120934984110e+00 3.272479616201020569e+00 2.044791346571726010e+00 5.862717384049960234e-01 nan nan nan nan nan nan nan nan nan nan nan nan nan nan nan nan nan nan
nan 3.402528148560007182e+00 2.501972952063358235e+00 2.388324423908630756e+00 3.322498607401764836e+00 4.672486933633899220e+00 5.760354953644843512e+00 3.603307555020498931e+00 1.444670725109618248e+00 6.542337603137209356e-01 nan nan nan nan nan nan nan nan nan nan nan nan nan nan nan nan nan nan
nan 1.486945203764474366e+00 9.132034011073985047e-01 1.456245865384778959e+00 3.114628495362421479e+00 5.921748919474731920e+00 8.115589372054232697e+00 4.414214254949178518e+00 1.200070276962221572e+00 6.328874389496790265e-01 nan nan nan nan nan nan nan nan nan nan nan nan nan nan nan nan nan nan
nan nan 7.064728674909609429e-01 8.736651605159801992e-01 1.778758132497078037e+00 5.243664817506977549e+00 9.384935705737536438e+00 6.315401275149172378e+00 2.231832073121659210e+00 5.229375663517384087e-02 nan nan nan nan nan nan nan nan nan nan nan nan nan nan nan nan nan nan
nan nan 1.746805034398741518e-01 9.017070969725932139e-01 2.510086086841893493e+00 nan 8.967266152787017219e+00 7.713973093490013255e+00 4.383805188347116299e+00 2.761834972906489494e-01 nan nan nan nan nan nan nan nan nan nan nan nan nan nan nan nan nan nan
nan nan nan nan nan nan 6.096769207053778672e+00 7.316485253211557627e+00 6.084811781354420468e+00 1.294905556822598447e+00 nan nan 5.512916392666553089e-02 nan nan nan nan nan nan nan nan nan nan nan nan nan nan nan
nan nan nan nan nan 3.437834348124122918e+00 6.428925963106308927e+00 9.513867690099008456e+00 8.605652154448620195e+00 4.918781688553531595e+00 nan nan nan nan nan nan nan nan nan nan nan nan nan nan nan nan nan nan
nan nan nan nan nan 2.378693723041310548e+00 5.363135437167631636e+00 9.150856426381114517e+00 1.228199438267371946e+01 1.430003314939905756e+01 6.107308805122773521e+00 nan nan nan nan nan nan nan nan nan nan nan nan nan nan nan nan nan
nan nan nan nan nan 4.711536759970207378e+00 5.909680176132657614e+00 8.124947720536404461e+00 9.494737176190914951e+00 1.238128773065297139e+01 1.497215814723936056e+01 1.188537477359451344e+01 nan 4.376640174301387631e+00 nan nan nan nan nan nan nan nan nan nan nan nan nan nan
nan nan nan nan nan 3.612391150442241461e+00 4.915146343031735476e+00 6.403105177369548429e+00 7.930088122607238610e+00 8.989179507481551923e+00 1.020426641889521235e+01 1.143014457623219826e+01 1.404104802485784020e+01 1.038531890309028860e+01 2.908322411363120974e+00 nan nan nan nan nan nan nan nan nan nan nan nan nan
nan nan nan nan nan 2.101226366632654941e+00 2.921576500532273801e+00 3.874043632535550508e+00 5.287130382649520399e+00 6.369211268899981349e+00 7.377785985799906854e+00 9.513391491381932852e+00 1.404318045219529409e+01 1.790653987076060716e+01 1.436249461765634372e+01 6.069388775514672929e+00 2.088331130599343943e+00 nan nan nan nan nan nan nan nan nan nan nan
nan nan nan nan nan nan 1.506056209409643909e+00 1.943487054955114202e+00 2.588900906734453500e+00 3.339530490731831058e+00 4.215832858036251629e+00 6.029168285724493259e+00 9.697046380311414637e+00 1.580014462151304144e+01 1.921579231103515895e+01 1.917259825527428418e+01 1.423615888815792907e+01 8.136722891093517873e+00 nan nan nan nan nan nan nan nan nan nan
nan nan nan nan nan nan nan 9.678824237174127321e-01 1.228493197451715480e+00 1.590201890990052158e+00 2.197529488465157943e+00 3.082639606837050295e+00 4.510742165953625538e+00 8.367308167652133477e+00 1.053499522437248359e+01 1.107107997761585771e+01 1.345217975890748896e+01 1.560300671709896747e+01 1.243990798735399572e+01 nan nan 6.310040383770067152e+00 nan nan nan nan nan nan
nan nan nan nan nan nan nan 6.695637554747633224e-01 6.258306031565377126e-01 8.606293350068544568e-01 1.189971459514580499e+00 1.599132953639277988e+00 2.187392665169552330e+00 3.825158379952628529e+00 5.633330556347896589e+00 5.498503374865093107e+00 5.120721666843150111e+00 5.132605515443312783e+00 4.501461828660543674e+00 3.548492952954341195e+00 2.542259579970301608e+00 2.778132297486863855e+00 2.347386338721690446e+00 nan nan nan nan nan
nan nan nan nan nan nan nan nan 8.289835289081433078e-01 1.130157064289843527e+00 1.245650379605331537e+00 1.682553258599529977e+00 2.201100226769856505e+00 2.779907246896335060e+00 3.658539684708900896e+00 3.700226833002953963e+00 3.235045610675754801e+00 2.899320276808404984e+00 2.736732309534003260e+00 2.772154754122810427e+00 2.682638037210842263e+00 1.834720087073284267e+00 2.259885752125931457e+00 1.382185329098980064e+00 nan 6.657528054043113652e-01 1.085914535319238983e+00 nan
nan nan nan nan nan nan nan nan nan 1.915020305447290294e+00 2.230057042178746229e+00 2.902827127512299210e+00 3.561118974218163924e+00 3.970092602682604443e+00 4.183157945108648690e+00 4.100935722364008384e+00 3.692999721334303764e+00 3.902419710840452360e+00 4.521214234872593885e+00 4.875981230598285698e+00 4.806090727713165478e+00 3.959349687402177409e+00 2.754990210203372758e+00 1.380935959856824713e+00 nan 9.708080687036063638e-01 7.240398912728993608e-01 nan
nan nan nan nan nan nan nan nan nan nan 3.850533983578821484e+00 4.354767813013873834e+00 4.890119536587258509e+00 5.535273945472011903e+00 6.143979112848265700e+00 6.499552197736397474e+00 6.571602752031809658e+00 6.782421710641215462e+00 7.793260681311574345e+00 8.440875852034173121e+00 7.891622303178636777e+00 7.284909717285655617e+00 6.192397513224561223e+00 3.512446158069939095e+00 1.645464546974058306e+00 3.096211832921159424e+00 4.308619361774456813e+00 nan
nan nan nan nan nan nan nan nan nan nan nan nan 6.865043503678077030e+00 7.501444864860004280e+00 8.326226030457030802e+00 8.992032419817810762e+00 9.905130968938127722e+00 1.073178037726120593e+01 1.185721070445103820e+01 1.183669243738584953e+01 1.074527521836366972e+01 9.915382523138671189e+00 8.238546082326015707e+00 5.779689968700168379e+00 4.138187807808884955e+00 4.153921838737016259e+00 4.997918933566655397e+00 nan
nan nan nan nan nan nan nan nan nan nan nan nan nan 9.903537399932389462e+00 1.069558737092669531e+01 1.167885468260040049e+01 1.265520205337071147e+01 1.361201437644177403e+01 1.477300292046984254e+01 1.502556578511244822e+01 1.382707974727052758e+01 1.205974456422213947e+01 8.727381914609505742e+00 5.631830882476517530e+00 4.462669097243215255e+00 4.918345147323732292e+00 5.652784092284270479e+00 nan
nan nan nan nan nan nan nan nan nan nan nan nan nan nan nan 1.345745979820375560e+01 1.480160444212118875e+01 1.664722227201592020e+01 1.812394365339312685e+01 1.843518582537883432e+01 1.810362671779173382e+01 1.506133021818753726e+01 8.052247448648634176e+00 4.829941079670359017e+00 5.179175308865668015e+00 5.745701943936628808e+00 6.083803835679153948e+00 nan
nan nan nan nan nan nan nan nan nan nan nan nan nan nan nan nan nan 1.896478150288688980e+01 2.094464869557921105e+01 1.986616990907105418e+01 1.883847561326588860e+01 1.318220980454285396e+01 4.791396313045502175e+00 5.897562719051316904e+00 8.120298038702301824e+00 7.318672858042834406e+00 6.900293164250598466e+00 nan
nan nan nan nan nan nan nan nan nan nan nan nan nan nan nan nan nan nan nan nan 8.807991293659739540e+00 nan nan 1.254271094897641881e+01 9.430654013667487234e+00 8.086328639878864522e+00 nan nan
