nan nan nan 4.687651711396708443e+00 1.750610454256880555e+00 1.877900764777726161e+00 nan nan nan nan nan nan nan nan nan nan nan nan nan nan nan nan nan nan nan nan nan nan
nan nan 5.349447127296266480e+00 2.210267444721551566e+00 1.384977104430342498e+00 2.144795090244577818e+00 3.034686244858113557e+00 nan nan nan nan nan nan nan nan nan nan nan nan nan nan nan nan nan nan nan nan nan
nan nan 3.675384892904737910e+00 2.355290484386059369e+00 2.080633736110837351e+00 2.975913472917989466e+00 3.208478311335660305e+00 3.035460256219452368e+00 nan nan nan nan nan nan nan nan nan nan nan nan nan nan nan nan nan nan nan nan
nan 4.289748248260862873e+00 3.368416756217543995e+00 3.017960769169451218e+00 3.344561063374344556e+00 4.304149146801910852e+00 3.836784212379323211e+00 2.288473356972604122e+00 7.598420268745915696e-01 nan nan nan nan nan nan nan nan nan nan nan nan nan nan nan nan nan nan nan
4.860556633790448444e+00 3.619284713002264287e+00 3.425039874071480028e+00 3.763404987889940934e+00 4.963548502897411119e+00 5.952010359091632452e+00 5.219331134253177851e+00 3.189898715350130143e+00 1.010489214418151649e+00 3.103433452514424706e-01 nan nan nan nan nan nan nan nan nan nan nan nan nan nan nan nan nan nan
4.347199945896433881e+00 3.643198021440031464e+00 3.855441162511019648e+00 4.588790602925159057e+00 6.654733729436026479e+00 7.794463472278274629e+00 7.011541997499313617e+00 5.164789070269920401e+00 1.712457815587018928e+00 nan nan nan nan nan nan nan nan nan nan nan nan nan nan nan nan nan nan nan
3.765496390075061761e+00 3.505936311171415909e+00 4.013172243036835951e+00 5.307611472680301645e+00 7.810639331926726214e+00 9.287705387452518835e+00 9.126321937725419886e+00 7.245383179227735226e+00 2.065716605107989157e+00 nan nan nan nan nan nan nan nan nan nan nan nan nan nan nan nan nan nan nan
3.029466172405509639e+00 2.692650501021746301e+00 3.447452425930952913e+00 5.417980012651899990e+00 8.280495034589858250e+00 9.990361734565077256e+00 1.089265526172566645e+01 9.136633595811808561e+00 3.292184920697263983e+00 nan nan nan nan nan nan nan nan nan nan nan nan nan nan nan nan nan nan nan
nan 1.726045133708928647e+00 2.509592983091617047e+00 4.632459015449025941e+00 7.788396516451533635e+00 1.058293706797920564e+01 1.195445967873505921e+01 9.724784677525654786e+00 4.265245893084975926e+00 4.897560213349094749e-01 nan nan nan nan nan nan nan nan nan nan nan nan nan nan nan nan nan nan
nan 1.189777522584887004e+00 1.397773626939491365e+00 3.109533175012927142e+00 6.730089459020887510e+00 1.138131648687601327e+01 1.275223896632661891e+01 1.025496869662009836e+01 4.861213893950177223e+00 7.487011258407691994e-01 nan nan nan nan nan nan nan nan nan nan nan nan nan nan nan nan nan nan
nan 5.259985461613542190e-01 6.064359291685629261e-01 1.758792627644567119e+00 5.273909488019018710e+00 1.270720127537520128e+01 1.498860723941861828e+01 1.170783407617456362e+01 7.063860708488124196e+00 1.671952068914773992e+00 nan nan nan nan nan nan nan nan nan nan nan nan nan nan nan nan nan nan
nan nan 3.342565845818412651e-01 1.181797617403527845e+00 3.079051376101196169e+00 1.147366134767456991e+01 1.720295605189858890e+01 1.332886187913593545e+01 8.151706817724958754e+00 8.646390034435419425e-01 nan nan nan nan nan nan nan nan nan nan nan nan nan nan nan nan nan nan
nan nan 1.390804490181579700e-01 7.960497704344673409e-01 2.794209689955543308e+00 nan 1.868221988377149145e+01 1.373379745327114065e+01 8.709656487305789341e+00 1.375335097114728677e+00 nan nan nan nan nan nan nan nan nan nan nan nan nan nan nan nan nan nan
nan nan nan nan nan nan 1.448752248364128192e+01 1.260604851648970026e+01 8.594624097545338515e+00 1.874659560276825454e+00 nan nan 1.731527607673231939e-01 nan nan nan nan nan nan nan nan nan nan nan nan nan nan nan
nan nan nan nan nan 1.047147837939342097e+01 1.167003165119598407e+01 1.236483360963450551e+01 9.457360233304074271e+00 4.148436096899173364e+00 nan nan nan nan nan nan nan nan nan nan nan nan nan nan nan nan nan nan
nan nan nan nan nan 8.285774764139626214e+00 1.023398099675370787e+01 1.065425321687267513e+01 9.412735440417344890e+00 6.211171113920279652e+00 8.929800574441124628e-01 nan nan nan nan nan nan nan nan nan nan nan nan nan nan nan nan nan
nan nan nan nan nan 6.692029725384270655e+00 8.899064535033961221e+00 9.491468707566976803e+00 8.234782910188609861e+00 4.755100162551689991e+00 1.316459317637723059e+00 4.381066964397445362e-01 nan 1.602981443306852993e+00 nan nan nan nan nan nan nan nan nan nan nan nan nan nan
nan nan nan nan nan 4.709099926423275129e+00 7.528717689003004310e+00 8.589986391080365991e+00 8.056916841230982840e+00 4.637707407314980657e+00 1.408520052498864583e+00 2.089880027476969937e-01 9.326586521918192596e-02 1.615858888397509602e-02 1.708822625234760473e-01 nan nan nan nan nan nan nan nan nan nan nan nan nan
nan nan nan nan nan 4.360823440777723548e+00 6.090973147624588968e+00 7.239475267947375947e+00 6.795553249931349349e+00 5.082609503596263956e+00 2.387049647765890903e+00 5.126952997797598055e-01 1.102628159338265856e-01 1.045961452610738307e-01 1.054886988682026683e-01 1.652252669126814455e+00 7.899468300830390088e-01 nan nan nan nan nan nan nan nan nan nan nan
nan nan nan nan nan nan 5.525694521444937557e+00 5.092612755528282520e+00 5.104375273326700935e+00 4.517129202250707465e+00 2.672624266475405630e+00 8.704921482704652824e-01 7.467444586210586488e-02 5.271247029260232864e-02 1.704165817348715362e-01 1.030561007483497882e+00 7.994271699797460551e-01 2.339577052449368921e-01 nan nan nan nan nan nan nan nan nan nan
nan nan nan nan nan nan nan 3.190710417049674508e+00 3.148296808268356894e+00 3.534332874703219662e+00 2.796045149573485489e+00 1.200437594352686599e+00 1.495512829018365297e-01 2.600819280028179165e-02 2.874627243005699606e-01 6.924549123428929143e-01 1.019697661199574279e+00 6.840427153767955071e-01 1.231635743540224315e+00 nan nan 2.566269163649939067e+00 nan nan nan nan nan nan
nan nan nan nan nan nan nan 3.475944957446052808e+00 2.463916274274271068e+00 2.168479060445481554e+00 2.085406607145068758e+00 1.281518790901876814e+00 3.216020361780516645e-01 1.410506580249087233e-02 1.597813519533681226e-01 6.138629979125991287e-01 1.178875088388588122e+00 1.471206002777580624e+00 1.116039332283178087e+00 4.865096365803511791e-01 1.399191600572853300e-01 3.318818636041692693e-01 2.370851766173572572e-01 nan nan nan nan nan
nan nan nan nan nan nan nan nan 3.966054690207632127e+00 2.254442543063819304e+00 1.053366676957839365e+00 8.365726682661172031e-01 3.891754910966521708e-01 6.748879772870144955e-02 3.693605583121065822e-02 4.881788359282613898e-01 1.068160980573510166e+00 1.843081461548230049e+00 1.612726010350413963e+00 6.355605439202958173e-01 1.141611985109401567e-01 7.424509652238070467e-02 8.649743736754353374e-02 3.933867644833674571e-02 nan 4.786708181825942710e-01 5.225213668788553090e-01 nan
nan nan nan nan nan nan nan nan nan 4.088681637424238957e+00 2.240722432226352367e+00 1.034624447074071085e+00 4.648343550394413159e-01 1.898198107355989761e-01 1.160997067102858271e-01 5.487627173064044683e-01 1.129391534202084602e+00 1.815836076015708844e+00 2.288766274796387279e+00 1.755692401609985742e+00 1.256372297000948768e+00 7.834790013319116175e-01 6.663254465825865225e-01 3.826579699720832339e-01 nan 4.403708657002437521e-01 3.307378406496279677e-01 nan
nan nan nan nan nan nan nan nan nan nan 4.018208213410249918e+00 2.471439779775479018e+00 1.130232307650056445e+00 4.268843583148895227e-01 3.353229122958673036e-01 7.369165589415233031e-01 1.682813144047324405e+00 2.244375409436913937e+00 2.678600810314497149e+00 2.858857678394234103e+00 2.569600007716306145e+00 1.741819614339062738e+00 1.323484064578225539e+00 1.402406545325533216e+00 2.484381577460142765e+00 4.004548594486232460e+00 3.288848046747085085e+00 nan
nan nan nan nan nan nan nan nan nan nan nan nan 3.334505232765371918e+00 1.610290588519100785e+00 1.015818662225396629e+00 1.279233921192131751e+00 2.081145704154875098e+00 2.902564872698565779e+00 3.425706297755803931e+00 4.233825044649832670e+00 3.717600693128444878e+00 2.646650029201785159e+00 1.875631927135786414e+00 1.401943686320951565e+00 1.814938565169521567e+00 3.131070841146363026e+00 3.375981381658077041e+00 nan
nan nan nan nan nan nan nan nan nan nan nan nan nan 5.397065157355868337e+00 3.780552284678256214e+00 3.272944793540732533e+00 3.586075770929547879e+00 4.508031300764533178e+00 4.996833209038737955e+00 5.411712925149977593e+00 5.122101832594882609e+00 3.719641508017790699e+00 2.654672229642921266e+00 1.795701562155447739e+00 1.618230992166667326e+00 2.060050052643487728e+00 2.117339013886404775e+00 nan
nan nan nan nan nan nan nan nan nan nan nan nan nan nan nan 6.152958797003634572e+00 5.474884885483734642e+00 5.630092686390717027e+00 6.012191696104462579e+00 5.860811358361708301e+00 5.883474858356469994e+00 5.589599871705252632e+00 3.847554246084281981e+00 2.245913256633354393e+00 1.496967113369076285e+00 1.345387959468718586e+00 1.314968118361526495e+00 nan
nan nan nan nan nan nan nan nan nan nan nan nan nan nan nan nan nan 6.072807129334973020e+00 6.222097543849054446e+00 5.638594613407666323e+00 4.801004611866040328e+00 5.535806223582741659e+00 6.204967608518454192e+00 3.325001822312049438e+00 1.701574598262502125e+00 9.972396424850697993e-01 9.372530090938880898e-01 nan
nan nan nan nan nan nan nan nan nan nan nan nan nan nan nan nan nan nan nan nan 2.781725270036512043e+00 nan nan 1.383048542298840111e+00 1.914797937331802258e+00 9.282301973942477247e-01 nan nan
