nan nan nan 2.789777523862639441e+00 3.466404639135792998e+00 3.508486979845404807e+00 nan nan nan nan nan nan nan nan nan nan nan nan nan nan nan nan nan nan nan nan nan nan
nan nan 2.026358370574002254e+00 3.054540848020053545e+00 4.163639049175732687e+00 4.728900654449562424e+00 4.499065103846138669e+00 nan nan nan nan nan nan nan nan nan nan nan nan nan nan nan nan nan nan nan nan nan
nan nan 1.663668449983580544e+00 2.644112087498737829e+00 4.005253091240241758e+00 4.970032793364135060e+00 4.379709947854564689e+00 5.676734325289139349e+00 nan nan nan nan nan nan nan nan nan nan nan nan nan nan nan nan nan nan nan nan
nan 7.609639461540087524e-01 1.062607745532315517e+00 1.916500809990032028e+00 3.007234471300363143e+00 4.350396590131148322e+00 4.650023400023579612e+00 5.199013458855006320e+00 5.919082161608006487e+00 nan nan nan nan nan nan nan nan nan nan nan nan nan nan nan nan nan nan nan
1.267029028001896762e+00 7.811444517135243126e-01 7.216550260064384936e-01 1.106583773236337054e+00 1.955927691366343257e+00 3.035577219985462705e+00 3.867836785991270343e+00 5.049918498631999597e+00 8.833818793035110417e+00 5.401989125475754605e+00 nan nan nan nan nan nan nan nan nan nan nan nan nan nan nan nan nan nan
1.893941284936365488e+00 1.030902836628786456e+00 6.462732445957839467e-01 7.138951690252506310e-01 1.137921584642723305e+00 1.656683637265212727e+00 2.488265165147351965e+00 5.259927090229359337e+00 1.385963253355621916e+01 nan nan nan nan nan nan nan nan nan nan nan nan nan nan nan nan nan nan nan
2.646253331180663970e+00 1.654376983196240047e+00 8.888174848932848260e-01 4.920889114148875310e-01 6.330153020705691080e-01 9.837494384252837287e-01 1.929348777954923655e+00 5.214423904037276181e+00 1.852584585204152745e+01 nan nan nan nan nan nan nan nan nan nan nan nan nan nan nan nan nan nan nan
2.702983568414439208e+00 1.880904293834929408e+00 1.189345376931450815e+00 5.885587690707706487e-01 7.878490224651437668e-01 1.347250761700191868e+00 2.077666899467714323e+00 5.729123640095392211e+00 2.006648487653508539e+01 nan nan nan nan nan nan nan nan nan nan nan nan nan nan nan nan nan nan nan
nan 2.808032036830254707e+00 2.116879214546928178e+00 2.040122488059523675e+00 2.648344949249312741e+00 3.358050173758247325e+00 3.306323878716677545e+00 7.499134993056225440e+00 1.305689724810049590e+01 1.082457947909668405e+01 nan nan nan nan nan nan nan nan nan nan nan nan nan nan nan nan nan nan
nan 7.354835935565076532e+00 5.738996923112846815e+00 5.867440147001278028e+00 6.628341727737971034e+00 7.888053755627273844e+00 8.873483404676361985e+00 1.151066357128709505e+01 1.388964157943377131e+01 1.002482252960907694e+01 nan nan nan nan nan nan nan nan nan nan nan nan nan nan nan nan nan nan
nan 1.303313818070708052e+01 1.119581812340787863e+01 1.153831543759802436e+01 1.195290145993375397e+01 1.133975050666571782e+01 1.091279564920212408e+01 1.305613910462832550e+01 1.777642457663159448e+01 1.133568989651708137e+01 nan nan nan nan nan nan nan nan nan nan nan nan nan nan nan nan nan nan
nan nan 1.715064921206786508e+01 1.395332438092266791e+01 1.042169437495177498e+01 9.648919074101852900e+00 1.030763995886601059e+01 1.265632760926576061e+01 1.706929683889899962e+01 9.145190769376934981e+00 nan nan nan nan nan nan nan nan nan nan nan nan nan nan nan nan nan nan
nan nan 1.474094694237859393e+01 6.848337563169090814e+00 7.372091119485565613e+00 nan 8.511650151997875113e+00 1.023871918084668664e+01 1.489194166796751340e+01 8.811869596050614817e+00 nan nan nan nan nan nan nan nan nan nan nan nan nan nan nan nan nan nan
nan nan nan nan nan nan 7.443270159420930732e+00 9.052340201667695041e+00 1.248439574736087998e+01 6.708569350818645027e+00 nan nan 2.638888722627190209e+00 nan nan nan nan nan nan nan nan nan nan nan nan nan nan nan
nan nan nan nan nan 5.897745932163407367e+00 7.463552223474930969e+00 7.061690092407657104e+00 7.761235841274174874e+00 7.360509280919489861e+00 nan nan nan nan nan nan nan nan nan nan nan nan nan nan nan nan nan nan
nan nan nan nan nan 7.582440868532687617e+00 6.006181459410915302e+00 4.407677118044045272e+00 3.171740580439025514e+00 7.895307577221490902e+00 3.150286736148747657e+00 nan nan nan nan nan nan nan nan nan nan nan nan nan nan nan nan nan
nan nan nan nan nan 4.512462868744004929e+00 4.025385319746122015e+00 3.231985198485429756e+00 2.435670413102176468e+00 2.432057914302361734e+00 6.859618606596298740e+00 7.635214949897612513e+00 nan 1.527595169263857855e+00 nan nan nan nan nan nan nan nan nan nan nan nan nan nan
nan nan nan nan nan 2.923275018386638724e+00 2.610344114852245490e+00 2.916666539382741341e+00 3.336100897583492930e+00 1.994671963444991425e+00 2.445704554152490662e+00 7.174578977674371139e+00 8.527576388321886469e+00 3.511507470184041857e+00 3.329644279366129056e-01 nan nan nan nan nan nan nan nan nan nan nan nan nan
nan nan nan nan nan 1.316672430232813662e+00 1.708613692990188948e+00 2.615308818076351294e+00 3.308497586463982287e+00 2.867632835559597471e+00 2.836524262806554564e+00 3.995533770054035649e+00 7.246965289796190923e+00 7.516291074389497062e+00 5.106555165046659184e+00 3.437448813266084979e+00 1.098390926005006207e+00 nan nan nan nan nan nan nan nan nan nan nan
nan nan nan nan nan nan 1.841968031830915287e+00 2.753167888963471643e+00 3.796622802622327875e+00 3.821688470942541827e+00 3.928087935107267281e+00 5.056352426086061058e+00 6.329344150358162224e+00 1.094967538550375430e+01 1.010975052501675364e+01 8.368285689373816894e+00 3.718905554649201139e+00 1.180420566267476046e+00 nan nan nan nan nan nan nan nan nan nan
nan nan nan nan nan nan nan 3.197936867954115137e+00 4.093383998278651070e+00 4.213327285500055197e+00 4.198298974186702281e+00 4.250586423867135366e+00 5.505761109937058251e+00 8.573044547838181373e+00 1.033992713652392403e+01 9.144125022310721107e+00 7.789131781531432708e+00 5.637605609120336148e+00 3.247404690832351282e+00 nan nan 3.943831818524029309e+00 nan nan nan nan nan nan
nan nan nan nan nan nan nan 2.636784610775094517e+00 3.811076469652562970e+00 4.387283247934329111e+00 4.221326027982993168e+00 3.244570655130817105e+00 2.270877106015507518e+00 2.432325294731758625e+00 3.981839349750717627e+00 5.924122897007308985e+00 6.321990604032145633e+00 5.666832993629229875e+00 3.843953697780790435e+00 2.608327953866011129e+00 1.434928542792502260e+00 9.062934305180168071e-01 1.239127718131157962e+00 nan nan nan nan nan
nan nan nan nan nan nan nan nan 2.564234178078848903e+00 4.037903952868689750e+00 4.121560779848988609e+00 3.529152531859412800e+00 2.822702872261918294e+00 3.221604998508467155e+00 4.902970935497314109e+00 4.355409417921366710e+00 4.948452122121270946e+00 4.611750796020085197e+00 3.178629893355890523e+00 2.191559389271291458e+00 1.129440739244520486e+00 8.495548160651328340e-01 6.128408130139935128e-01 3.739575830211525620e-01 nan 2.874755084071885403e+00 1.286238673618282480e+00 nan
nan nan nan nan nan nan nan nan nan 2.765001920410420588e+00 4.293613475110473310e+00 4.068567932258559061e+00 3.781690454295746129e+00 4.984639465307836304e+00 5.982008284716757274e+00 4.986671459938293083e+00 3.963310253166593355e+00 4.158991411058949872e+00 4.295744932436756258e+00 2.904328461830482322e+00 1.859052369535635352e+00 1.919832488566451945e+00 2.412917677197664368e+00 2.277224544866462530e+00 nan 3.306369856029638399e+00 9.459454666956751412e-01 nan
nan nan nan nan nan nan nan nan nan nan 3.365634666069982739e+00 4.514501452693749250e+00 4.863447936579426312e+00 6.525432332884921749e+00 6.739360228226213501e+00 5.627708881219102288e+00 4.353281646779679548e+00 3.035645423879485438e+00 2.744432222398744070e+00 4.776960664536163748e+00 5.164767217006230204e+00 3.691062740320615099e+00 4.136453860942608252e+00 4.826896096509226020e+00 3.918830739793679019e+00 2.078070311270820980e+00 9.974243269861200467e-01 nan
nan nan nan nan nan nan nan nan nan nan nan nan 5.908212749722894230e+00 7.372025784641880186e+00 7.213022282292540055e+00 6.137631923678353196e+00 5.242037583630891895e+00 3.849208700223984536e+00 2.735474829957395215e+00 2.622009775710811397e+00 5.745728199695326666e+00 7.767712936791654421e+00 7.009552667305242402e+00 5.987871579409295819e+00 3.988360597143806530e+00 2.174910908207899674e+00 1.371774333462129736e+00 nan
nan nan nan nan nan nan nan nan nan nan nan nan nan 8.065486803944720506e+00 8.140265542490144668e+00 6.975424652007232496e+00 5.742178757502289344e+00 4.006297366165624041e+00 2.782090874818959225e+00 2.754694783385367440e+00 3.890225507661342341e+00 6.941138346247759827e+00 9.042941960395475931e+00 9.066644870142443580e+00 5.224424524264898118e+00 2.757440716760033439e+00 1.504669349950841450e+00 nan
nan nan nan nan nan nan nan nan nan nan nan nan nan nan nan 7.455965042725450687e+00 6.037368903962010869e+00 4.210559837283102347e+00 2.577563887444899837e+00 2.205341681613587568e+00 2.672091401907622732e+00 4.095724171596973662e+00 4.776066451166542493e+00 9.686858284622575255e+00 7.217248643620423287e+00 3.649162662622985387e+00 1.843568053057405454e+00 nan
nan nan nan nan nan nan nan nan nan nan nan nan nan nan nan nan nan 3.993658078931003885e+00 1.842879886858207694e+00 1.125793485862975674e+00 4.991408818178565410e-01 8.534050453407984183e-01 2.108890044368716687e-01 1.684263347383651688e+00 6.024167862772221049e+00 5.163934695027682764e+00 2.258448673342470236e+00 nan
nan nan nan nan nan nan nan nan nan nan nan nan nan nan nan nan nan nan nan nan 5.535542113416969112e-01 nan nan 1.597244078341809523e-02 1.583403385569254196e+00 5.399818169056213257e+00 nan nan
