nan nan nan 3.032025994428223470e+01 3.475968807796036941e+01 4.673342024193318167e+01 nan nan nan nan nan nan nan nan nan nan nan nan nan nan nan nan nan nan nan nan nan nan
nan nan 2.350299031280756878e+01 3.062450342676378412e+01 3.717796145533788632e+01 4.589677207931581648e+01 6.078654216980250169e+01 nan nan nan nan nan nan nan nan nan nan nan nan nan nan nan nan nan nan nan nan nan
nan nan 2.226300960694126729e+01 2.940049217988184083e+01 3.778655334528598075e+01 4.313935088629885684e+01 5.555600767433536902e+01 6.569083662371272681e+01 nan nan nan nan nan nan nan nan nan nan nan nan nan nan nan nan nan nan nan nan
nan 1.682047750802946595e+01 2.192298291772218022e+01 2.652080201548603711e+01 3.286143641622469858e+01 3.852192192724363906e+01 4.846325761875818472e+01 5.759253650112781742e+01 4.708523908100396937e+01 nan nan nan nan nan nan nan nan nan nan nan nan nan nan nan nan nan nan nan
9.759210442135586305e+00 1.506428327295330405e+01 2.171136659220968212e+01 2.453945809137170642e+01 2.747484364428493819e+01 3.468097445231940412e+01 4.419347869134861639e+01 5.864620233277376826e+01 6.090334072025224543e+01 1.043927446617770904e+01 nan nan nan nan nan nan nan nan nan nan nan nan nan nan nan nan nan nan
9.431715970458533604e+00 1.345645802776226141e+01 1.980907776822299837e+01 2.306034813770197900e+01 2.355332272148670114e+01 3.229523127105959190e+01 4.515863713897880416e+01 7.439143755408068159e+01 7.958174906228276768e+01 nan nan nan nan nan nan nan nan nan nan nan nan nan nan nan nan nan nan nan
9.518087219429343548e+00 1.379111904883585815e+01 1.856151078063772530e+01 2.072936656878937356e+01 2.286453954403153688e+01 3.206050603337003224e+01 5.077726447176190305e+01 8.461457310830812162e+01 9.096761589514160562e+01 nan nan nan nan nan nan nan nan nan nan nan nan nan nan nan nan nan nan nan
1.026652845016535309e+01 1.434044369203792968e+01 1.751773661513528424e+01 1.964572121682470396e+01 2.303225486184569348e+01 3.567527755064194395e+01 5.926172428744986576e+01 8.751386471605125905e+01 8.945153585329316570e+01 nan nan nan nan nan nan nan nan nan nan nan nan nan nan nan nan nan nan nan
nan 1.423335596844830775e+01 1.698294226635007931e+01 1.917040479950824050e+01 2.608298644976576952e+01 4.456269224946776575e+01 6.515583520681758500e+01 8.794064737700583123e+01 7.952500721211944779e+01 2.548525227086513922e+01 nan nan nan nan nan nan nan nan nan nan nan nan nan nan nan nan nan nan
nan 1.394032431077631884e+01 1.611652799999249552e+01 1.844830374420674346e+01 2.976759632436250769e+01 5.248318967394986601e+01 7.669667475606090079e+01 9.561142506244888750e+01 7.802566368427912380e+01 2.527820028949387776e+01 nan nan nan nan nan nan nan nan nan nan nan nan nan nan nan nan nan nan
nan 1.423473559303945279e+01 1.561068902157386873e+01 2.049740176574107053e+01 3.478879193489618871e+01 5.392875387820011213e+01 8.680900960395393895e+01 9.741919746197754648e+01 7.927021186986701196e+01 2.249747686769098465e+01 nan nan nan nan nan nan nan nan nan nan nan nan nan nan nan nan nan nan
nan nan 1.521744457734545364e+01 2.374051318563188318e+01 3.179006763548392200e+01 5.046545808651999465e+01 9.855280627181596742e+01 1.021755467448303563e+02 8.399900668629874190e+01 2.495009123703577814e+01 nan nan nan nan nan nan nan nan nan nan nan nan nan nan nan nan nan nan
nan nan 1.056159673518381581e+01 1.616274205518528362e+01 2.613358978349315365e+01 nan 1.048585608649416940e+02 1.115017445036981769e+02 9.095347324386753485e+01 3.632238192560582490e+01 nan nan nan nan nan nan nan nan nan nan nan nan nan nan nan nan nan nan
nan nan nan nan nan nan 9.442333181303183665e+01 1.140827983349621064e+02 1.056166812490275220e+02 3.951528053212146574e+01 nan nan 6.937345978725767637e+00 nan nan nan nan nan nan nan nan nan nan nan nan nan nan nan
nan nan nan nan nan 5.306376809156591889e+01 8.077116405854570758e+01 1.043917246046102321e+02 1.140319339233939360e+02 7.337925931840368321e+01 nan nan nan nan nan nan nan nan nan nan nan nan nan nan nan nan nan nan
nan nan nan nan nan 4.100809540144908283e+01 6.260271551585005056e+01 8.219512474513894063e+01 1.050201151010716387e+02 1.090460318104276780e+02 3.439953352091802685e+01 nan nan nan nan nan nan nan nan nan nan nan nan nan nan nan nan nan
nan nan nan nan nan 2.957403223836454487e+01 4.491598057718221071e+01 5.930193457411410662e+01 7.204901691358547566e+01 9.271379762048070461e+01 9.232997222455811936e+01 4.684914355396634278e+01 nan 5.890270123382525647e+00 nan nan nan nan nan nan nan nan nan nan nan nan nan nan
nan nan nan nan nan 2.090870302051855489e+01 3.067969953618205992e+01 4.252831177206040536e+01 5.381492363161667214e+01 6.301761678116563559e+01 7.531001359001081141e+01 7.909646235762620847e+01 6.478411513810465294e+01 3.985730062671516549e+01 6.702490149767199590e+00 nan nan nan nan nan nan nan nan nan nan nan nan nan
nan nan nan nan nan 1.488433216666708958e+01 1.968390819949307513e+01 2.914178082684278337e+01 3.862311074713228010e+01 4.592028596256209028e+01 5.414260917078405555e+01 6.543712341362943619e+01 7.240025041297164421e+01 6.847178771786626328e+01 5.304931697006153968e+01 1.667860924298516423e+01 4.384357236280457926e+00 nan nan nan nan nan nan nan nan nan nan nan
nan nan nan nan nan nan 1.288987099600507769e+01 1.804598298569084847e+01 2.445984368115653496e+01 3.016582120179328541e+01 3.542097268896911544e+01 4.426317459662015352e+01 5.579915479478181339e+01 6.501296849812280243e+01 7.395331146292254232e+01 6.426365884234120074e+01 3.778588365768808188e+01 1.653820175732267472e+01 nan nan nan nan nan nan nan nan nan nan
nan nan nan nan nan nan nan 1.072212287540249065e+01 1.349363333138128951e+01 1.749355176513114074e+01 2.090312187182810533e+01 2.769812869007191125e+01 3.719630270666366556e+01 4.551887654624108848e+01 5.128495202693784449e+01 5.371252718448224073e+01 4.929854501370843423e+01 4.339458752922178064e+01 3.026766899236718800e+01 nan nan 9.202118018853838066e+00 nan nan nan nan nan nan
nan nan nan nan nan nan nan 7.308584513965082685e+00 7.636458518788438177e+00 9.913411620770661514e+00 1.257569572350692155e+01 1.723305027151466362e+01 2.559079037872964690e+01 3.190022110101084962e+01 3.430045687301171853e+01 3.598642993090235365e+01 3.521225481331316587e+01 3.107108921778876010e+01 2.693686401069665237e+01 2.317336096809176738e+01 1.568179582368151515e+01 9.139363269669146916e+00 3.298412871081929154e+00 nan nan nan nan nan
nan nan nan nan nan nan nan nan 5.582660080875331943e+00 6.063665955559677023e+00 7.579140542380006451e+00 1.140405704840387280e+01 1.630872967786482519e+01 2.068951838860269277e+01 2.343576951565714239e+01 2.363091572008184116e+01 2.392091916859360268e+01 2.189145965016824036e+01 2.093878635728685467e+01 1.618851319393765209e+01 1.493988800287335472e+01 1.457637850879615904e+01 1.052010710038567787e+01 2.836569280840430807e+00 nan 2.842398715118146679e+00 2.609023789023750872e+00 nan
nan nan nan nan nan nan nan nan nan 6.157557513785551606e+00 6.986524390742972379e+00 8.757757788189737269e+00 1.189432154843997758e+01 1.297456444959202670e+01 1.415634859319883176e+01 1.497994169323951041e+01 1.568850536206326574e+01 1.651889933039205971e+01 1.667710310960732301e+01 1.567279501696363653e+01 1.301239803229266201e+01 1.511717921336776271e+01 1.825753595165733145e+01 1.605965075506938788e+01 nan 5.034730732519979490e+00 3.392215245134718504e+00 nan
nan nan nan nan nan nan nan nan nan nan 8.753740228593933637e+00 9.811785172444647429e+00 9.910375117107820486e+00 9.671340216159483916e+00 8.849232230706181923e+00 9.939328724838981444e+00 1.106435250242357071e+01 1.158523689773794629e+01 1.410920340442525500e+01 1.352419950941598614e+01 1.078143861630563549e+01 1.084768186320790306e+01 1.739731713230568033e+01 1.925324391735495411e+01 1.332254336419264718e+01 5.978999424532501550e+00 3.349885414717444831e+00 nan
nan nan nan nan nan nan nan nan nan nan nan nan 8.336976174623401903e+00 7.519644292232042559e+00 6.296651740669905628e+00 6.621857527229566109e+00 7.956333421885680934e+00 7.290995538547157651e+00 1.002038542322927661e+01 1.115624685701648389e+01 8.738557902806768141e+00 7.010485200434659170e+00 1.163801684024122629e+01 1.777617583905324139e+01 1.378788387861547626e+01 7.526245284603654717e+00 3.846063996754749414e+00 nan
nan nan nan nan nan nan nan nan nan nan nan nan nan 6.386547651533657444e+00 5.210308202372345932e+00 4.420037422323835230e+00 5.895123422554489068e+00 5.485362092958310676e+00 7.932384329466693806e+00 7.521344159680997343e+00 5.495048332003438674e+00 4.002652329545310472e+00 5.590335399768297187e+00 1.163128962859882698e+01 1.302924308275254717e+01 9.180143080165473535e+00 4.873005355122769444e+00 nan
nan nan nan nan nan nan nan nan nan nan nan nan nan nan nan 4.184361355537958183e+00 3.980769624559939324e+00 4.679416951830604354e+00 7.471512287570665656e+00 5.489122926365594068e+00 2.703469327593528426e+00 1.209875764267177356e+00 2.893981908618387777e+00 6.661037087939883250e+00 7.766138817475496836e+00 7.478180526867719280e+00 5.105801449537098691e+00 nan
nan nan nan nan nan nan nan nan nan nan nan nan nan nan nan nan nan 5.975546220961716060e+00 7.792834566227532456e+00 4.675484064988784105e+00 3.228596218074618385e+00 9.022698033645376592e-01 1.435239423723184471e+00 2.571032618371058120e+00 3.876109788890392593e+00 5.133823311163039804e+00 4.492009487557684366e+00 nan
nan nan nan nan nan nan nan nan nan nan nan nan nan nan nan nan nan nan nan nan 6.585575532390962827e+00 nan nan 2.727755682679026350e+00 2.239711043481023012e+00 3.160316137236243161e+00 nan nan
