nan nan nan 7.159710446813817519e+00 6.928379184718933104e+00 8.887521608980629040e+00 nan nan nan nan nan nan nan nan nan nan nan nan nan nan nan nan nan nan nan nan nan nan
nan nan 5.800515783354823540e+00 6.054799317430878958e+00 7.037590746495537175e+00 8.309991616435810968e+00 1.085130652247165628e+01 nan nan nan nan nan nan nan nan nan nan nan nan nan nan nan nan nan nan nan nan nan
nan nan 4.765852774516137202e+00 5.904392013991980548e+00 8.099453924447830744e+00 8.498792378902402689e+00 9.084593993099865372e+00 1.181469322348873874e+01 nan nan nan nan nan nan nan nan nan nan nan nan nan nan nan nan nan nan nan nan
nan 2.234813491133338381e+00 4.462733274467222344e+00 7.929038846015494357e+00 8.822540076808129683e+00 8.467604377412412120e+00 7.190743998094795586e+00 6.835287809703630479e+00 6.660564550140898099e+00 nan nan nan nan nan nan nan nan nan nan nan nan nan nan nan nan nan nan nan
3.340689516790097180e+00 3.504471690464344924e+00 6.700930406079209867e+00 9.900143742127129443e+00 9.986488518416162918e+00 9.502065744531044800e+00 7.598481537652311602e+00 5.490846560299983636e+00 3.062259553833354797e+00 1.737904164689070052e+00 nan nan nan nan nan nan nan nan nan nan nan nan nan nan nan nan nan nan
6.295041971339355946e+00 6.943518368071510238e+00 1.030249462078844580e+01 1.318207564425690492e+01 1.309363665360625362e+01 1.180497517184224776e+01 9.609898383884097228e+00 7.509890127369565072e+00 4.233849873362421690e+00 nan nan nan nan nan nan nan nan nan nan nan nan nan nan nan nan nan nan nan
9.796542076969895874e+00 1.107306801328324219e+01 1.396482060401492120e+01 1.681029584613625616e+01 1.761274112352177212e+01 1.433671067812338151e+01 1.033772334475081145e+01 9.606927504369753734e+00 6.431922464111005766e+00 nan nan nan nan nan nan nan nan nan nan nan nan nan nan nan nan nan nan nan
1.068526118577456785e+01 1.413235371359828640e+01 1.756417579469345469e+01 2.053492129904551433e+01 2.231005142795155294e+01 1.857616843103424742e+01 1.191718726840704079e+01 9.030414800398217423e+00 8.931451535318807089e+00 nan nan nan nan nan nan nan nan nan nan nan nan nan nan nan nan nan nan nan
nan 1.337818422917835726e+01 1.858108523558460590e+01 2.331036679040435544e+01 2.604627268453860367e+01 2.335430230964323428e+01 1.567457096375617098e+01 8.836689514285291480e+00 6.520915865159132352e+00 3.097249520754793650e+00 nan nan nan nan nan nan nan nan nan nan nan nan nan nan nan nan nan nan
nan 1.059244853846874079e+01 1.593907885732103935e+01 2.273846684484928105e+01 2.824590724304551159e+01 2.839296535121765075e+01 2.058676962976948843e+01 1.039897398041877175e+01 5.687945115301602073e+00 3.374926616878080488e+00 nan nan nan nan nan nan nan nan nan nan nan nan nan nan nan nan nan nan
nan 7.754064267911684460e+00 1.218914066178434474e+01 1.890731812157135039e+01 2.693533389808684575e+01 3.133623936968416857e+01 2.476194962330822946e+01 1.345460604673107774e+01 7.027108780532312693e+00 3.745235651213998374e+00 nan nan nan nan nan nan nan nan nan nan nan nan nan nan nan nan nan nan
nan nan 8.000505624794683968e+00 1.479438653463801145e+01 1.992081420021985139e+01 3.112218815817153228e+01 3.129590747933704264e+01 1.866295142385713035e+01 9.886687551573917432e+00 3.012200999449217154e+00 nan nan nan nan nan nan nan nan nan nan nan nan nan nan nan nan nan nan
nan nan 2.886456449374804833e+00 8.442944665289791928e+00 1.532996935322180043e+01 nan 3.514620330024585115e+01 2.295074448632421849e+01 1.348025007335567338e+01 4.110324858130308456e+00 nan nan nan nan nan nan nan nan nan nan nan nan nan nan nan nan nan nan
nan nan nan nan nan nan 3.137040520558798562e+01 2.681253930515006090e+01 1.620240760617618037e+01 4.517152706251684080e+00 nan nan 4.356539352350116134e-01 nan nan nan nan nan nan nan nan nan nan nan nan nan nan nan
nan nan nan nan nan 2.338888247103132301e+01 3.027228400708831657e+01 2.820584250643976176e+01 1.712633062866161637e+01 7.633158165785907556e+00 nan nan nan nan nan nan nan nan nan nan nan nan nan nan nan nan nan nan
nan nan nan nan nan 2.206725474145201105e+01 2.493509642807551785e+01 2.381077250314197613e+01 1.796147415846660067e+01 1.190010927772779326e+01 2.892425092664632658e+00 nan nan nan nan nan nan nan nan nan nan nan nan nan nan nan nan nan
nan nan nan nan nan 1.434333146824292271e+01 1.761903195076667217e+01 1.885850823335383808e+01 1.662012740810383704e+01 1.181054317708692381e+01 5.268844310380988105e+00 1.736051382956243616e+00 nan 1.922374995694718258e+00 nan nan nan nan nan nan nan nan nan nan nan nan nan nan
nan nan nan nan nan 1.053799588928597508e+01 1.199967026728475084e+01 1.324038047360335213e+01 1.314628093680840237e+01 1.108704360347718065e+01 6.903944138306801648e+00 3.053007107024246825e+00 9.010372808096638320e-01 4.102315487187440102e-01 2.283404186566396987e+00 nan nan nan nan nan nan nan nan nan nan nan nan nan
nan nan nan nan nan 7.543773138449731519e+00 8.558071184165401135e+00 9.487473578478120118e+00 9.682502912677222184e+00 9.223556420088662833e+00 7.505494237899765331e+00 4.122772948913238977e+00 1.814150558005287905e+00 6.319451416329324722e-01 5.391465075254044947e-01 4.111106301162319454e+00 2.681166086790954139e+00 nan nan nan nan nan nan nan nan nan nan nan
nan nan nan nan nan nan 7.164734823175400003e+00 7.944607221930130692e+00 7.978799864612128090e+00 6.506391836454536559e+00 5.681451628531885234e+00 4.597149554828590112e+00 2.487368110469612592e+00 1.152813697568477513e+00 6.855717552593187936e-01 8.360258410385769112e-01 1.454108063860864331e+00 2.808781020617230340e+00 nan nan nan nan nan nan nan nan nan nan
nan nan nan nan nan nan nan 7.568525149755799930e+00 7.016888682957670653e+00 5.078957047748934528e+00 3.764121685702942699e+00 2.816244468785304100e+00 2.075669098099657717e+00 9.053614368797412437e-01 5.295075994334867975e-01 4.155329266078979233e-01 4.541870594798694261e-01 1.131601908716069360e+00 2.428476093103117073e+00 nan nan 2.183674177239805836e+00 nan nan nan nan nan nan
nan nan nan nan nan nan nan 7.436652838000868293e+00 6.084133037524782850e+00 4.297912491961882075e+00 2.859926905107033512e+00 1.975892137572081708e+00 1.304184799717519549e+00 4.761232377683339290e-01 2.533626525254760731e-01 3.661185752289083939e-01 3.611692551533978168e-01 4.246027371318388255e-01 3.036530810891306942e-01 4.253583008440650626e-01 4.826915162003548310e-01 5.124656210731129979e-01 3.083726821713383970e-01 nan nan nan nan nan
nan nan nan nan nan nan nan nan 5.883670154158169296e+00 4.330398551061055201e+00 2.534010946201812775e+00 1.730979831362961185e+00 1.223636169053705203e+00 5.251347354645372612e-01 8.963601942481240481e-03 2.140772886613704074e-01 2.818962857745416772e-01 4.638592914088681685e-01 4.935750409258897742e-01 9.435487276938979428e-02 1.339014883491413122e-01 3.368359475114791057e-01 2.928211640615814293e-01 5.290717599284929656e-02 nan 8.794625659276195107e-01 8.850509660384765498e-01 nan
nan nan nan nan nan nan nan nan nan 5.184177603579643190e+00 3.524518228344268422e+00 2.129500097938393566e+00 1.180171500266342655e+00 6.682839852271869052e-01 1.417289246952500859e-01 2.743478060430337706e-01 4.915895660910438170e-01 4.938861831929299839e-01 5.647261731869823720e-01 4.212867275782656296e-01 1.828873269215875452e-01 1.248134577097138875e-01 1.029747465005377005e-01 3.147428337809087817e-01 nan 3.997997959331210382e-01 7.213435371609276670e-02 nan
nan nan nan nan nan nan nan nan nan nan 4.544944868009429761e+00 2.776670046207527331e+00 1.466090622915582342e+00 6.871756582623191889e-01 3.220221593199295573e-01 1.308098827527644503e-01 3.621903187275143376e-01 5.036371349802991615e-01 4.976286761149438242e-01 2.920011452403002972e-01 1.994452002919391009e-01 1.248452559757433633e-01 2.209771964399039404e-02 1.935104967427853789e-02 6.563655115937716555e-01 9.241205817840608683e-01 8.448361698256495744e-01 nan
nan nan nan nan nan nan nan nan nan nan nan nan 1.506282545521941296e+00 7.882361171664707955e-01 4.667447786359354422e-01 1.455535819121858976e-01 1.003693296548258118e-02 1.970275215367885135e-01 2.842263097096140445e-01 2.214292653584146453e-01 1.323658938002252039e-01 2.527013222507701884e-01 1.776735051037862945e-01 1.516369537863718753e-01 3.386812308693811779e-01 7.817508342203154381e-01 1.206040967427782329e+00 nan
nan nan nan nan nan nan nan nan nan nan nan nan nan 1.028364600832006426e+00 4.539664088126593167e-01 1.269324700686235430e-01 6.779881576767245177e-02 1.913353030618707984e-01 2.811924670241185420e-01 1.911414613998315137e-01 4.386565613614624298e-02 5.905980636703156428e-02 2.701571554478683912e-01 3.046580786440936661e-01 5.175291839378430847e-01 9.133422374641855246e-01 1.357032782450242836e+00 nan
nan nan nan nan nan nan nan nan nan nan nan nan nan nan nan 8.727507240713147652e-02 1.528199359832007054e-01 4.391447658958370637e-01 4.654858353284712091e-01 2.794483933507249107e-01 1.171373856432153804e-01 6.425026246651288631e-02 7.557214416844566796e-02 1.320813389157906859e-01 3.973516682230438524e-01 9.567608200815906905e-01 1.809810017467493592e+00 nan
nan nan nan nan nan nan nan nan nan nan nan nan nan nan nan nan nan 5.042106749292745160e-01 4.187857505290007443e-01 3.332475096364039269e-01 4.501720048663704343e-01 3.535646025779717316e-01 4.588116385619082083e-01 3.744420607366084619e-01 5.923189338970937801e-01 1.072545587612965923e+00 1.688007087302341391e+00 nan
nan nan nan nan nan nan nan nan nan nan nan nan nan nan nan nan nan nan nan nan 3.458598696613224832e-01 nan nan 1.010351056078314658e+00 8.544931019422278284e-01 1.346746599147057744e+00 nan nan
