nan nan nan 3.641591910814830246e+00 3.007828516252206708e+00 2.316740618048558797e+00 nan nan nan nan nan nan nan nan nan nan nan nan nan nan nan nan nan nan nan nan nan nan
nan nan 3.481562977322686159e+00 3.303376608088772315e+00 2.890426836205868266e+00 2.589770762686066874e+00 1.401808535577548476e+00 nan nan nan nan nan nan nan nan nan nan nan nan nan nan nan nan nan nan nan nan nan
nan nan 3.163539350745218748e+00 2.890020582063304921e+00 2.900765815610218734e+00 2.768557981016303682e+00 2.309242946359137960e+00 1.090631547452948880e+00 nan nan nan nan nan nan nan nan nan nan nan nan nan nan nan nan nan nan nan nan
nan 2.697938298551257219e+00 2.767690582549045430e+00 2.535492994967300628e+00 2.645409813626227180e+00 2.840453383032064849e+00 2.562663752586244570e+00 1.842323495032491598e+00 3.813633140742017646e-01 nan nan nan nan nan nan nan nan nan nan nan nan nan nan nan nan nan nan nan
2.046201516908074947e+00 2.569196791071933106e+00 2.555120632692676530e+00 2.274182647807502899e+00 2.362445368236163024e+00 2.689850886641026673e+00 2.582641226420119729e+00 1.463763467751111769e+00 5.035169763985509750e-01 2.226697948474886668e-01 nan nan nan nan nan nan nan nan nan nan nan nan nan nan nan nan nan nan
1.708466162471192318e+00 2.090187010591924466e+00 2.383217185416319772e+00 2.209917507612455978e+00 2.472298866751124091e+00 2.473128659140015895e+00 2.450773967021860678e+00 1.428956343472394419e+00 3.119969315545854105e-01 nan nan nan nan nan nan nan nan nan nan nan nan nan nan nan nan nan nan nan
1.309830264072865180e+00 1.494900758327701196e+00 2.172088787939479460e+00 2.418185364736398668e+00 2.452324644697441602e+00 2.340745834684869742e+00 2.599621570611017951e+00 1.579832656007005509e+00 1.302909085385809185e+00 nan nan nan nan nan nan nan nan nan nan nan nan nan nan nan nan nan nan nan
1.554492721794259680e+00 1.655018952851249114e+00 1.986759446322141409e+00 2.400076760939191090e+00 2.599682351263832736e+00 2.542601205006420173e+00 2.608627941080852608e+00 2.116073000190363373e+00 2.372313800177937804e+00 nan nan nan nan nan nan nan nan nan nan nan nan nan nan nan nan nan nan nan
nan 2.412408791787197249e+00 2.341184608124969202e+00 2.469637489228231786e+00 2.638667816520126053e+00 2.716341450570986638e+00 2.713942558970872110e+00 2.010962166343174484e+00 2.996137983677103378e+00 1.100734874793413143e+00 nan nan nan nan nan nan nan nan nan nan nan nan nan nan nan nan nan nan
nan 3.379889343795063894e+00 3.210689661073573564e+00 3.123037802701216226e+00 2.866954841126583275e+00 2.725200814363815560e+00 2.140547077285523514e+00 1.554843362857632361e+00 2.162746234138333001e+00 1.239289371564513909e+00 nan nan nan nan nan nan nan nan nan nan nan nan nan nan nan nan nan nan
nan 4.294293357228782249e+00 3.872495602377743928e+00 3.805131123656743775e+00 2.958654450161238181e+00 2.158029672177779634e+00 1.469478008319993201e+00 1.282881313076810192e+00 1.467299286327141683e+00 7.149872670461726587e-01 nan nan nan nan nan nan nan nan nan nan nan nan nan nan nan nan nan nan
nan nan 4.653058334770655335e+00 3.994432575220623338e+00 2.745602292659663490e+00 1.641084578801963900e+00 6.780905252936249017e-01 6.444056727658735717e-01 9.606890003269328293e-01 1.687464677009556935e+00 nan nan nan nan nan nan nan nan nan nan nan nan nan nan nan nan nan nan
nan nan 3.607734690056854987e+00 1.585979209920505895e+00 6.977202515146343487e-01 nan 1.755870888718074896e-01 4.994227062840510545e-01 9.415405438340711530e-01 3.240157353336442281e+00 nan nan nan nan nan nan nan nan nan nan nan nan nan nan nan nan nan nan
nan nan nan nan nan nan 9.952067960340372776e-01 8.568202023190270022e-01 1.320902115994719184e+00 4.117253147200669261e+00 nan nan 1.996233060919296420e+00 nan nan nan nan nan nan nan nan nan nan nan nan nan nan nan
nan nan nan nan nan 2.608933937001191028e-01 1.497611491746928092e+00 1.234264196738107833e+00 1.484576850939379078e+00 2.344386302222715379e+00 nan nan nan nan nan nan nan nan nan nan nan nan nan nan nan nan nan nan
nan nan nan nan nan 1.397135827886600845e+00 1.214812278038875037e+00 1.526006369694943743e+00 1.809056394660288447e+00 1.197595699481312170e+00 2.248723237292156174e-01 nan nan nan nan nan nan nan nan nan nan nan nan nan nan nan nan nan
nan nan nan nan nan 1.293928590499907383e+00 1.206001040665862778e+00 1.735960259351620127e+00 1.958802630385586774e+00 1.510156400673180688e+00 4.242872065564092798e-01 6.665846607836413140e-01 nan 5.305049208411991568e-01 nan nan nan nan nan nan nan nan nan nan nan nan nan nan
nan nan nan nan nan 4.831861388049495387e-01 7.425687745028115572e-01 1.262060746250817322e+00 1.768495621420755004e+00 1.786093451809707577e+00 8.056411738036084458e-01 3.227996922290489734e-01 2.919088881195809893e-01 2.240221096564413636e-02 5.390677141557145835e-02 nan nan nan nan nan nan nan nan nan nan nan nan nan
nan nan nan nan nan 6.312585884425614413e-01 6.386447684608168585e-01 8.307691895684548022e-01 1.128316656614516855e+00 1.362119922698231456e+00 9.876499884178399080e-01 5.308410305372380789e-01 3.565817324098272678e-01 9.951128681849495672e-02 5.866460276585803990e-02 1.163602449951532725e+00 2.507400317747032759e-01 nan nan nan nan nan nan nan nan nan nan nan
nan nan nan nan nan nan 8.479612333949126945e-01 9.627362709083345793e-01 8.939217452907134431e-01 9.209708202141768663e-01 6.231290326242843181e-01 6.399305503645802418e-01 5.565267458595222205e-01 2.715847045498562817e-01 3.194131069422022351e-02 6.528410169214657888e-01 1.547877328897998117e+00 4.178540138914015323e-01 nan nan nan nan nan nan nan nan nan nan
nan nan nan nan nan nan nan 9.815783496747870762e-01 8.607892396048726358e-01 7.484141210209617201e-01 4.319665625478927851e-01 4.556580068463191857e-01 7.067770615578492510e-01 6.021180640894828739e-01 1.579723642620628477e-01 6.822789558667481657e-02 3.256719318691293497e-01 1.020154746411735092e+00 1.595831548782343123e+00 nan nan 2.996538208003804549e+00 nan nan nan nan nan nan
nan nan nan nan nan nan nan 1.107787105371896175e+00 9.968828233458097987e-01 5.805165014168409687e-01 3.129150159554688337e-01 2.751721774550403565e-01 5.256914845303347628e-01 6.445500293630339605e-01 3.572812881481413072e-01 1.220910125519480138e-01 1.148229253070848499e-01 6.522174909261009290e-01 1.445440549770560468e+00 2.103794238548410522e+00 1.186460016418570573e+00 3.265851043547636778e-01 2.090013868662577989e-01 nan nan nan nan nan
nan nan nan nan nan nan nan nan 1.140657859405174168e+00 9.137310642867946253e-01 7.580875857180876531e-01 5.004578685982066233e-01 5.525925811977117075e-01 5.585503884694986709e-01 4.688527576227533022e-01 3.566690434039078150e-01 1.938870305909618785e-01 4.797510314280328814e-01 9.556476013631916011e-01 1.471004940523241711e+00 9.721822083410806004e-01 3.623340903438065919e-01 2.376421584696221945e-01 3.571574241952126805e-01 nan 1.764824044873507081e+00 7.256939077778085334e+00 nan
nan nan nan nan nan nan nan nan nan 1.394352733951863765e+00 1.467044110566147364e+00 1.198201438983233835e+00 1.031813624238631100e+00 8.586036007246623525e-01 7.287443551571305411e-01 6.210101456563787981e-01 5.082227357039625915e-01 6.195690962110333988e-01 9.026742180607215671e-01 1.167227883409613476e+00 1.036050333615973429e+00 8.754410117736330932e-01 1.050123095406181761e+00 9.673265375083530682e-01 nan 2.012048261278398975e+00 3.525007213089290214e+00 nan
nan nan nan nan nan nan nan nan nan nan 2.003887684605506703e+00 1.886761009284487089e+00 1.665043416186561487e+00 1.304905736967000296e+00 1.101422011335510431e+00 1.193560946786724530e+00 1.192750273832568153e+00 1.231132343912351823e+00 1.145459290195221191e+00 1.080290844133435346e+00 1.229315075331810059e+00 1.621336080404831792e+00 1.496026110326941660e+00 1.591572813147621890e+00 1.982435408429328305e+00 8.352978995936941597e-01 7.274281259300443558e-01 nan
nan nan nan nan nan nan nan nan nan nan nan nan 2.003764524801696645e+00 1.712131356731400267e+00 1.697961613763511179e+00 2.011907067448996944e+00 2.233587859007950094e+00 2.637351097725890270e+00 2.877138841236684730e+00 2.289988886317344985e+00 1.731493904042457510e+00 1.809230003880024196e+00 1.851883361289814234e+00 1.609343855167871817e+00 1.402819667308621732e+00 7.801533604441786007e-01 3.574746888360800234e-01 nan
nan nan nan nan nan nan nan nan nan nan nan nan nan 1.831701035576954295e+00 2.001469804988302403e+00 2.303109093677423669e+00 2.929706375681087938e+00 3.725657894416876115e+00 4.454509875055371992e+00 4.544664457775187572e+00 2.954294604544693392e+00 2.178057796750081820e+00 1.926049429160127779e+00 1.688118005991468884e+00 1.280198261530999915e+00 8.068295661743920544e-01 5.538810732536766368e-01 nan
nan nan nan nan nan nan nan nan nan nan nan nan nan nan nan 2.459484158336103121e+00 3.382175397581542065e+00 4.199006158131753708e+00 4.953868847373666284e+00 5.178427552401247524e+00 5.400262234495168734e+00 3.406460086801370579e+00 1.822235021571166680e+00 1.519760818526885604e+00 1.297344246901791509e+00 1.190847891446481510e+00 1.354437150111524879e+00 nan
nan nan nan nan nan nan nan nan nan nan nan nan nan nan nan nan nan 4.990834092171610337e+00 5.559249297497224518e+00 5.788717228975030160e+00 6.061994305661265514e+00 3.470965890340580451e+00 2.063673643351893183e-01 1.458912509739394903e+00 1.656408477219443842e+00 2.282797994107145012e+00 2.919006919941472322e+00 nan
nan nan nan nan nan nan nan nan nan nan nan nan nan nan nan nan nan nan nan nan 4.290832151811255102e+00 nan nan 2.421109584132604464e+00 2.959276863376331335e+00 3.997329186549873015e+00 nan nan
