nan nan nan 2.783355188452977558e+01 1.922334406568428022e+01 1.485616935509204239e+01 nan nan nan nan nan nan nan nan nan nan nan nan nan nan nan nan nan nan nan nan nan nan
nan nan 3.021693859046717634e+01 2.358342292033215060e+01 1.728042142968063644e+01 1.416437014514125714e+01 1.513690774508112469e+01 nan nan nan nan nan nan nan nan nan nan nan nan nan nan nan nan nan nan nan nan nan
nan nan 2.816592196340684140e+01 2.254649715881571126e+01 1.751077675874772055e+01 1.751175482740701383e+01 2.331130242546995746e+01 2.635971823811174630e+01 nan nan nan nan nan nan nan nan nan nan nan nan nan nan nan nan nan nan nan nan
nan 3.496433873966169870e+01 2.868411662241753390e+01 2.113373233066698376e+01 1.671465604715191233e+01 1.808650408027759937e+01 2.431820636338900954e+01 3.215750407555517398e+01 3.983176236732782627e+01 nan nan nan nan nan nan nan nan nan nan nan nan nan nan nan nan nan nan nan
3.810738259956927010e+01 3.568639556994075690e+01 2.948951916451110122e+01 2.241036862443863953e+01 1.912523064019087826e+01 1.863836493678477524e+01 1.955966357797384347e+01 2.483332810314328043e+01 2.472918438123169338e+01 2.618333296528976817e+01 nan nan nan nan nan nan nan nan nan nan nan nan nan nan nan nan nan nan
3.849485685535264423e+01 3.581016709975053658e+01 3.036954604438593464e+01 2.581540734036370210e+01 2.090043143191223862e+01 1.701666804924321141e+01 1.399245502856430790e+01 1.449110737694024742e+01 1.945274864962207317e+01 nan nan nan nan nan nan nan nan nan nan nan nan nan nan nan nan nan nan nan
3.660435381405210364e+01 3.400722370866409960e+01 3.064102623331401176e+01 2.649922653218291657e+01 1.840354906741614727e+01 1.169022531926286490e+01 9.738785039179974845e+00 1.372583358021354094e+01 1.393851512958826788e+01 nan nan nan nan nan nan nan nan nan nan nan nan nan nan nan nan nan nan nan
3.475834350066762823e+01 3.169951377856069286e+01 2.788040751668127726e+01 2.069741602299287919e+01 1.281524011665424467e+01 7.645860699746458877e+00 1.000425551039512406e+01 1.896093609617649989e+01 1.698239887066736742e+01 nan nan nan nan nan nan nan nan nan nan nan nan nan nan nan nan nan nan nan
nan 3.048135120089099459e+01 2.362682688609904247e+01 1.395537769372983661e+01 7.234545198694553036e+00 6.064285660607932726e+00 1.040305279040651421e+01 2.065631466428003193e+01 2.005321853412205257e+01 1.246018454034664558e+01 nan nan nan nan nan nan nan nan nan nan nan nan nan nan nan nan nan nan
nan 2.952287179879109402e+01 1.905811663595594752e+01 1.091728354210054519e+01 4.943486576236901797e+00 3.535222790682419625e+00 9.925165227525699407e+00 2.017431570542639463e+01 1.758691875697098794e+01 1.527777192155607011e+01 nan nan nan nan nan nan nan nan nan nan nan nan nan nan nan nan nan nan
nan 2.621839809426164436e+01 1.574140337500397990e+01 8.159393604838260927e+00 3.322474673061353467e+00 2.524818631131441116e+00 1.272943099026898750e+01 2.541465168953725140e+01 1.828377483551784621e+01 8.921925620574674198e+00 nan nan nan nan nan nan nan nan nan nan nan nan nan nan nan nan nan nan
nan nan 1.269549776310602240e+01 4.807591459400566869e+00 1.691661568246672687e+00 2.868267976795598528e+00 1.631660840841985305e+01 3.698912372963773976e+01 3.139374273249638847e+01 9.208813752835595778e+00 nan nan nan nan nan nan nan nan nan nan nan nan nan nan nan nan nan nan
nan nan 6.381613925834316525e+00 2.065333111178215830e+00 2.631045673418008213e-01 nan 1.792847662704369327e+01 4.370198569976667358e+01 4.936856283217677088e+01 1.586958115082927279e+01 nan nan nan nan nan nan nan nan nan nan nan nan nan nan nan nan nan nan
nan nan nan nan nan nan 1.999526920786379947e+01 4.464596883195208221e+01 5.560118578153726787e+01 2.706481277553567466e+01 nan nan 2.617882399450986330e+00 nan nan nan nan nan nan nan nan nan nan nan nan nan nan nan
nan nan nan nan nan 2.782967653431025923e+00 1.840078441386522456e+01 4.173697288836731900e+01 5.785487673188674762e+01 4.549445950527813665e+01 nan nan nan nan nan nan nan nan nan nan nan nan nan nan nan nan nan nan
nan nan nan nan nan 1.822107900513648238e+00 1.435427569157836203e+01 3.652268065451428924e+01 5.683922690688086021e+01 6.923408496377551558e+01 3.194148871782029886e+01 nan nan nan nan nan nan nan nan nan nan nan nan nan nan nan nan nan
nan nan nan nan nan 3.137173736488198195e+00 1.148541556012088627e+01 2.883090788205288746e+01 4.694129784686139573e+01 6.343124551052630267e+01 6.768540534084972649e+01 4.587468203483166462e+01 nan 1.136177128177612872e+01 nan nan nan nan nan nan nan nan nan nan nan nan nan nan
nan nan nan nan nan 2.219250547414454822e+00 7.851860129634326668e+00 1.884068498551188497e+01 3.253015963642736352e+01 4.542653318690710762e+01 5.474022656443314361e+01 6.541373731961822102e+01 6.933887685792566913e+01 5.761282999310252251e+01 1.672844000616727911e+01 nan nan nan nan nan nan nan nan nan nan nan nan nan
nan nan nan nan nan 2.524903487279459569e+00 3.843872128731523841e+00 1.037849335953761631e+01 1.878061670393559268e+01 3.012787091130980244e+01 3.667642221282427784e+01 4.670919958316017073e+01 6.846808594869099807e+01 9.008521429008182224e+01 9.884302802817650502e+01 4.902030880163922433e+01 1.390373846995687934e+01 nan nan nan nan nan nan nan nan nan nan nan
nan nan nan nan nan nan 1.925682034719486957e+00 5.636506157773260028e+00 1.035672223135483172e+01 1.785649002739297941e+01 2.430715230786903547e+01 2.855544946863695088e+01 3.942720050235603679e+01 6.876679785938166845e+01 1.047485706416950109e+02 1.287630408693375728e+02 1.066506751286849379e+02 5.589133789410768571e+01 nan nan nan nan nan nan nan nan nan nan
nan nan nan nan nan nan nan 2.035229435204282122e+00 5.753768987463224960e+00 1.084351000837940759e+01 1.669391037510794362e+01 1.965749708326663736e+01 2.209187059679253906e+01 2.957178262179656514e+01 5.127710778072450637e+01 6.495426979309323201e+01 7.346843813442190196e+01 7.482398102026091635e+01 6.735136345974277106e+01 nan nan 2.126674821745510968e+01 nan nan nan nan nan nan
nan nan nan nan nan nan nan 1.172327304626123445e-01 2.321769248547882469e+00 7.349517223466246030e+00 1.300057886348925607e+01 1.625528271275473813e+01 1.809333792196406776e+01 2.112985027350353562e+01 2.910431451602593711e+01 3.580058372965942937e+01 3.899906879052988984e+01 4.500311667648577441e+01 4.637998071372658160e+01 4.415935909719865293e+01 4.352847593197920162e+01 4.009841185336647840e+01 1.249910059903834991e+01 nan nan nan nan nan
nan nan nan nan nan nan nan nan 2.713811135629469740e-01 4.617204313418081796e+00 1.077805274594788365e+01 1.482979334389727910e+01 1.783476152973254969e+01 2.254471330199665147e+01 2.882210889128724673e+01 2.961329485576787235e+01 3.157796930716068573e+01 4.032704410079325186e+01 4.091945651721383115e+01 4.353417264382714080e+01 4.203379528024340317e+01 3.920341058091654673e+01 3.429837254179086159e+01 1.098157737934190159e+01 nan 3.604366630617649392e+00 5.064158785682015385e+00 nan
nan nan nan nan nan nan nan nan nan 1.586839774848610052e+00 9.205631552780733529e+00 1.427002872343202711e+01 1.874600313978188026e+01 2.382588118589835346e+01 2.924699553048998268e+01 2.877460048354329558e+01 2.899834247293719969e+01 4.048221107854179479e+01 4.420562352411290874e+01 4.232886685351103750e+01 4.157047366934668275e+01 4.109249296884125613e+01 3.660867713305061244e+01 3.072112937548039469e+01 nan 3.903539757701928625e+00 5.138083565712792122e+00 nan
nan nan nan nan nan nan nan nan nan nan 6.592776171827006593e+00 1.552526132811492943e+01 2.031766046159638961e+01 2.384822822234608353e+01 3.000530228108980779e+01 3.061198348686344772e+01 3.151792171235159756e+01 3.881010195423542086e+01 4.239507774110205673e+01 4.232382486726339721e+01 3.968624321000808663e+01 3.907494224196264554e+01 3.768795372806907551e+01 2.958778317288522430e+01 1.908835420043396169e+01 1.022255659608406297e+01 7.438123779278169145e+00 nan
nan nan nan nan nan nan nan nan nan nan nan nan 2.069693557316293919e+01 2.361696214082878953e+01 3.170870341025472072e+01 3.200624023004091612e+01 3.113363594124767886e+01 3.783956793516701111e+01 3.975360208756848834e+01 3.994739741977453207e+01 3.655636572344251078e+01 3.442228124362918606e+01 3.571472959549143411e+01 2.726293827018616867e+01 1.895141162995909312e+01 1.331947238287031610e+01 1.050519907608309111e+01 nan
nan nan nan nan nan nan nan nan nan nan nan nan nan 2.442620186168167251e+01 3.346442310767150730e+01 3.158237287895715539e+01 2.928386722057075886e+01 3.478119467739930570e+01 3.687158705703846096e+01 3.407894942607263999e+01 3.216161228232009961e+01 3.391142792259400807e+01 3.434234846154609500e+01 2.808921053816163749e+01 2.052743170533137729e+01 1.595627989699764271e+01 1.371294883391570885e+01 nan
nan nan nan nan nan nan nan nan nan nan nan nan nan nan nan 3.006728642768997517e+01 2.884897419904282145e+01 3.538681341682440262e+01 3.210726184054109211e+01 2.844317332458859582e+01 2.655308252873616226e+01 3.269400617704431511e+01 3.648637249160823615e+01 2.791565577161114220e+01 2.109632437142001038e+01 1.738049193381923985e+01 1.609107993836498451e+01 nan
nan nan nan nan nan nan nan nan nan nan nan nan nan nan nan nan nan 3.461650163125837310e+01 2.702816171070034912e+01 2.572093158576912586e+01 2.212137226415102020e+01 2.019321721800652369e+01 3.104871664116988939e+01 2.514846691459828776e+01 2.110049310390064292e+01 1.746894925981457192e+01 1.690913966957440451e+01 nan
nan nan nan nan nan nan nan nan nan nan nan nan nan nan nan nan nan nan nan nan 1.728358187066100626e+01 nan nan 1.955205380176020213e+01 1.993099323400557310e+01 1.715163299865482571e+01 nan nan
