nan nan nan 9.097702513244959377e+00 6.751565342362866318e+00 1.436781698569359733e+01 nan nan nan nan nan nan nan nan nan nan nan nan nan nan nan nan nan nan nan nan nan nan
nan nan 1.207779227410532208e+01 4.977058921097750499e+00 5.913397675097935569e+00 1.412203944348919471e+01 3.572570903977072021e+01 nan nan nan nan nan nan nan nan nan nan nan nan nan nan nan nan nan nan nan nan nan
nan nan 7.425620686221972022e+00 2.791476938109193728e+00 8.639924217980542664e+00 1.876589186457781366e+01 3.635770537638748579e+01 5.866160819569603291e+01 nan nan nan nan nan nan nan nan nan nan nan nan nan nan nan nan nan nan nan nan
nan 1.065618826163658106e+01 2.436177625626942955e+00 3.650367781369658005e+00 1.118492892398511174e+01 2.538770641631735003e+01 4.063324893726464637e+01 4.637852699259832434e+01 3.593360510792898310e+01 nan nan nan nan nan nan nan nan nan nan nan nan nan nan nan nan nan nan nan
1.219748174801480545e+01 4.412024780780698485e+00 1.745637951805775745e-01 5.491109738264919216e+00 1.461457632581830879e+01 3.059622771910586181e+01 4.538398644586952457e+01 4.554977401513356483e+01 3.742898355770975627e+01 5.265054277104987079e+00 nan nan nan nan nan nan nan nan nan nan nan nan nan nan nan nan nan nan
6.043041042308857413e+00 7.468992206693356728e-01 1.252946060593862709e+00 1.009672114334695436e+01 2.270773153390327437e+01 3.224030462535053232e+01 4.444046085996343010e+01 4.825139377919672512e+01 4.566697392564333313e+01 nan nan nan nan nan nan nan nan nan nan nan nan nan nan nan nan nan nan nan
1.878517774750494196e+00 4.956023902138401160e-01 5.750714511331833201e+00 1.753755467981427785e+01 2.456423437916087238e+01 2.989377501048373631e+01 3.886511470569379156e+01 4.776385417527217214e+01 5.011981897604942304e+01 nan nan nan nan nan nan nan nan nan nan nan nan nan nan nan nan nan nan nan
1.671411557004002513e-01 3.997150747481719613e+00 1.158510246069643301e+01 1.862515861221565316e+01 2.382366428861467611e+01 2.716089444672643793e+01 3.316921211957370019e+01 4.385190997175458705e+01 4.850325940880100717e+01 nan nan nan nan nan nan nan nan nan nan nan nan nan nan nan nan nan nan nan
nan 7.061102840396781488e+00 1.382364201513618696e+01 1.757644987564774297e+01 2.291376001328895740e+01 2.602645027670237710e+01 3.036423449346688841e+01 4.172693695583448914e+01 3.849750048403119251e+01 1.785176092751303401e+01 nan nan nan nan nan nan nan nan nan nan nan nan nan nan nan nan nan nan
nan 8.353770365896727057e+00 1.311610769906033980e+01 1.814846642044932423e+01 2.431592241289295586e+01 2.887756348874615497e+01 3.334862763805546138e+01 4.910305816155530323e+01 4.330336014287837543e+01 2.063259816307463979e+01 nan nan nan nan nan nan nan nan nan nan nan nan nan nan nan nan nan nan
nan 1.237409862903561830e+01 1.667023640063581524e+01 2.181414983818862652e+01 2.881959410374691544e+01 3.362245746799020196e+01 4.021112136521087166e+01 5.630320907639506345e+01 5.135994605472525620e+01 2.744369613683586095e+01 nan nan nan nan nan nan nan nan nan nan nan nan nan nan nan nan nan nan
nan nan 1.554787609713063112e+01 2.102138404343580191e+01 2.757287422697236323e+01 3.384205445660182932e+01 4.632665990885841723e+01 5.822682056632022807e+01 5.388117679140863459e+01 3.031306688955989159e+01 nan nan nan nan nan nan nan nan nan nan nan nan nan nan nan nan nan nan
nan nan 1.024458991542772068e+01 1.340795706396216325e+01 2.221620537208935531e+01 nan 4.678023902125524813e+01 5.655111937939015831e+01 5.703986645386244447e+01 3.709494705619722765e+01 nan nan nan nan nan nan nan nan nan nan nan nan nan nan nan nan nan nan
nan nan nan nan nan nan 4.668422803257859499e+01 5.301569618869939404e+01 5.738527603216392947e+01 3.987817026023650158e+01 nan nan 1.115967172539242647e+01 nan nan nan nan nan nan nan nan nan nan nan nan nan nan nan
nan nan nan nan nan 4.164507355536807864e+01 4.495988711221120582e+01 4.683239095675553187e+01 4.989484849835666580e+01 5.602465301175091383e+01 nan nan nan nan nan nan nan nan nan nan nan nan nan nan nan nan nan nan
nan nan nan nan nan 3.973818037629020949e+01 4.075343550570777040e+01 3.892506035035216883e+01 3.766428529914456647e+01 5.652351470532639865e+01 2.382783699363423580e+01 nan nan nan nan nan nan nan nan nan nan nan nan nan nan nan nan nan
nan nan nan nan nan 3.453934017971286607e+01 3.666260277605732654e+01 3.509974806533242031e+01 3.115153622299500924e+01 3.003219465753132056e+01 4.733818819301342984e+01 2.637522151633282519e+01 nan 2.971064291796889023e+00 nan nan nan nan nan nan nan nan nan nan nan nan nan nan
nan nan nan nan nan 3.113841102069191891e+01 3.282213445041571731e+01 3.095412018168193669e+01 2.738719141038672689e+01 2.220411176896748628e+01 2.074033163566688387e+01 2.954681276207138296e+01 2.919054161855853735e+01 1.501551466242769628e+01 1.990017735998926396e+00 nan nan nan nan nan nan nan nan nan nan nan nan nan
nan nan nan nan nan 2.926809831771371861e+01 2.916724479780124568e+01 2.771064284212001994e+01 2.348695104751543994e+01 1.957555927389620010e+01 1.737121065330227765e+01 1.728690657417734755e+01 2.313879172803346052e+01 2.652384324877533217e+01 1.590235908957217603e+01 5.438145206582603031e+00 1.618373247638526857e+00 nan nan nan nan nan nan nan nan nan nan nan
nan nan nan nan nan nan 2.593686553147306029e+01 2.474758353814393175e+01 2.160547306375761067e+01 1.806039118455355919e+01 1.586888665193410830e+01 1.448973541049995362e+01 1.762164144310980163e+01 2.729938503863608545e+01 2.493264660677539979e+01 1.655382451875020422e+01 6.510116941886641584e+00 2.863371066378836094e+00 nan nan nan nan nan nan nan nan nan nan
nan nan nan nan nan nan nan 2.137330114081091992e+01 1.999786784949671414e+01 1.584904770777314198e+01 1.402964262349037483e+01 1.364278927849095169e+01 1.419794935514572209e+01 2.051142421368804492e+01 3.071049486516879767e+01 2.446045064564391680e+01 1.853615542925841453e+01 1.555720308828741061e+01 1.175200959701961878e+01 nan nan 1.065127702069510640e+01 nan nan nan nan nan nan
nan nan nan nan nan nan nan 1.930767091975646110e+01 1.759758697547128392e+01 1.442508381969897258e+01 1.243686897406914760e+01 1.279902722538913373e+01 1.261654326901723699e+01 1.512438111582728517e+01 2.442651922375901208e+01 2.917262049207800700e+01 2.382904915585669769e+01 1.874493937243128272e+01 1.329496947478913427e+01 9.428618976275657815e+00 6.087535417231968893e+00 4.306163969891635190e+00 5.367216411540214338e+00 nan nan nan nan nan
nan nan nan nan nan nan nan nan 1.595495973883927299e+01 1.330343845767383471e+01 1.124050898384566111e+01 1.137220595131137912e+01 1.194434152606544863e+01 1.353424893149897024e+01 1.765861344727165871e+01 2.682387960552879846e+01 2.693408087741306289e+01 2.103985638314289730e+01 1.592750786965569532e+01 1.136897942103933623e+01 7.801272986339990112e+00 4.989421368553102809e+00 2.449614988396238147e+00 3.497384669623819775e+00 nan 1.403686000055200012e+01 1.005022629933989009e+01 nan
nan nan nan nan nan nan nan nan nan 1.341734377726508498e+01 1.007079816415552465e+01 8.956640089223972367e+00 9.729471973462731071e+00 1.149396486938039708e+01 1.416071915292517502e+01 2.113488521296507017e+01 2.709273666231139188e+01 2.562277350433164713e+01 2.033143065167867647e+01 1.570257216985880966e+01 1.319783542932994358e+01 1.278456071551032025e+01 1.496837269691526018e+01 2.169184180864318634e+01 nan 2.665282392418099278e+01 3.246694044152295788e+01 nan
nan nan nan nan nan nan nan nan nan nan 1.047033254621944920e+01 8.924455113106979809e+00 8.455042948272227576e+00 9.281401665978044946e+00 1.127258747822976304e+01 1.473095649223938075e+01 1.720876803725060000e+01 2.056600456667207766e+01 2.585478755408530915e+01 2.455576196360740937e+01 2.022525304432956261e+01 2.026052505000992809e+01 2.573381906939489383e+01 3.634942490933099180e+01 4.015017564527659744e+01 3.579066334918884706e+01 3.535208147455747962e+01 nan
nan nan nan nan nan nan nan nan nan nan nan nan 9.105596358801802737e+00 9.635174478376697493e+00 1.170560132728239466e+01 1.235926772694826781e+01 1.271790935781582554e+01 1.471298829582820034e+01 1.800683476402197414e+01 2.563010287618777028e+01 2.929913899788252962e+01 2.543039847924848118e+01 2.826784558764672184e+01 3.319881545229094399e+01 3.488499106132776717e+01 3.219160088633060468e+01 2.920583149369181086e+01 nan
nan nan nan nan nan nan nan nan nan nan nan nan nan 1.185258740437137703e+01 1.132325456240359074e+01 1.253957530734146708e+01 1.356412464614883184e+01 1.498688212714526635e+01 1.828380448168375594e+01 2.272868456846214613e+01 3.001105443731051281e+01 3.285998079715153608e+01 2.900195491454898900e+01 2.634334790366429857e+01 2.686599096058195002e+01 2.562419316030336702e+01 2.254497809265819086e+01 nan
nan nan nan nan nan nan nan nan nan nan nan nan nan nan nan 1.443071151109861461e+01 1.426899074391271682e+01 1.485288953973890713e+01 1.670135160950396624e+01 1.959895687772092643e+01 2.487288426757386617e+01 2.657753230500771835e+01 2.527246908729025421e+01 2.075515531117171619e+01 2.067734012804270449e+01 2.005789056365685852e+01 1.975062095555972874e+01 nan
nan nan nan nan nan nan nan nan nan nan nan nan nan nan nan nan nan 1.448349237546791457e+01 1.510616484929204795e+01 1.604366557843496466e+01 1.795948417095371141e+01 1.853314685767611891e+01 1.101444385793746505e+01 1.277941616783894219e+01 1.398185937242297072e+01 1.595230065431330502e+01 1.701482783118801834e+01 nan
nan nan nan nan nan nan nan nan nan nan nan nan nan nan nan nan nan nan nan nan 4.973343962777620142e+00 nan nan 4.761959813545029618e+00 8.223794585094523768e+00 1.179540940289162165e+01 nan nan
