nan nan nan 1.714728437238216330e+01 9.969514159283580312e+00 3.814318810359663914e+00 nan nan nan nan nan nan nan nan nan nan nan nan nan nan nan nan nan nan nan nan nan nan
nan nan 2.255265118924593537e+01 1.471309553518932489e+01 7.752323582732472573e+00 3.093282315484848777e+00 1.844786350009727793e-01 nan nan nan nan nan nan nan nan nan nan nan nan nan nan nan nan nan nan nan nan nan
nan nan 2.318753229772714519e+01 1.439800250971295625e+01 6.505982354752666730e+00 2.245259619407305784e+00 5.025320493756583184e-01 3.335908088840815466e+00 nan nan nan nan nan nan nan nan nan nan nan nan nan nan nan nan nan nan nan nan
nan 3.082165654564801116e+01 2.432311211237143311e+01 1.503724995115583241e+01 7.006140382670875688e+00 3.227262753856801059e+00 1.916187829948713173e+00 2.607002795870376310e+00 7.615110339249022253e+00 nan nan nan nan nan nan nan nan nan nan nan nan nan nan nan nan nan nan nan
3.872953114399739150e+01 3.280418420760042153e+01 2.617811912922229567e+01 1.567679990281868996e+01 7.316848730582654170e+00 4.428793955327518184e+00 2.065852526225086638e+00 1.025861410805070761e+00 2.130515043990318880e+00 4.111616393118643131e+00 nan nan nan nan nan nan nan nan nan nan nan nan nan nan nan nan nan nan
3.835367444039589202e+01 3.381196071456273700e+01 2.771228206446591003e+01 1.707382476319373055e+01 7.947875193330668608e+00 4.573214678714037085e+00 1.452036405338231972e+00 1.473590256742752236e-01 4.600243800393673865e+00 nan nan nan nan nan nan nan nan nan nan nan nan nan nan nan nan nan nan nan
3.876550811848954936e+01 3.528096946701064951e+01 3.062221875349755607e+01 1.934451003511033917e+01 9.332680174497552272e+00 4.438885421245846175e+00 1.197895317972193840e+00 1.881929396632093521e-01 7.341991086617782436e+00 nan nan nan nan nan nan nan nan nan nan nan nan nan nan nan nan nan nan nan
4.032485377413121341e+01 3.724827551393459402e+01 3.256510215255073604e+01 1.982778793622192381e+01 9.427272770753646114e+00 3.942278607747446095e+00 8.233722808778964897e-01 2.645346096268322844e-01 6.110927078903790388e+00 nan nan nan nan nan nan nan nan nan nan nan nan nan nan nan nan nan nan nan
nan 3.931843855813549737e+01 3.310066428223012025e+01 1.918880765081159012e+01 9.082435548280201942e+00 3.137529384428911605e+00 6.048429010411615625e-01 5.993031998679836381e-01 3.577128939173166877e+00 1.077725455149300071e+00 nan nan nan nan nan nan nan nan nan nan nan nan nan nan nan nan nan nan
nan 3.971875578332278423e+01 3.108700990800923591e+01 1.918608154345583472e+01 9.031274492931935072e+00 2.345120136088464147e+00 3.181904373213391146e-01 5.864808038950778402e-01 2.245393665948030915e+00 3.073655882175168608e-01 nan nan nan nan nan nan nan nan nan nan nan nan nan nan nan nan nan nan
nan 3.954722593435219125e+01 2.859859326321559081e+01 1.876817883536753229e+01 8.460008092626651433e+00 1.214596566989104343e+00 8.984098543609571330e-02 1.053945717113868641e+00 2.159036206379998823e+00 9.851631265048560460e-01 nan nan nan nan nan nan nan nan nan nan nan nan nan nan nan nan nan nan
nan nan 2.576655213338105810e+01 1.779708464126058942e+01 7.854929869998041880e+00 3.646136161649801144e-01 1.937503378833319023e-01 2.010163735434245869e+00 3.655982825487283705e+00 9.745227544731507319e-01 nan nan nan nan nan nan nan nan nan nan nan nan nan nan nan nan nan nan
nan nan 1.435350546660774818e+01 8.314723455835025590e+00 4.203531328113448318e+00 nan 2.709137757025910642e-01 1.774312310794460501e+00 4.727834986851799037e+00 1.376952641177701775e+00 nan nan nan nan nan nan nan nan nan nan nan nan nan nan nan nan nan nan
nan nan nan nan nan nan 1.011345421069904799e-01 1.089063236485889208e+00 4.394117365993681190e+00 1.742107567013104541e+00 nan nan 2.287339102455645257e-01 nan nan nan nan nan nan nan nan nan nan nan nan nan nan nan
nan nan nan nan nan 2.760205420079959282e+00 8.256050468631687079e-04 1.217115515319173502e+00 3.694415140734950143e+00 4.731531455900203298e+00 nan nan nan nan nan nan nan nan nan nan nan nan nan nan nan nan nan nan
nan nan nan nan nan 1.900553331281369385e+00 3.524786231033636419e-01 1.620111008686536014e+00 4.426810216870367576e+00 9.848339268378328626e+00 6.537354026296529952e+00 nan nan nan nan nan nan nan nan nan nan nan nan nan nan nan nan nan
nan nan nan nan nan 2.610825816908108443e+00 8.919378871420009514e-01 1.734816736150476935e+00 4.090188004075042016e+00 8.136354998746512024e+00 1.300691048099660385e+01 7.517272748348140965e+00 nan 3.445499060666658675e+00 nan nan nan nan nan nan nan nan nan nan nan nan nan nan
nan nan nan nan nan 3.859180915580314064e+00 1.524462137528240113e+00 1.760592857075397255e+00 3.258823485804666742e+00 5.763918772872845153e+00 9.035541799217870818e+00 1.015811978750475753e+01 6.471856417133978745e+00 1.862052787866431247e+00 2.528218973629058564e+00 nan nan nan nan nan nan nan nan nan nan nan nan nan
nan nan nan nan nan 5.989370998238285004e+00 2.685714157405310498e+00 2.101544989110007755e+00 2.593025581007755598e+00 3.840863656488823885e+00 6.542389689420875065e+00 9.520932979659050943e+00 8.497922165001773109e+00 3.626333443985414018e+00 1.325424136397647334e+00 5.072801228843144550e+00 3.323117641564168778e+00 nan nan nan nan nan nan nan nan nan nan nan
nan nan nan nan nan nan 4.854834772347054184e+00 2.804841591496106901e+00 2.337256367347131381e+00 2.762923643630121440e+00 3.994181436902988214e+00 8.016748406805984217e+00 1.024125028787515390e+01 6.808497031679704214e+00 2.899154966901230868e+00 1.697522920360265752e+00 1.226821932241368929e+00 2.268829779642450806e+00 nan nan nan nan nan nan nan nan nan nan
nan nan nan nan nan nan nan 4.179741741874005712e+00 2.577158893545209217e+00 2.729300112931794420e+00 4.020011501166376178e+00 5.807143569288724549e+00 8.988660402110207670e+00 9.553803624998073118e+00 6.053490173009213215e+00 3.860308583131254245e+00 3.078053083417979341e+00 4.417005009119469250e+00 7.768838481317937195e+00 nan nan 9.547861123195009014e+00 nan nan nan nan nan nan
nan nan nan nan nan nan nan 6.779476103164665979e+00 3.799793969514063452e+00 3.011964953533568412e+00 3.819342742085923170e+00 4.824223102192592982e+00 6.111573021017162155e+00 9.722100540815990399e+00 1.050894237331319481e+01 7.709303509589791048e+00 6.216063508081576927e+00 5.745578600102383859e+00 5.960704231190026015e+00 4.887062275617021001e+00 3.723063472064110702e+00 2.351185268269847306e+00 4.265515378387594758e+00 nan nan nan nan nan
nan nan nan nan nan nan nan nan 5.750913371487377468e+00 3.449411014369914152e+00 3.433907874041481456e+00 4.112673837780469022e+00 4.919867167136824371e+00 7.016410526536446923e+00 1.100951639894565126e+01 1.192786459119865228e+01 9.867367728146858141e+00 6.919427596749482490e+00 5.768998229366685493e+00 4.669892538146210192e+00 2.772391568765997683e+00 1.616554367276519466e+00 1.140968344042954552e+00 3.058723304730935233e+00 nan 6.978714165646027645e+00 5.259590414485424859e+00 nan
nan nan nan nan nan nan nan nan nan 4.454636420105824612e+00 3.704502291902058708e+00 3.939740843500602274e+00 5.214728471967760015e+00 6.724883495369592623e+00 9.303300029935027027e+00 1.236904103883561490e+01 1.269148489961768789e+01 9.290885006140776170e+00 6.731469293258463438e+00 5.278467532352373759e+00 4.494628042024128689e+00 5.152473695582797220e+00 8.525216390147011936e+00 1.324641510498500629e+01 nan 1.740420889269591243e+01 2.285862402768402291e+01 nan
nan nan nan nan nan nan nan nan nan nan 4.833104938347530855e+00 5.382904719779930680e+00 6.077151170530120439e+00 7.670324642649974045e+00 9.276804015533421932e+00 1.174990528800184464e+01 1.505550317683864137e+01 1.521992994808506339e+01 1.157546992298477662e+01 8.876935394343814067e+00 9.314932594385595621e+00 1.084587106181312777e+01 1.547001972613947274e+01 2.380905683712249754e+01 2.871867047805970685e+01 2.978893812454541035e+01 3.057149024589487851e+01 nan
nan nan nan nan nan nan nan nan nan nan nan nan 8.196787937285058945e+00 8.742687935993266990e+00 9.963304369139624583e+00 1.295630139423316685e+01 1.587806131541815802e+01 1.721789603213287023e+01 1.798798946702057222e+01 1.608064177225772795e+01 1.621316397362419082e+01 1.714793371996992022e+01 2.184638187988153746e+01 2.748628045868738212e+01 3.156973738247436501e+01 3.184453848162655376e+01 3.256321858421345183e+01 nan
nan nan nan nan nan nan nan nan nan nan nan nan nan 1.001479403719821626e+01 1.204822006899069464e+01 1.527481531418168004e+01 1.768958743923512600e+01 1.934269085717560444e+01 2.129986802861769490e+01 2.290016117922208849e+01 2.266791709430023616e+01 2.203721879279576612e+01 2.047770975522269055e+01 2.392592474343090458e+01 2.711855524532426642e+01 2.913416210655126193e+01 3.050943001541968513e+01 nan
nan nan nan nan nan nan nan nan nan nan nan nan nan nan nan 1.843729718233722181e+01 2.092102650138015463e+01 2.308586484203694766e+01 2.463125402826410237e+01 2.599427593124539371e+01 2.714161584778043590e+01 2.370846201490757821e+01 1.613004911159187316e+01 1.605459656166527793e+01 2.043902128299872700e+01 2.469772342465910953e+01 2.686623866498806379e+01 nan
nan nan nan nan nan nan nan nan nan nan nan nan nan nan nan nan nan 2.675095073857928085e+01 2.752875556909904731e+01 2.805380590693395604e+01 2.763771028713257039e+01 1.846106187548428323e+01 6.974524599584484008e+00 1.164754651127351082e+01 1.669812846685934815e+01 2.122744729285298249e+01 2.354323129862401842e+01 nan
nan nan nan nan nan nan nan nan nan nan nan nan nan nan nan nan nan nan nan nan 9.441295329524841407e+00 nan nan 1.100575110921549715e+01 1.603596717495070578e+01 1.942739543707334349e+01 nan nan
