nan nan nan 3.095080592477268411e+00 1.201429288407194651e+00 1.726512124320814356e+00 nan nan nan nan nan nan nan nan nan nan nan nan nan nan nan nan nan nan nan nan nan nan
nan nan 3.128594370960805726e+00 1.306333073605271400e+00 2.985717899269457187e-01 1.150476584050254214e+00 4.956370025590453920e+00 nan nan nan nan nan nan nan nan nan nan nan nan nan nan nan nan nan nan nan nan nan
nan nan 1.710721257664369110e+00 4.255813663984839845e-01 2.290567733913010939e-01 1.098374870822480087e+00 3.051674539199700220e+00 5.399128516272378775e+00 nan nan nan nan nan nan nan nan nan nan nan nan nan nan nan nan nan nan nan nan
nan 2.444684378238319855e+00 7.601805343880988497e-01 1.199851974109924085e-01 3.134177638461943527e-01 1.028675494715054484e+00 2.124268284099686710e+00 3.094501661050974128e+00 2.695984138399134977e+00 nan nan nan nan nan nan nan nan nan nan nan nan nan nan nan nan nan nan nan
3.734792846382413156e+00 1.410474091706397370e+00 2.716472168265685050e-01 5.404924646044380332e-02 3.455944119729064679e-01 8.805861161697938755e-01 1.693602119308039722e+00 2.978081274663304967e+00 2.713514852056590598e+00 1.782035152455106741e-01 nan nan nan nan nan nan nan nan nan nan nan nan nan nan nan nan nan nan
2.805877510006801412e+00 9.060491514199362495e-01 6.279688985281130231e-02 1.028236555975570038e-01 4.125291225983883092e-01 8.230253357715793250e-01 1.569879848591861693e+00 3.078700917940431658e+00 3.561902259791085434e+00 nan nan nan nan nan nan nan nan nan nan nan nan nan nan nan nan nan nan nan
2.352840991920603475e+00 5.815354816512599001e-01 3.738193036058475027e-02 1.880636998793714931e-01 4.744575391004262066e-01 9.178253930855997389e-01 1.668140833706540427e+00 3.606749699986044888e+00 3.154294836699185645e+00 nan nan nan nan nan nan nan nan nan nan nan nan nan nan nan nan nan nan nan
2.147278398859199022e+00 4.114617983129912338e-01 7.983273496190561314e-02 2.792747686531836804e-01 4.950951838639943148e-01 1.089193677081627953e+00 1.724963558115227169e+00 3.941532691789899623e+00 2.445210288713502322e+00 nan nan nan nan nan nan nan nan nan nan nan nan nan nan nan nan nan nan nan
nan 3.536309022406249891e-01 9.720095925441950280e-02 2.474552212896145575e-01 5.956007944462273773e-01 1.562039443517673210e+00 2.093720061384998221e+00 3.702027252967209581e+00 2.488967270192220749e+00 4.521237804043771180e-01 nan nan nan nan nan nan nan nan nan nan nan nan nan nan nan nan nan nan
nan 2.382978329965835806e-01 2.338547477921696649e-01 2.205901849690862226e-01 4.126433240844081807e-01 1.560377921206210772e+00 2.462304060407656703e+00 2.539213528868710323e+00 1.915300412592714663e+00 6.345874581569910244e-01 nan nan nan nan nan nan nan nan nan nan nan nan nan nan nan nan nan nan
nan 2.856998147692847989e-01 2.439238188785929351e-01 6.422044379150050608e-02 9.028603007936343572e-02 1.507251966605535509e+00 3.049177342321631290e+00 2.094681844490972722e+00 1.708557427295028797e+00 8.692627320280857939e-01 nan nan nan nan nan nan nan nan nan nan nan nan nan nan nan nan nan nan
nan nan 4.151808682936724421e-02 2.419707662054118857e-01 3.622970454433649401e-01 1.353945809822028723e+00 3.728403490964901756e+00 2.412203991290363891e+00 1.706816611642159920e+00 9.695092693478248036e-02 nan nan nan nan nan nan nan nan nan nan nan nan nan nan nan nan nan nan
nan nan 5.098759816896383246e-01 1.506644036989157387e+00 4.682251318460742828e-01 nan 3.842688044572057926e+00 2.222194688208810387e+00 1.456750762674180244e+00 1.516524199294298769e-01 nan nan nan nan nan nan nan nan nan nan nan nan nan nan nan nan nan nan
nan nan nan nan nan nan 2.478598317008865681e+00 1.489886132509088190e+00 9.619613725964779594e-01 1.715083443049794099e-01 nan nan 2.454049674616604060e-01 nan nan nan nan nan nan nan nan nan nan nan nan nan nan nan
nan nan nan nan nan 4.060721420142676230e+00 1.575440000564988896e+00 1.538297048635096864e+00 9.883148801025732899e-01 1.584999290670486560e-01 nan nan nan nan nan nan nan nan nan nan nan nan nan nan nan nan nan nan
nan nan nan nan nan 2.232941199341579530e+00 1.894741598055122767e+00 2.199401469911544726e+00 2.126955849324030368e+00 1.403838593741691732e+00 3.924801931423513857e-01 nan nan nan nan nan nan nan nan nan nan nan nan nan nan nan nan nan
nan nan nan nan nan 2.390598547543485441e+00 2.158332268692204181e+00 2.552228213586785976e+00 2.425122835423181744e+00 2.316905386058142113e+00 2.113416981126625238e+00 2.255303531778591442e+00 nan 1.264856642347264470e+00 nan nan nan nan nan nan nan nan nan nan nan nan nan nan
nan nan nan nan nan 1.743723331325424120e+00 2.501887550415010431e+00 3.020826668840872475e+00 3.409698218811860748e+00 2.801817416814366357e+00 2.354970819164468931e+00 2.286523480084228677e+00 1.842084740210433891e+00 1.660180937138549639e+00 5.432693943098456657e-01 nan nan nan nan nan nan nan nan nan nan nan nan nan
nan nan nan nan nan 3.531314770506825518e+00 4.021304258424420297e+00 4.545769938155390655e+00 5.346103563132339254e+00 5.423404372897138614e+00 4.657384795135343758e+00 4.048346451803350732e+00 3.119500008544187963e+00 2.697219245742876303e+00 2.461707385098909295e+00 2.128135936685752849e+00 5.874519081231747153e-01 nan nan nan nan nan nan nan nan nan nan nan
nan nan nan nan nan nan 6.270909901583938684e+00 7.085102784336983817e+00 8.321154917395494621e+00 9.094521731571417078e+00 8.256429368940072067e+00 7.425627976559795229e+00 6.209729960656210856e+00 5.649525508376821215e+00 4.788641118374273198e+00 5.083090095545028220e+00 2.965131376613220127e+00 1.981346558823013693e+00 nan nan nan nan nan nan nan nan nan nan
nan nan nan nan nan nan nan 9.445617624507990584e+00 1.049016743191395662e+01 1.181632310113482909e+01 1.156779775118164189e+01 1.017665108410692376e+01 8.914865942478842342e+00 8.222157772622528782e+00 7.652168057186286454e+00 6.981267819078077252e+00 6.980672286491113709e+00 6.344357238770765406e+00 5.405741672399899223e+00 nan nan 2.350327419965243969e+00 nan nan nan nan nan nan
nan nan nan nan nan nan nan 1.100787282296919400e+01 1.156958221024302169e+01 1.279965486030622301e+01 1.291455341749537311e+01 1.175343016511503613e+01 1.068072735714623889e+01 9.671435457590218832e+00 9.238798622756464241e+00 8.684340860597801637e+00 6.800831082328406829e+00 6.288889327728190537e+00 5.761541867164139852e+00 5.484573016739505036e+00 4.851518607546339901e+00 3.428734355069837036e+00 1.009641770262021065e+00 nan nan nan nan nan
nan nan nan nan nan nan nan nan 1.109107282674994188e+01 1.177942141327581993e+01 1.208136484994588677e+01 1.237135296527240946e+01 1.070849402119490179e+01 9.139597260036001813e+00 8.635482232672169189e+00 8.980693142205634416e+00 7.236050500561288956e+00 5.420149175328293545e+00 5.166908536224318560e+00 5.344950927377077221e+00 6.419976389132401096e+00 8.011278651213462609e+00 6.694590692539378551e+00 2.256448987318241617e+00 nan 1.964700780290639770e+00 3.673322921454337919e+00 nan
nan nan nan nan nan nan nan nan nan 9.428631988408149311e+00 1.036408790699900528e+01 1.112297203971549919e+01 1.049509567802807730e+01 8.330900179817108508e+00 7.759286337517079524e+00 7.567413743773470536e+00 7.390406074470457831e+00 5.649117959665484356e+00 4.656045793896367968e+00 5.141327361467958212e+00 5.821634882605591699e+00 7.191972866993939562e+00 9.796953489073644050e+00 1.113085159801273782e+01 nan 1.691359726750984116e+00 3.070431602770857360e+00 nan
nan nan nan nan nan nan nan nan nan nan 8.409249417910531932e+00 9.488355411069820278e+00 9.784460128836538928e+00 8.607501014603611722e+00 6.816317039080714402e+00 6.263371608988988370e+00 6.550921104140826401e+00 6.269924144266948218e+00 4.758905180187495532e+00 4.524141330829093199e+00 5.190034912619935881e+00 6.087774445487206698e+00 7.021018713091062402e+00 7.743998598660967403e+00 5.648290307693753398e+00 3.854759678540548684e+00 4.357133378895294840e+00 nan
nan nan nan nan nan nan nan nan nan nan nan nan 8.580185026977687812e+00 8.195605391952614838e+00 6.531497245649563688e+00 5.574485294778073197e+00 5.517811009322548976e+00 5.751193438283886294e+00 5.833333621734186458e+00 5.401373887245155103e+00 5.027689963172345067e+00 5.674479500763516704e+00 6.423974822616409064e+00 6.651977983061094335e+00 6.355316615252195156e+00 6.026842065661863757e+00 6.148428257764479987e+00 nan
nan nan nan nan nan nan nan nan nan nan nan nan nan 7.422973175868510687e+00 5.761035634524914073e+00 4.813234518632894421e+00 4.775259850761484515e+00 5.014526766535121638e+00 4.779669986676284843e+00 5.495734267086869629e+00 6.257464443753682382e+00 6.346055387851911256e+00 7.014454754640803813e+00 7.849829163080100258e+00 7.846962022036933604e+00 7.714090757949435329e+00 7.836350404593848573e+00 nan
nan nan nan nan nan nan nan nan nan nan nan nan nan nan nan 3.697984322570306404e+00 3.598277203406148761e+00 4.047014155624771625e+00 4.051466571235927461e+00 3.953337834746510016e+00 5.210617503452311894e+00 7.955653622001311653e+00 9.268870718097115713e+00 9.581822314850654720e+00 9.391269128712290026e+00 9.251922332984296560e+00 9.591536570010225304e+00 nan
nan nan nan nan nan nan nan nan nan nan nan nan nan nan nan nan nan 2.837822849767090538e+00 2.865561352856492050e+00 2.826961985286343015e+00 2.739065158960524382e+00 3.712290940328203170e+00 1.049044273888621071e+01 1.137412503119759322e+01 1.028860352540832679e+01 1.076347896657479453e+01 1.082228284629369597e+01 nan
nan nan nan nan nan nan nan nan nan nan nan nan nan nan nan nan nan nan nan nan 2.966891995655832392e+00 nan nan 1.018354585879709617e+01 1.032151761290994152e+01 1.130998951002024633e+01 nan nan
