0.000000000000000000e+00 0.000000000000000000e+00 0.000000000000000000e+00 0.000000000000000000e+00 0.000000000000000000e+00 0.000000000000000000e+00 0.000000000000000000e+00 0.000000000000000000e+00 0.000000000000000000e+00 0.000000000000000000e+00 0.000000000000000000e+00 0.000000000000000000e+00 0.000000000000000000e+00 0.000000000000000000e+00 0.000000000000000000e+00 0.000000000000000000e+00 0.000000000000000000e+00 0.000000000000000000e+00 0.000000000000000000e+00 0.000000000000000000e+00 0.000000000000000000e+00 0.000000000000000000e+00 0.000000000000000000e+00 0.000000000000000000e+00 0.000000000000000000e+00 0.000000000000000000e+00 0.000000000000000000e+00 0.000000000000000000e+00
0.000000000000000000e+00 nan 0.000000000000000000e+00 0.000000000000000000e+00 0.000000000000000000e+00 0.000000000000000000e+00 0.000000000000000000e+00 nan nan nan nan nan nan nan nan nan nan nan nan nan nan nan nan nan nan nan nan 0.000000000000000000e+00
0.000000000000000000e+00 nan 0.000000000000000000e+00 0.000000000000000000e+00 0.000000000000000000e+00 0.000000000000000000e+00 0.000000000000000000e+00 0.000000000000000000e+00 nan nan nan nan nan nan nan nan nan nan nan nan nan nan nan nan nan nan nan 0.000000000000000000e+00
0.000000000000000000e+00 0.000000000000000000e+00 0.000000000000000000e+00 0.000000000000000000e+00 0.000000000000000000e+00 0.000000000000000000e+00 0.000000000000000000e+00 0.000000000000000000e+00 0.000000000000000000e+00 nan nan nan nan nan nan nan nan nan nan nan nan nan nan nan nan nan nan 0.000000000000000000e+00
0.000000000000000000e+00 0.000000000000000000e+00 0.000000000000000000e+00 0.000000000000000000e+00 0.000000000000000000e+00 0.000000000000000000e+00 0.000000000000000000e+00 0.000000000000000000e+00 0.000000000000000000e+00 0.000000000000000000e+00 nan nan nan nan nan nan nan nan nan nan nan nan nan nan nan nan nan 0.000000000000000000e+00
0.000000000000000000e+00 0.000000000000000000e+00 0.000000000000000000e+00 0.000000000000000000e+00 0.000000000000000000e+00 0.000000000000000000e+00 0.000000000000000000e+00 0.000000000000000000e+00 0.000000000000000000e+00 nan nan nan nan nan nan nan nan nan nan nan nan nan nan nan nan nan nan 0.000000000000000000e+00
0.000000000000000000e+00 0.000000000000000000e+00 0.000000000000000000e+00 0.000000000000000000e+00 0.000000000000000000e+00 0.000000000000000000e+00 0.000000000000000000e+00 0.000000000000000000e+00 0.000000000000000000e+00 nan nan nan nan nan nan nan nan nan nan nan nan nan nan nan nan nan nan 0.000000000000000000e+00
0.000000000000000000e+00 0.000000000000000000e+00 0.000000000000000000e+00 0.000000000000000000e+00 0.000000000000000000e+00 0.000000000000000000e+00 0.000000000000000000e+00 nan 0.000000000000000000e+00 nan nan nan nan nan nan nan nan nan nan nan nan nan nan nan nan nan nan 0.000000000000000000e+00
0.000000000000000000e+00 0.000000000000000000e+00 0.000000000000000000e+00 0.000000000000000000e+00 0.000000000000000000e+00 0.000000000000000000e+00 0.000000000000000000e+00 0.000000000000000000e+00 0.000000000000000000e+00 0.000000000000000000e+00 nan nan nan nan nan nan nan nan nan nan nan nan nan nan nan nan nan 0.000000000000000000e+00
0.000000000000000000e+00 0.000000000000000000e+00 0.000000000000000000e+00 0.000000000000000000e+00 0.000000000000000000e+00 0.000000000000000000e+00 0.000000000000000000e+00 nan 0.000000000000000000e+00 0.000000000000000000e+00 nan nan nan nan nan nan nan nan nan nan nan nan nan nan nan nan nan 0.000000000000000000e+00
0.000000000000000000e+00 0.000000000000000000e+00 0.000000000000000000e+00 0.000000000000000000e+00 0.000000000000000000e+00 0.000000000000000000e+00 0.000000000000000000e+00 0.000000000000000000e+00 1.252917515701734152e-01 0.000000000000000000e+00 nan nan nan nan nan nan nan nan nan nan nan nan nan nan nan nan nan 0.000000000000000000e+00
0.000000000000000000e+00 nan 0.000000000000000000e+00 0.000000000000000000e+00 0.000000000000000000e+00 0.000000000000000000e+00 0.000000000000000000e+00 1.622282443662114576e-02 5.293431798659091470e-02 4.497419774436631212e-02 nan nan nan nan nan nan nan nan nan nan nan nan nan nan nan nan nan 0.000000000000000000e+00
0.000000000000000000e+00 nan 0.000000000000000000e+00 0.000000000000000000e+00 nan 0.000000000000000000e+00 0.000000000000000000e+00 4.655675903376431390e-02 -4.556027958559676766e-02 2.044160399111115967e-01 nan nan nan nan nan nan nan nan nan nan nan nan nan nan nan nan nan 0.000000000000000000e+00
0.000000000000000000e+00 nan nan nan nan nan 0.000000000000000000e+00 6.855846931176197423e-02 -6.928702924114019113e-02 -1.748393124140940752e-02 nan nan nan nan nan nan nan nan nan nan nan nan nan nan nan nan nan 0.000000000000000000e+00
0.000000000000000000e+00 nan nan nan nan 0.000000000000000000e+00 0.000000000000000000e+00 4.155406680949484677e-02 1.961075587113606522e-01 -4.446950067259076156e-01 nan nan nan nan nan nan nan nan nan nan nan nan nan nan nan nan nan 0.000000000000000000e+00
0.000000000000000000e+00 nan nan nan nan 0.000000000000000000e+00 0.000000000000000000e+00 0.000000000000000000e+00 3.372577052757488314e-01 -4.161642040131771636e-01 -2.602412136204168211e-02 nan nan nan nan nan nan nan nan nan nan nan nan nan nan nan nan 0.000000000000000000e+00
0.000000000000000000e+00 nan nan nan nan 0.000000000000000000e+00 0.000000000000000000e+00 0.000000000000000000e+00 5.127711532798575472e-02 3.282978842618123894e-01 -5.795844157634519322e-02 -6.403181381624492019e-01 nan nan nan nan nan nan nan nan nan nan nan nan nan nan nan 0.000000000000000000e+00
0.000000000000000000e+00 nan nan nan 0.000000000000000000e+00 0.000000000000000000e+00 0.000000000000000000e+00 0.000000000000000000e+00 2.704722784359786872e-03 4.374363929539252377e-02 2.364696289876805357e-01 4.226517182818263774e-02 -2.621979836129055275e-01 -3.298449972262290641e-01 -1.061517270503938154e-01 nan nan nan nan nan nan nan nan nan nan nan nan 0.000000000000000000e+00
0.000000000000000000e+00 nan nan nan nan 0.000000000000000000e+00 0.000000000000000000e+00 0.000000000000000000e+00 0.000000000000000000e+00 0.000000000000000000e+00 nan 8.732410545035831917e-02 5.168019646480973700e-02 -1.902453945196016794e-01 -2.854266863668400780e-02 nan nan nan nan nan nan nan nan nan nan nan nan 0.000000000000000000e+00
0.000000000000000000e+00 nan nan nan nan nan 0.000000000000000000e+00 0.000000000000000000e+00 0.000000000000000000e+00 0.000000000000000000e+00 0.000000000000000000e+00 1.401952927975319563e-02 8.775548608907679515e-02 1.397727340657110573e-01 -2.236866007090076713e-01 -1.212221894332811828e-01 nan nan nan nan nan nan nan nan nan nan nan 0.000000000000000000e+00
0.000000000000000000e+00 nan nan nan nan nan nan 0.000000000000000000e+00 0.000000000000000000e+00 0.000000000000000000e+00 0.000000000000000000e+00 0.000000000000000000e+00 1.252730253861263944e-02 1.254344423678752096e-01 8.167412420700963238e-02 -8.731150856637488744e-02 1.120821972056805366e-01 -2.176339759004265045e-02 -4.881299841496528763e-02 nan nan nan nan nan nan nan nan 0.000000000000000000e+00
0.000000000000000000e+00 nan nan nan nan nan nan 0.000000000000000000e+00 0.000000000000000000e+00 0.000000000000000000e+00 0.000000000000000000e+00 0.000000000000000000e+00 0.000000000000000000e+00 2.983368792788690729e-02 2.125923091064045589e-01 1.912469858773556408e-01 -3.842039487087710037e-01 -1.264348923694080806e-01 -2.891295522257685772e-03 1.015707643115899006e-01 1.877923891154368863e-01 -3.274038957552740103e-01 nan nan nan nan nan 0.000000000000000000e+00
0.000000000000000000e+00 nan nan nan nan nan nan nan 0.000000000000000000e+00 0.000000000000000000e+00 0.000000000000000000e+00 0.000000000000000000e+00 0.000000000000000000e+00 0.000000000000000000e+00 0.000000000000000000e+00 1.647064730652627318e-01 1.111358293592918239e-01 -7.196432723547570298e-02 -2.258011456873837974e-01 -1.520677995849876174e-01 -2.781553254204915948e-02 1.531527965238792810e-01 -1.256583416371036266e-02 nan nan nan 0.000000000000000000e+00 0.000000000000000000e+00
0.000000000000000000e+00 nan nan nan nan nan nan nan nan 0.000000000000000000e+00 0.000000000000000000e+00 0.000000000000000000e+00 0.000000000000000000e+00 0.000000000000000000e+00 0.000000000000000000e+00 9.252647719554701541e-03 1.169852691110815912e-01 7.164388556597646451e-02 6.820920063377767725e-03 -2.682155279604411247e-01 -5.619809647426921712e-02 -1.250694059737820184e-02 -8.975228254740405531e-02 4.521329438939234065e-03 nan nan 0.000000000000000000e+00 0.000000000000000000e+00
0.000000000000000000e+00 nan nan nan nan nan nan nan nan nan 0.000000000000000000e+00 0.000000000000000000e+00 0.000000000000000000e+00 0.000000000000000000e+00 0.000000000000000000e+00 0.000000000000000000e+00 0.000000000000000000e+00 1.559476903433086765e-02 7.849922097522123166e-02 2.493311785646154799e-01 4.212740349805548651e-02 -4.811131239126585635e-02 2.026231249199584097e-02 -1.157512661730810966e-01 -7.755550978489540725e-02 -6.393737741137168751e-01 0.000000000000000000e+00 0.000000000000000000e+00
0.000000000000000000e+00 nan nan nan nan nan nan nan nan nan nan nan 0.000000000000000000e+00 0.000000000000000000e+00 0.000000000000000000e+00 0.000000000000000000e+00 0.000000000000000000e+00 0.000000000000000000e+00 0.000000000000000000e+00 6.733279224215930892e-02 2.336297130912715070e-01 1.062263237683416933e-01 7.570770699810563942e-02 -1.192067047769153898e-01 6.740576787407130677e-02 -4.785094238564477909e-01 0.000000000000000000e+00 0.000000000000000000e+00
0.000000000000000000e+00 nan nan nan nan nan nan nan nan nan nan nan nan 0.000000000000000000e+00 0.000000000000000000e+00 0.000000000000000000e+00 0.000000000000000000e+00 0.000000000000000000e+00 0.000000000000000000e+00 0.000000000000000000e+00 6.026444894793466650e-02 5.769218394863681598e-02 9.263784105845021544e-02 3.148021537344064535e-02 4.056563728311628203e-02 -2.472153542184130914e-01 0.000000000000000000e+00 0.000000000000000000e+00
0.000000000000000000e+00 nan nan nan nan nan nan nan nan nan nan nan nan nan nan 0.000000000000000000e+00 0.000000000000000000e+00 0.000000000000000000e+00 0.000000000000000000e+00 0.000000000000000000e+00 0.000000000000000000e+00 5.706841806809922341e-02 1.091699407613191952e-01 8.675565501102842914e-02 -1.492128704036261959e-02 -2.745554474696423886e-01 0.000000000000000000e+00 0.000000000000000000e+00
0.000000000000000000e+00 nan nan nan nan nan nan nan nan nan nan nan nan nan nan nan nan 0.000000000000000000e+00 0.000000000000000000e+00 0.000000000000000000e+00 0.000000000000000000e+00 0.000000000000000000e+00 nan 5.675583194226896389e-02 9.544525235605090877e-03 -2.134239515377950314e-01 0.000000000000000000e+00 0.000000000000000000e+00
0.000000000000000000e+00 0.000000000000000000e+00 0.000000000000000000e+00 0.000000000000000000e+00 0.000000000000000000e+00 0.000000000000000000e+00 0.000000000000000000e+00 0.000000000000000000e+00 0.000000000000000000e+00 0.000000000000000000e+00 0.000000000000000000e+00 0.000000000000000000e+00 0.000000000000000000e+00 0.000000000000000000e+00 0.000000000000000000e+00 0.000000000000000000e+00 0.000000000000000000e+00 0.000000000000000000e+00 0.000000000000000000e+00 0.000000000000000000e+00 0.000000000000000000e+00 0.000000000000000000e+00 0.000000000000000000e+00 0.000000000000000000e+00 0.000000000000000000e+00 0.000000000000000000e+00 0.000000000000000000e+00 0.000000000000000000e+00
